2.2,0.48
3.4,0.52
4.6,0.52
5.8,0.52
6.9,0.57
8.1,0.52
9.2,0.57
10.3,0.57
11.4,0.57
12.5,0.57
13.6,0.57
14.7,0.57
15.7,0.63
16.8,0.57
17.9,0.57
18.9,0.63
20.0,0.57
21.1,0.57
22.3,0.52
23.4,0.57
24.6,0.52
25.8,0.52
26.9,0.57
28.0,0.57
29.1,0.57
30.2,0.57
31.2,0.63
32.3,0.57
33.3,0.63
34.3,0.63
35.4,0.57
36.4,0.63
37.4,0.63
38.5,0.57
39.5,0.63
40.5,0.63
41.6,0.57
42.6,0.63
43.7,0.57
44.7,0.63
45.7,0.63
46.8,0.57
47.8,0.63
48.8,0.63
49.8,0.63
50.9,0.57
51.9,0.63
53.0,0.57
54.1,0.57
55.2,0.57
56.2,0.63
57.3,0.57
58.3,0.63
59.4,0.57
60.5,0.57
61.6,0.57
62.6,0.63
63.7,0.57
64.8,0.57
65.9,0.57
67.0,0.57
68.0,0.63
69.1,0.57
70.2,0.57
71.3,0.57
72.4,0.57
73.5,0.57
74.5,0.63
75.6,0.57
76.7,0.57
77.7,0.63
78.7,0.63
79.8,0.57
80.8,0.63
81.8,0.63
82.9,0.57
83.9,0.63
84.9,0.63
85.9,0.63
86.9,0.63
88.0,0.57
89.0,0.63
90.0,0.63
91.1,0.57
92.2,0.57
93.2,0.63
94.3,0.57
95.4,0.57
96.5,0.57
97.5,0.63
98.6,0.57
99.7,0.57
100.8,0.57
101.9,0.57
102.9,0.63
104.0,0.57
105.1,0.57
106.1,0.63
107.2,0.57
108.3,0.57
109.4,0.57
110.5,0.57
111.7,0.52
112.8,0.57
114.0,0.52
115.2,0.52
116.3,0.57
117.5,0.52
118.6,0.57
119.7,0.57
120.8,0.57
121.9,0.57
123.0,0.57
124.1,0.57
125.2,0.57
126.2,0.63
127.3,0.57
128.4,0.57
129.5,0.57
130.7,0.52
131.9,0.52
133.1,0.52
134.2,0.57
135.3,0.57
136.4,0.57
137.5,0.57
138.6,0.57
139.7,0.57
140.8,0.57
141.9,0.57
143.0,0.57
144.1,0.57
145.1,0.63
146.2,0.57
147.3,0.57
148.4,0.57
149.6,0.52
150.7,0.57
151.8,0.57
153.0,0.52
154.1,0.57
155.2,0.57
156.4,0.52
157.5,0.57
158.5,0.63
159.6,0.57
160.7,0.57
161.8,0.57
162.9,0.57
164.0,0.57
165.1,0.57
166.2,0.57
167.3,0.57
168.4,0.57
169.4,0.63
170.6,0.52
171.7,0.57
172.8,0.57
173.8,0.63
174.9,0.57
176.0,0.57
177.0,0.63
178.1,0.57
179.2,0.57
180.2,0.63
181.3,0.57
182.4,0.57
183.5,0.57
184.6,0.57
185.7,0.57
186.7,0.63
187.8,0.57
188.9,0.57
190.0,0.57
191.0,0.63
192.1,0.57
193.1,0.63
194.2,0.57
195.2,0.63
196.3,0.57
197.4,0.57
198.5,0.57
199.6,0.57
200.7,0.57
201.8,0.57
202.8,0.63
203.9,0.57
204.9,0.63
206.0,0.57
207.0,0.63
208.1,0.57
209.2,0.57
210.3,0.57
211.4,0.57
212.5,0.57
213.6,0.57
214.8,0.52
215.9,0.57
217.0,0.57
218.1,0.57
219.3,0.52
220.4,0.57
221.6,0.52
222.8,0.52
224.0,0.52
225.2,0.52
226.5,0.48
227.7,0.52
228.9,0.52
230.2,0.48
231.5,0.48
232.8,0.48
234.1,0.48
235.4,0.48
236.6,0.52
237.9,0.48
239.2,0.48
240.4,0.52
241.8,0.45
243.1,0.48
244.5,0.45
245.8,0.48
247.2,0.45
248.5,0.48
249.9,0.45
251.2,0.48
252.5,0.48
253.8,0.48
255.1,0.48
256.4,0.48
257.7,0.48
259.0,0.48
260.2,0.52
261.5,0.48
262.7,0.52
264.0,0.48
265.2,0.52
266.5,0.48
267.7,0.52
269.0,0.48
270.3,0.48
271.6,0.48
272.9,0.48
274.2,0.48
275.4,0.52
276.7,0.48
278.0,0.48
279.3,0.48
280.6,0.48
281.9,0.48
283.2,0.48
284.5,0.48
285.7,0.52
287.1,0.45
288.3,0.52
289.6,0.48
290.9,0.48
292.2,0.48
293.4,0.52
294.7,0.48
296.1,0.45
297.4,0.48
298.8,0.45
300.2,0.45
301.6,0.45
302.9,0.48
304.3,0.45
305.6,0.48
306.9,0.48
308.2,0.48
309.5,0.48
310.8,0.48
312.1,0.48
313.4,0.48
314.8,0.45
316.1,0.48
317.4,0.48
318.7,0.48
320.1,0.45
321.4,0.48
322.8,0.45
324.2,0.45
325.5,0.48
326.9,0.45
328.3,0.45
329.7,0.45
331.2,0.42
332.6,0.45
334.1,0.42
335.4,0.48
336.8,0.45
338.1,0.48
339.4,0.48
340.8,0.45
342.1,0.48
343.4,0.48
344.7,0.48
346.1,0.45
347.4,0.48
348.8,0.45
350.2,0.45
351.5,0.48
352.8,0.48
354.1,0.48
355.4,0.48
356.7,0.48
358.0,0.48
359.3,0.48
360.6,0.48
362.0,0.45
363.3,0.48
364.6,0.48
366.0,0.45
367.3,0.48
368.7,0.45
370.0,0.48
371.4,0.45
372.8,0.45
374.2,0.45
375.6,0.45
377.0,0.45
378.4,0.45
379.7,0.48
381.1,0.45
382.4,0.48
383.8,0.45
385.0,0.52
386.3,0.48
387.6,0.48
388.9,0.48
390.3,0.45
391.7,0.45
393.1,0.45
394.5,0.45
395.9,0.45
397.3,0.45
398.7,0.45
400.0,0.48
401.4,0.45
402.7,0.48
404.1,0.45
405.5,0.45
406.9,0.45
408.3,0.45
409.8,0.42
411.1,0.48
412.4,0.48
413.8,0.45
415.1,0.48
416.4,0.48
417.8,0.45
419.0,0.52
420.3,0.48
421.6,0.48
422.9,0.48
424.2,0.48
425.5,0.48
426.9,0.45
428.2,0.48
429.7,0.42
431.2,0.42
432.6,0.45
433.9,0.48
435.2,0.48
436.5,0.48
437.8,0.48
439.1,0.48
440.5,0.45
441.8,0.48
443.1,0.48
444.5,0.45
445.9,0.45
447.2,0.48
448.5,0.48
449.8,0.48
451.2,0.45
452.6,0.45
453.9,0.48
455.3,0.45
456.8,0.42
458.2,0.45
459.5,0.48
460.7,0.52
462.0,0.48
463.3,0.48
464.7,0.45
466.0,0.48
467.3,0.48
468.7,0.45
470.1,0.45
471.5,0.45
472.9,0.45
474.3,0.45
475.7,0.45
477.0,0.48
478.4,0.45
479.7,0.48
481.0,0.48
482.4,0.45
483.8,0.45
485.1,0.48
486.4,0.48
487.8,0.45
489.1,0.48
490.5,0.45
491.8,0.48
493.1,0.48
494.4,0.48
495.8,0.45
497.1,0.48
498.5,0.45
499.9,0.45
501.4,0.42
502.8,0.45
504.1,0.48
505.5,0.45
506.9,0.45
508.2,0.48
509.6,0.45
510.9,0.48
512.2,0.48
513.5,0.48
514.9,0.45
516.2,0.48
517.6,0.45
518.9,0.48
520.2,0.48
521.5,0.48
522.9,0.45
524.4,0.42
525.8,0.45
527.2,0.45
528.5,0.48
530.0,0.42
531.4,0.45
532.8,0.45
534.2,0.45
535.6,0.45
537.0,0.45
538.3,0.48
539.7,0.45
541.1,0.45
542.5,0.45
543.9,0.45
545.3,0.45
546.6,0.48
548.1,0.42
549.5,0.45
551.0,0.42
552.4,0.45
553.8,0.45
555.2,0.45
556.6,0.45
557.9,0.48
559.3,0.45
560.6,0.48
561.9,0.48
563.3,0.45
564.8,0.42
566.2,0.45
567.7,0.42
569.1,0.45
570.5,0.45
571.9,0.45
573.2,0.48
574.5,0.48
575.9,0.45
577.2,0.48
578.5,0.48
579.7,0.52
581.0,0.48
582.3,0.48
583.7,0.45
585.1,0.45
586.5,0.45
587.9,0.45
589.3,0.45
590.7,0.45
592.1,0.45
593.5,0.45
594.9,0.45
596.2,0.48
597.6,0.45
599.0,0.45
600.4,0.45
601.9,0.42
603.3,0.45
604.7,0.45
606.1,0.45
607.5,0.45
608.8,0.48
610.1,0.48
611.5,0.45
612.9,0.45
614.2,0.48
615.6,0.45
617.1,0.42
618.5,0.45
619.8,0.48
621.2,0.45
622.5,0.48
623.9,0.45
625.3,0.45
626.6,0.48
628.0,0.45
629.4,0.45
630.8,0.45
632.2,0.45
633.5,0.48
634.8,0.48
636.1,0.48
637.4,0.48
638.7,0.48
640.1,0.45
641.5,0.45
642.8,0.48
644.1,0.48
645.4,0.48
646.7,0.48
648.1,0.45
649.5,0.45
650.9,0.45
652.2,0.48
653.6,0.45
655.0,0.45
656.4,0.45
657.8,0.45
659.1,0.48
660.5,0.45
661.8,0.48
663.2,0.45
664.6,0.45
665.9,0.48
667.3,0.45
668.7,0.45
670.1,0.45
671.6,0.42
673.0,0.45
674.4,0.45
675.7,0.48
677.1,0.45
678.5,0.45
680.0,0.42
681.4,0.45
682.8,0.45
684.3,0.42
685.8,0.42
687.3,0.42
688.7,0.45
690.1,0.45
691.6,0.42
693.0,0.45
694.4,0.45
695.8,0.45
697.2,0.45
698.5,0.48
699.9,0.45
701.3,0.45
702.6,0.48
704.0,0.45
705.3,0.48
706.7,0.45
708.0,0.48
709.3,0.48
710.7,0.45
712.0,0.48
713.4,0.45
714.8,0.45
716.2,0.45
717.6,0.45
719.0,0.45
720.3,0.48
721.8,0.42
723.2,0.45
724.6,0.45
726.0,0.45
727.4,0.45
728.7,0.48
730.1,0.45
731.5,0.45
732.8,0.48
734.2,0.45
735.6,0.45
737.0,0.45
738.4,0.45
739.8,0.45
741.2,0.45
742.5,0.48
743.9,0.45
745.4,0.42
746.7,0.48
748.0,0.48
749.4,0.45
750.8,0.45
752.1,0.48
753.5,0.45
754.9,0.45
756.4,0.42
757.8,0.45
759.2,0.45
760.6,0.45
762.0,0.45
763.3,0.48
764.6,0.48
766.0,0.45
767.4,0.45
768.8,0.45
770.2,0.45
771.5,0.48
772.9,0.45
774.3,0.45
775.7,0.45
777.0,0.48
778.4,0.45
779.7,0.48
781.1,0.45
782.5,0.45
783.9,0.45
785.2,0.48
786.6,0.45
787.9,0.48
789.3,0.45
790.7,0.45
792.1,0.45
793.5,0.45
794.9,0.45
796.3,0.45
797.7,0.45
799.0,0.48
800.4,0.45
801.7,0.48
803.0,0.48
804.3,0.48
805.7,0.45
807.0,0.48
808.4,0.45
809.7,0.48
811.1,0.45
812.6,0.42
813.8,0.52
815.0,0.52
816.2,0.52
817.4,0.52
818.5,0.57
819.7,0.52
820.9,0.52
822.1,0.52
823.3,0.52
824.5,0.52
825.7,0.52
826.9,0.52
828.0,0.57
829.3,0.48
830.5,0.52
831.7,0.52
832.9,0.52
834.1,0.52
835.3,0.52
836.5,0.52
837.6,0.57
838.9,0.48
840.1,0.52
841.4,0.48
842.6,0.52
843.8,0.52
845.0,0.52
846.2,0.52
847.4,0.52
848.6,0.52
849.8,0.52
851.0,0.52
852.2,0.52
853.5,0.48
854.7,0.52
856.0,0.48
857.3,0.48
858.7,0.45
860.0,0.48
861.4,0.45
862.8,0.45
864.1,0.48
865.4,0.48
866.7,0.48
868.0,0.48
869.4,0.45
870.7,0.48
871.9,0.52
873.2,0.48
874.6,0.45
875.8,0.52
877.1,0.48
878.4,0.48
879.6,0.52
881.0,0.45
882.3,0.48
883.6,0.48
884.9,0.48
886.1,0.52
887.4,0.48
888.6,0.52
889.9,0.48
891.2,0.48
892.5,0.48
893.8,0.48
895.1,0.48
896.5,0.45
897.8,0.48
899.1,0.48
900.4,0.48
901.6,0.52
902.9,0.48
904.2,0.48
905.5,0.48
906.8,0.48
908.0,0.52
909.3,0.48
910.6,0.48
911.9,0.48
913.2,0.48
914.6,0.45
916.0,0.45
917.3,0.48
918.7,0.45
920.1,0.45
921.5,0.45
923.0,0.42
924.5,0.42
926.1,0.39
927.6,0.42
929.1,0.42
930.6,0.42
932.1,0.42
933.5,0.45
935.0,0.42
936.5,0.42
937.9,0.45
939.4,0.42
940.9,0.42
942.3,0.45
943.8,0.42
945.3,0.42
946.7,0.45
948.1,0.45
949.6,0.42
951.1,0.42
952.6,0.42
954.0,0.45
955.4,0.45
956.8,0.45
958.2,0.45
959.6,0.45
961.1,0.42
962.5,0.45
964.0,0.42
965.5,0.42
966.9,0.45
968.4,0.42
969.9,0.42
971.4,0.42
972.9,0.42
974.4,0.42
975.8,0.45
977.3,0.42
978.8,0.42
980.4,0.39
981.9,0.42
983.4,0.42
984.9,0.42
986.4,0.42
987.9,0.42
989.4,0.42
990.9,0.42
992.3,0.45
993.8,0.42
995.2,0.45
996.6,0.45
998.1,0.42
999.6,0.42
1001.1,0.42
1002.6,0.42
1004.1,0.42
1005.5,0.45
1007.0,0.42
1008.5,0.42
1010.0,0.42
1011.5,0.42
1012.9,0.45
1014.4,0.42
1015.8,0.45
1017.3,0.42
1018.8,0.42
1020.4,0.39
1021.9,0.42
1023.5,0.39
1025.0,0.42
1026.6,0.39
1028.1,0.42
1029.5,0.45
1030.9,0.45
1032.3,0.45
1033.7,0.45
1035.1,0.45
1036.7,0.39
1038.2,0.42
1039.8,0.39
1041.3,0.42
1042.8,0.42
1044.3,0.42
1045.8,0.42
1047.4,0.39
1048.9,0.42
1050.4,0.42
1051.9,0.42
1053.3,0.45
1054.8,0.42
1056.3,0.42
1057.8,0.42
1059.3,0.42
1060.8,0.42
1062.3,0.42
1063.8,0.42
1065.2,0.45
1066.6,0.45
1068.1,0.42
1069.6,0.42
1071.1,0.42
1072.6,0.42
1074.1,0.42
1075.7,0.39
1077.2,0.42
1078.7,0.42
1080.2,0.42
1081.7,0.42
1083.3,0.39
1084.8,0.42
1086.3,0.42
1087.9,0.39
1089.5,0.39
1090.9,0.45
1092.4,0.42
1093.9,0.42
1095.3,0.45
1096.8,0.42
1098.3,0.42
1099.8,0.42
1101.2,0.45
1102.8,0.39
1104.3,0.42
1105.9,0.39
1107.5,0.39
1109.0,0.42
1110.5,0.42
1112.0,0.42
1113.5,0.42
1115.0,0.42
1116.5,0.42
1118.0,0.42
1119.5,0.42
1121.0,0.42
1122.5,0.42
1124.0,0.42
1125.5,0.42
1127.1,0.39
1128.7,0.39
1130.3,0.39
1131.9,0.39
1133.4,0.42
1135.0,0.39
1136.5,0.42
1138.1,0.39
1139.7,0.39
1141.2,0.42
1142.8,0.39
1144.3,0.42
1145.8,0.42
1147.5,0.37
1149.2,0.37
1150.8,0.39
1152.4,0.39
1153.9,0.42
1155.5,0.39
1157.0,0.42
1158.5,0.42
1160.0,0.42
1161.6,0.39
1163.3,0.37
1164.9,0.39
1166.6,0.37
1168.3,0.37
1170.0,0.37
1171.6,0.39
1173.3,0.37
1174.8,0.42
1176.4,0.39
1178.0,0.39
1179.5,0.42
1181.0,0.42
1182.6,0.39
1184.2,0.39
1185.7,0.42
1187.2,0.42
1188.8,0.39
1190.4,0.39
1192.0,0.39
1193.5,0.42
1195.0,0.42
1196.6,0.39
1198.1,0.42
1199.7,0.39
1201.4,0.37
1203.0,0.39
1204.5,0.42
1206.1,0.39
1207.7,0.39
1209.2,0.42
1210.7,0.42
1212.2,0.42
1213.6,0.45
1215.2,0.39
1216.7,0.42
1218.2,0.42
1219.6,0.45
1221.2,0.39
1222.7,0.42
1224.2,0.42
1225.8,0.39
1227.4,0.39
1228.9,0.42
1230.5,0.39
1232.0,0.42
1233.5,0.42
1235.0,0.42
1236.6,0.39
1238.2,0.39
1239.8,0.39
1241.4,0.39
1243.0,0.39
1244.5,0.42
1246.0,0.42
1247.5,0.42
1249.0,0.42
1250.6,0.39
1252.0,0.45
1253.5,0.42
1255.0,0.42
1256.5,0.42
1258.0,0.42
1259.5,0.42
1261.1,0.39
1262.6,0.42
1264.1,0.42
1265.7,0.39
1267.2,0.42
1268.7,0.42
1270.2,0.42
1271.8,0.39
1273.4,0.39
1274.9,0.42
1276.4,0.42
1277.8,0.45
1279.2,0.45
1280.6,0.45
1282.0,0.45
1283.5,0.42
1285.0,0.42
1286.4,0.45
1287.9,0.42
1289.5,0.39
1291.1,0.39
1292.6,0.42
1294.2,0.39
1295.7,0.42
1297.2,0.42
1298.6,0.45
1300.0,0.45
1301.5,0.42
1302.9,0.45
1304.3,0.45
1305.7,0.45
1307.2,0.42
1308.7,0.42
1310.2,0.42
1311.7,0.42
1313.2,0.42
1314.7,0.42
1316.2,0.42
1317.7,0.42
1319.2,0.42
1320.7,0.42
1322.2,0.42
1323.7,0.42
1325.2,0.42
1326.8,0.39
1328.4,0.39
1329.9,0.42
1331.5,0.39
1333.0,0.42
1334.5,0.42
1336.0,0.42
1337.5,0.42
1339.0,0.42
1340.5,0.42
1342.0,0.42
1343.5,0.42
1345.0,0.42
1346.5,0.42
1348.1,0.39
1349.7,0.39
1351.2,0.42
1352.8,0.39
1354.5,0.37
1356.0,0.42
1357.6,0.39
1359.1,0.42
1360.6,0.42
1362.2,0.39
1363.7,0.42
1365.2,0.42
1366.8,0.39
1368.3,0.42
1369.8,0.42
1371.3,0.42
1372.8,0.42
1374.3,0.42
1375.8,0.42
1377.2,0.45
1378.7,0.42
1380.2,0.42
1381.6,0.45
1383.1,0.42
1384.6,0.42
1386.0,0.45
1387.5,0.42
1389.0,0.42
1390.4,0.45
1391.9,0.42
1393.3,0.45
1394.7,0.45
1396.1,0.45
1397.5,0.45
1398.9,0.45
1400.5,0.39
1401.9,0.45
1403.3,0.45
1404.8,0.42
1406.2,0.45
1407.7,0.42
1409.1,0.45
1410.6,0.42
1412.1,0.42
1413.5,0.45
1415.0,0.42
1416.5,0.42
1418.1,0.39
1419.6,0.42
1421.1,0.42
1422.6,0.42
1424.1,0.42
1425.6,0.42
1427.1,0.42
1428.6,0.42
1430.3,0.37
1431.8,0.42
1433.4,0.39
1434.9,0.42
1436.4,0.42
1437.8,0.45
1439.3,0.42
1440.8,0.42
1442.3,0.42
1443.8,0.42
1445.4,0.39
1447.0,0.39
1448.5,0.42
1450.1,0.39
1451.6,0.42
1453.1,0.42
1454.6,0.42
1456.1,0.42
1457.5,0.45
1459.0,0.42
1460.5,0.42
1462.0,0.42
1463.5,0.42
1464.9,0.45
1466.4,0.42
1467.8,0.45
1469.3,0.42
1470.7,0.45
1472.3,0.39
1473.8,0.42
1475.3,0.42
1476.8,0.42
1478.3,0.42
1479.8,0.42
1481.3,0.42
1482.9,0.39
1484.4,0.42
1486.0,0.39
1487.5,0.42
1489.1,0.39
1490.6,0.42
1492.0,0.45
1493.5,0.42
1495.0,0.42
1496.4,0.45
1497.9,0.42
1499.3,0.45
1500.8,0.42
1502.3,0.42
1503.9,0.39
1505.4,0.42
1506.9,0.42
1508.4,0.42
1509.9,0.42
1511.4,0.42
1512.9,0.42
1514.4,0.42
1515.9,0.42
1517.4,0.42
1518.8,0.45
1520.3,0.42
1521.7,0.45
1523.1,0.45
1524.6,0.42
1526.1,0.42
1527.7,0.39
1529.1,0.45
1530.6,0.42
1532.1,0.42
1533.5,0.45
1534.9,0.45
1536.3,0.45
1537.7,0.45
1539.1,0.45
1540.5,0.45
1541.8,0.48
1543.1,0.48
1544.4,0.48
1545.7,0.48
1547.0,0.48
1548.3,0.48
1549.6,0.48
1550.9,0.48
1552.1,0.52
1553.4,0.48
1554.6,0.52
1555.9,0.48
1557.1,0.52
1558.4,0.48
1559.7,0.48
1561.0,0.48
1562.3,0.48
1563.5,0.52
1564.8,0.48
1566.1,0.48
1567.4,0.48
1568.7,0.48
1570.1,0.45
1571.4,0.48
1572.7,0.48
1574.1,0.45
1575.6,0.42
1577.0,0.45
1578.5,0.42
1580.0,0.42
1581.4,0.45
1582.9,0.42
1584.2,0.48
1585.6,0.45
1587.0,0.45
1588.4,0.45
1589.8,0.45
1591.1,0.48
1592.5,0.45
1593.8,0.48
1595.2,0.45
1596.6,0.45
1598.0,0.45
1599.4,0.45
1600.9,0.42
1602.4,0.42
1603.9,0.42
1605.4,0.42
1606.9,0.42
1608.4,0.42
1610.0,0.39
1611.5,0.42
1613.1,0.39
1614.6,0.42
1616.2,0.39
1617.7,0.42
1619.2,0.42
1620.8,0.39
1622.5,0.37
1624.1,0.39
1625.7,0.39
1627.2,0.42
1628.8,0.39
1630.4,0.39
1631.8,0.45
1633.3,0.42
1634.8,0.42
1636.3,0.42
1637.8,0.42
1639.4,0.39
1640.9,0.42
1642.4,0.42
1644.1,0.37
1645.7,0.39
1647.3,0.39
1648.8,0.42
1650.3,0.42
1651.9,0.39
1653.5,0.39
1655.0,0.42
1656.6,0.39
1658.2,0.39
1659.8,0.39
1661.3,0.42
1662.8,0.42
1664.3,0.42
1665.8,0.42
1667.4,0.39
1669.0,0.39
1670.6,0.39
1672.2,0.39
1673.7,0.42
1675.2,0.42
1676.9,0.37
1678.6,0.37
1680.2,0.39
1681.7,0.42
1683.2,0.42
1684.7,0.42
1686.3,0.39
1687.8,0.42
1689.4,0.39
1691.1,0.37
1692.8,0.37
1694.5,0.37
1696.1,0.39
1697.6,0.42
1699.2,0.39
1700.8,0.39
1702.3,0.42
1703.9,0.39
1705.5,0.39
1707.1,0.39
1708.8,0.37
1710.5,0.37
1712.2,0.37
1713.8,0.39
1715.3,0.42
1716.9,0.39
1718.5,0.39
1720.1,0.39
1721.6,0.42
1723.2,0.39
1724.8,0.39
1726.5,0.37
1728.2,0.37
1730.0,0.35
1731.7,0.37
1733.5,0.35
1735.1,0.39
1736.9,0.35
1738.7,0.35
1740.4,0.37
1742.0,0.39
1743.6,0.39
1745.2,0.39
1746.8,0.39
1748.3,0.42
1749.9,0.39
1751.5,0.39
1753.0,0.42
1754.6,0.39
1756.3,0.37
1757.8,0.42
1759.3,0.42
1760.8,0.42
1762.3,0.42
1763.9,0.39
1765.4,0.42
1767.0,0.39
1768.6,0.39
1770.1,0.42
1771.7,0.39
1773.2,0.42
1774.8,0.39
1776.4,0.39
1778.1,0.37
1779.6,0.42
1781.2,0.39
1782.8,0.39
1784.4,0.39
1785.9,0.42
1787.5,0.39
1789.1,0.39
1790.7,0.39
1792.2,0.42
1793.8,0.39
1795.4,0.39
1796.9,0.42
1798.4,0.42
1800.0,0.39
1801.5,0.42
1803.0,0.42
1804.6,0.39
1806.2,0.39
1807.8,0.39
1809.3,0.42
1810.8,0.42
1812.3,0.42
1813.8,0.42
1815.4,0.39
1817.1,0.37
1818.7,0.39
1820.4,0.37
1822.0,0.39
1823.6,0.39
1825.2,0.39
1826.8,0.39
1828.5,0.37
1830.2,0.37
1831.9,0.37
1833.6,0.37
1835.2,0.39
1836.8,0.39
1838.3,0.42
1840.0,0.37
1841.6,0.39
1843.3,0.37
1844.9,0.39
1846.5,0.39
1848.1,0.39
1849.7,0.39
1851.3,0.39
1852.9,0.39
1854.5,0.39
1856.1,0.39
1857.6,0.42
1859.2,0.39
1860.7,0.42
1862.2,0.42
1863.7,0.42
1865.3,0.39
1866.9,0.39
1868.7,0.35
1870.4,0.37
1872.2,0.35
1873.9,0.37
1875.5,0.39
1877.2,0.37
1878.8,0.39
1880.5,0.37
1882.1,0.39
1883.8,0.37
1885.4,0.39
1887.0,0.39
1888.7,0.37
1890.3,0.39
1891.9,0.39
1893.5,0.39
1895.1,0.39
1896.7,0.39
1898.3,0.39
1899.9,0.39
1901.5,0.39
1903.0,0.42
1904.6,0.39
1906.1,0.42
1907.7,0.39
1909.3,0.39
1910.9,0.39
1912.5,0.39
1914.1,0.39
1915.7,0.39
1917.2,0.42
1918.6,0.45
1920.0,0.45
1921.5,0.42
1922.9,0.45
1924.3,0.45
1925.8,0.42
1927.4,0.39
1929.0,0.39
1930.6,0.39
1932.2,0.39
1933.8,0.39
1935.5,0.37
1937.0,0.42
1938.6,0.39
1940.1,0.42
1941.6,0.42
1943.2,0.39
1944.8,0.39
1946.3,0.42
1948.0,0.37
1949.6,0.39
1951.2,0.39
1952.7,0.42
1954.2,0.42
1955.8,0.39
1957.4,0.39
1959.0,0.39
1960.5,0.42
1962.1,0.39
1963.7,0.39
1965.2,0.42
1966.8,0.39
1968.3,0.42
1969.9,0.39
1971.6,0.37
1973.3,0.37
1974.9,0.39
1976.4,0.42
1977.9,0.42
1979.4,0.42
1980.9,0.42
1982.4,0.42
1984.0,0.39
1985.5,0.42
1987.1,0.39
1988.6,0.42
1990.2,0.39
1991.8,0.39
1993.4,0.39
1995.0,0.39
1996.6,0.39
1998.2,0.39
1999.8,0.39
2001.5,0.37
2003.0,0.42
2004.5,0.42
2006.0,0.42
2007.6,0.39
2009.2,0.39
2010.8,0.39
2012.5,0.37
2014.0,0.42
2015.6,0.39
2017.2,0.39
2018.8,0.39
2020.4,0.39
2022.0,0.39
2023.5,0.42
2025.1,0.39
2026.7,0.39
2028.3,0.39
2029.9,0.39
2031.5,0.39
2033.1,0.39
2034.7,0.39
2036.3,0.39
2038.0,0.37
2039.6,0.39
2041.3,0.37
2042.9,0.39
2044.4,0.42
2045.9,0.42
2047.5,0.39
2049.0,0.42
2050.6,0.39
2052.2,0.39
2053.8,0.39
2055.4,0.39
2057.1,0.37
2058.8,0.37
2060.4,0.39
2062.0,0.39
2063.6,0.39
2065.1,0.42
2066.7,0.39
2068.2,0.42
2069.7,0.42
2071.3,0.39
2072.9,0.39
2074.6,0.37
2076.3,0.37
2077.9,0.39
2079.5,0.39
2081.1,0.39
2082.7,0.39
2084.3,0.39
2085.9,0.39
2087.4,0.42
2089.0,0.39
2090.7,0.37
2092.3,0.39
2093.8,0.42
2095.4,0.39
2096.9,0.42
2098.5,0.39
2100.1,0.39
2101.7,0.39
2103.2,0.42
2104.9,0.37
2106.5,0.39
2108.1,0.39
2109.6,0.42
2111.2,0.39
2112.9,0.37
2114.6,0.37
2116.3,0.37
2117.9,0.39
2119.5,0.39
2121.1,0.39
2122.6,0.42
2124.2,0.39
2125.8,0.39
2127.3,0.42
2128.9,0.39
2130.5,0.39
2132.1,0.39
2133.7,0.39
2135.4,0.37
2137.0,0.39
2138.6,0.39
2140.2,0.39
2141.8,0.39
2143.3,0.42
2144.8,0.42
2146.4,0.39
2147.9,0.42
2149.4,0.42
2150.9,0.42
2152.5,0.39
2154.1,0.39
2155.7,0.39
2157.3,0.39
2158.8,0.42
2160.4,0.39
2162.0,0.39
2163.6,0.39
2165.2,0.39
2166.8,0.39
2168.4,0.39
2170.0,0.39
2171.5,0.42
2173.1,0.39
2174.7,0.39
2176.2,0.42
2177.7,0.42
2179.2,0.42
2180.8,0.39
2182.5,0.37
2184.2,0.37
2185.8,0.39
2187.5,0.37
2189.3,0.35
2191.0,0.37
2192.6,0.39
2194.2,0.39
2195.8,0.39
2197.4,0.39
2198.9,0.42
2200.4,0.42
2201.8,0.45
2203.2,0.45
2204.8,0.39
2206.4,0.39
2207.8,0.45
2209.2,0.45
2210.7,0.42
2212.0,0.48
2213.3,0.48
2214.6,0.48
2215.9,0.48
2217.2,0.48
2218.5,0.48
2219.8,0.48
2221.1,0.48
2222.4,0.48
2223.8,0.45
2225.3,0.42
2226.8,0.42
2228.3,0.42
2229.7,0.45
2231.1,0.45
2232.5,0.45
2233.8,0.48
2235.2,0.45
2236.7,0.42
2238.2,0.42
2239.7,0.42
2241.2,0.42
2242.6,0.45
2244.0,0.45
2245.3,0.48
2246.7,0.45
2248.0,0.48
2249.4,0.45
2250.7,0.48
2252.1,0.45
2253.4,0.48
2254.8,0.45
2256.2,0.45
2257.6,0.45
2259.0,0.45
2260.4,0.45
2262.1,0.37
2263.7,0.39
2265.3,0.39
2266.8,0.42
2268.3,0.42
2269.9,0.39
2271.5,0.39
2272.9,0.45
2274.4,0.42
2275.9,0.42
2277.3,0.45
2278.6,0.48
2279.9,0.48
2281.2,0.48
2282.6,0.45
2283.9,0.48
2285.3,0.45
2286.7,0.45
2288.1,0.45
2289.6,0.42
2291.0,0.45
2292.6,0.39
2294.1,0.42
2295.7,0.39
2297.3,0.39
2298.9,0.39
2300.6,0.37
2302.2,0.39
2303.8,0.39
2305.4,0.39
2307.1,0.37
2309.1,0.31
2311.3,0.29
2313.1,0.35
2314.9,0.35
2316.5,0.39
2318.1,0.39
2319.7,0.39
2321.3,0.39
2322.9,0.39
2324.4,0.42
2326.0,0.39
2327.6,0.39
2329.1,0.42
2330.6,0.42
2332.2,0.39
2333.8,0.39
2335.4,0.39
2337.0,0.39
2338.6,0.39
2340.2,0.39
2341.8,0.39
2343.3,0.42
2344.9,0.39
2346.4,0.42
2347.9,0.42
2349.4,0.42
2351.0,0.39
2352.6,0.39
2354.1,0.42
2355.7,0.39
2357.3,0.39
2358.9,0.39
2360.4,0.42
2362.0,0.39
2363.6,0.39
2365.1,0.42
2366.7,0.39
2368.4,0.37
2370.1,0.37
2371.8,0.37
2373.4,0.39
2375.1,0.37
2376.8,0.37
2378.4,0.39
2380.1,0.37
2381.8,0.37
2383.5,0.37
2385.1,0.39
2386.6,0.42
2388.2,0.39
2389.8,0.39
2391.4,0.39
2392.9,0.42
2394.5,0.39
2396.0,0.42
2397.6,0.39
2399.2,0.39
2400.8,0.39
2402.4,0.39
2404.0,0.39
2405.6,0.39
2407.3,0.37
2409.1,0.35
2410.8,0.37
2412.4,0.39
2414.0,0.39
2415.7,0.37
2417.3,0.39
2418.9,0.39
2420.5,0.39
2422.0,0.42
2423.6,0.39
2425.1,0.42
2426.7,0.39
2428.3,0.39
2430.0,0.37
2431.7,0.37
2433.3,0.39
2434.9,0.39
2436.5,0.39
2438.1,0.39
2439.7,0.39
2441.3,0.39
2442.9,0.39
2444.5,0.39
2446.0,0.42
2447.5,0.42
2449.0,0.42
2450.5,0.42
2452.0,0.42
2453.6,0.39
2455.1,0.42
2456.6,0.42
2458.2,0.39
2459.8,0.39
2461.5,0.37
2463.1,0.39
2464.7,0.39
2466.3,0.39
2467.9,0.39
2469.5,0.39
2471.2,0.37
2472.7,0.42
2474.3,0.39
2475.9,0.39
2477.5,0.39
2479.1,0.39
2480.7,0.39
2482.3,0.39
2483.9,0.39
2485.5,0.39
2487.2,0.37
2488.9,0.37
2490.6,0.37
2492.3,0.37
2494.0,0.37
2495.6,0.39
2497.2,0.39
2498.7,0.42
2500.4,0.37
2502.1,0.37
2503.8,0.37
2505.4,0.39
2507.0,0.39
2508.6,0.39
2510.3,0.37
2511.9,0.39
2513.6,0.37
2515.2,0.39
2516.9,0.37
2518.5,0.39
2520.1,0.39
2521.7,0.39
2523.3,0.39
2524.9,0.39
2526.5,0.39
2528.1,0.39
2529.7,0.39
2531.3,0.39
2532.8,0.42
2534.4,0.39
2535.9,0.42
2537.4,0.42
2539.0,0.39
2540.5,0.42
2542.1,0.39
2543.6,0.42
2545.2,0.39
2546.7,0.42
2548.3,0.39
2549.8,0.42
2551.4,0.39
2553.0,0.39
2554.5,0.42
2556.1,0.39
2557.7,0.39
2559.3,0.39
2560.8,0.42
2562.5,0.37
2564.1,0.39
2565.7,0.39
2567.4,0.37
2569.0,0.39
2570.8,0.35
2572.5,0.37
2574.2,0.37
2575.9,0.37
2577.5,0.39
2579.2,0.37
2580.8,0.39
2582.5,0.37
2584.1,0.39
2585.6,0.42
2587.0,0.45
2588.5,0.42
2590.1,0.39
2591.7,0.39
2593.3,0.39
2594.9,0.39
2596.5,0.39
2598.1,0.39
2599.6,0.42
2601.1,0.42
2602.7,0.39
2604.3,0.39
2606.0,0.37
2607.6,0.39
2609.3,0.37
2610.8,0.42
2612.4,0.39
2614.0,0.39
2615.5,0.42
2617.1,0.39
2618.6,0.42
2620.1,0.42
2621.6,0.42
2623.2,0.39
2624.7,0.42
2626.2,0.42
2627.7,0.42
2629.2,0.42
2630.8,0.39
2632.3,0.42
2633.9,0.39
2635.5,0.39
2637.0,0.42
2638.6,0.39
2640.2,0.39
2641.8,0.39
2643.3,0.42
2644.7,0.45
2646.1,0.45
2647.5,0.45
2648.9,0.45
2650.4,0.42
2651.9,0.42
2653.4,0.42
2654.9,0.42
2656.4,0.42
2657.9,0.42
2659.4,0.42
2660.8,0.45
2662.3,0.42
2663.9,0.39
2665.4,0.42
2667.0,0.39
2668.6,0.39
2670.2,0.39
2671.8,0.39
2673.4,0.39
2675.0,0.39
2676.6,0.39
2678.2,0.39
2679.7,0.42
2681.2,0.42
2682.8,0.39
2684.3,0.42
2685.8,0.42
2687.2,0.45
2688.7,0.42
2690.2,0.42
2691.6,0.45
2693.1,0.42
2694.6,0.42
2696.0,0.45
2697.5,0.42
2698.9,0.45
2700.4,0.42
2701.9,0.42
2703.3,0.45
2704.8,0.42
2706.3,0.42
2707.8,0.42
2709.5,0.37
2711.3,0.35
2713.0,0.37
2714.6,0.39
2716.3,0.37
2718.1,0.35
2719.7,0.39
2721.3,0.39
2723.2,0.33
2725.0,0.35
2727.0,0.31
2729.1,0.30
2730.9,0.35
2732.6,0.37
2734.2,0.39
2735.7,0.42
2737.2,0.42
2738.7,0.42
2740.1,0.45
2741.6,0.42
2743.0,0.45
2744.4,0.45
2745.8,0.45
2747.3,0.42
2748.8,0.42
2750.4,0.39
2751.9,0.42
2753.5,0.39
2755.1,0.39
2756.6,0.42
2758.1,0.42
2759.6,0.42
2761.1,0.42
2762.6,0.42
2764.1,0.42
2765.6,0.42
2767.1,0.42
2768.6,0.42
2770.1,0.42
2771.6,0.42
2773.1,0.42
2774.5,0.45
2776.0,0.42
2777.5,0.42
2778.9,0.45
2780.4,0.42
2781.8,0.45
2783.4,0.39
2785.0,0.39
2786.7,0.37
2788.3,0.39
2789.9,0.39
2791.4,0.42
2793.0,0.39
2794.5,0.42
2795.9,0.45
2797.4,0.42
2798.9,0.42
2800.3,0.45
2801.8,0.42
2803.3,0.42
2804.8,0.42
2806.3,0.42
2807.9,0.39
2809.5,0.39
2811.0,0.42
2812.5,0.42
2814.0,0.42
2815.5,0.42
2817.0,0.42
2818.4,0.45
2819.9,0.42
2821.3,0.45
2822.8,0.42
2824.2,0.45
2825.7,0.42
2827.1,0.45
2828.6,0.42
2830.1,0.42
2831.6,0.42
2833.2,0.39
2834.8,0.39
2836.3,0.42
2837.8,0.42
2839.4,0.39
2840.8,0.45
2842.3,0.42
2843.7,0.45
2845.2,0.42
2846.7,0.42
2848.1,0.45
2849.6,0.42
2851.1,0.42
2852.6,0.42
2854.1,0.42
2855.5,0.45
2856.9,0.45
2858.4,0.42
2859.8,0.45
2861.3,0.42
2862.7,0.45
2864.2,0.42
2865.7,0.42
2867.1,0.45
2868.6,0.42
2870.0,0.45
2871.5,0.42
2872.9,0.45
2874.4,0.42
2875.8,0.45
2877.3,0.42
2878.8,0.42
2880.3,0.42
2881.8,0.42
2883.2,0.45
2884.5,0.48
2885.9,0.45
2887.2,0.48
2888.6,0.45
2889.9,0.48
2891.3,0.45
2892.6,0.48
2893.9,0.48
2895.2,0.48
2896.6,0.45
2897.9,0.48
2899.2,0.48
2900.6,0.45
2901.8,0.52
2903.1,0.48
2904.5,0.45
2905.9,0.45
2907.3,0.45
2908.6,0.48
2909.9,0.48
2911.2,0.48
2912.5,0.48
2913.7,0.52
2915.0,0.48
2916.2,0.52
2917.5,0.48
2918.8,0.48
2920.0,0.52
2921.3,0.48
2922.6,0.48
2923.9,0.48
2925.3,0.45
2926.7,0.45
2928.0,0.48
2929.4,0.45
2930.9,0.42
2932.3,0.45
2933.6,0.48
2934.9,0.48
2936.3,0.45
2937.7,0.45
2939.1,0.45
2940.4,0.48
2941.8,0.45
2943.1,0.48
2944.3,0.52
2945.6,0.48
2946.9,0.48
2948.3,0.45
2949.7,0.45
2951.1,0.45
2952.5,0.45
2953.9,0.45
2955.2,0.48
2956.6,0.45
2957.9,0.48
2959.3,0.45
2960.6,0.48
2962.0,0.45
2963.5,0.42
2965.0,0.42
2966.5,0.42
2967.9,0.45
2969.4,0.42
2970.9,0.42
2972.4,0.42
2973.8,0.45
2975.3,0.42
2976.7,0.45
2978.2,0.42
2979.7,0.42
2981.2,0.42
2982.8,0.39
2984.3,0.42
2985.9,0.39
2987.4,0.42
2988.8,0.45
2990.3,0.42
2991.8,0.42
2993.4,0.39
2994.9,0.42
2996.5,0.39
2998.1,0.39
2999.7,0.39
3001.1,0.45
3002.6,0.42
3004.1,0.42
3005.6,0.42
3007.2,0.39
3008.9,0.37
3010.5,0.39
3012.2,0.37
3013.8,0.39
3015.4,0.39
3016.9,0.42
3018.6,0.37
3020.2,0.39
3021.9,0.37
3023.6,0.37
3025.5,0.33
3027.3,0.35
3029.1,0.35
3030.9,0.35
3032.6,0.37
3034.2,0.39
3035.9,0.37
3037.6,0.37
3039.2,0.39
3040.9,0.37
3042.5,0.39
3044.0,0.42
3045.6,0.39
3047.1,0.42
3048.6,0.42
3050.1,0.42
3051.6,0.42
3053.2,0.39
3054.8,0.39
3056.4,0.39
3058.0,0.39
3059.6,0.39
3061.2,0.39
3062.8,0.39
3064.3,0.42
3065.8,0.42
3067.3,0.42
3068.9,0.39
3070.5,0.39
3072.1,0.39
3073.7,0.39
3075.3,0.39
3076.9,0.39
3078.4,0.42
3079.9,0.42
3081.5,0.39
3083.0,0.42
3084.6,0.39
3086.2,0.39
3087.8,0.39
3089.4,0.39
3091.0,0.39
3092.5,0.42
3094.0,0.42
3095.6,0.39
3097.1,0.42
3098.7,0.39
3100.3,0.39
3101.9,0.39
3103.5,0.39
3105.2,0.37
3106.8,0.39
3108.5,0.37
3110.2,0.37
3111.8,0.39
3113.4,0.39
3115.1,0.37
3116.8,0.37
3118.6,0.35
3120.5,0.33
3122.5,0.31
3124.4,0.33
3126.2,0.35
3127.9,0.37
3129.6,0.37
3131.2,0.39
3132.9,0.37
3134.6,0.37
3136.2,0.39
3137.8,0.39
3139.4,0.39
3141.0,0.39
3142.7,0.37
3144.3,0.39
3145.8,0.42
3147.3,0.42
3148.9,0.39
3150.4,0.42
3152.1,0.37
3153.6,0.42
3155.2,0.39
3156.8,0.39
3158.3,0.42
3159.9,0.39
3161.5,0.39
3163.1,0.39
3164.7,0.39
3166.3,0.39
3167.9,0.39
3169.6,0.37
3171.3,0.37
3173.1,0.35
3174.8,0.37
3176.3,0.42
3177.9,0.39
3179.4,0.42
3181.0,0.39
3182.6,0.39
3184.2,0.39
3185.9,0.37
3187.4,0.42
3188.9,0.42
3190.5,0.39
3192.1,0.39
3193.8,0.37
3195.6,0.35
3197.3,0.37
3198.9,0.39
3200.4,0.42
3202.0,0.39
3203.7,0.37
3205.4,0.37
3207.0,0.39
3208.6,0.39
3210.2,0.39
3211.8,0.39
3213.3,0.42
3214.9,0.39
3216.5,0.39
3218.2,0.37
3219.7,0.42
3221.2,0.42
3222.8,0.39
3224.3,0.42
3225.9,0.39
3227.4,0.42
3228.9,0.42
3230.5,0.39
3232.0,0.42
3233.6,0.39
3235.0,0.45
3236.4,0.45
3237.9,0.42
3239.4,0.42
3240.9,0.42
3242.5,0.39
3244.1,0.39
3245.6,0.42
3247.1,0.42
3248.6,0.42
3250.2,0.39
3251.7,0.42
3253.3,0.39
3254.8,0.42
3256.2,0.45
3257.8,0.39
3259.3,0.42
3260.9,0.39
3262.5,0.39
3264.1,0.39
3265.7,0.39
3267.2,0.42
3268.7,0.42
3270.3,0.39
3271.9,0.39
3273.5,0.39
3275.0,0.42
3276.6,0.39
3278.2,0.39
3279.7,0.42
3281.2,0.42
3282.8,0.39
3284.4,0.39
3286.1,0.37
3287.8,0.37
3289.3,0.42
3290.9,0.39
3292.5,0.39
3294.1,0.39
3295.7,0.39
3297.3,0.39
3298.8,0.42
3300.3,0.42
3301.9,0.39
3303.5,0.39
3305.1,0.39
3306.7,0.39
3308.2,0.42
3309.8,0.39
3311.4,0.39
3312.9,0.42
3314.4,0.42
3315.9,0.42
3317.4,0.42
3318.9,0.42
3320.4,0.42
3321.9,0.42
3323.4,0.42
3325.0,0.39
3326.6,0.39
3328.2,0.39
3329.8,0.39
3331.4,0.39
3332.9,0.42
3334.5,0.39
3336.0,0.42
3337.6,0.39
3339.2,0.39
3340.8,0.39
3342.5,0.37
3344.1,0.39
3345.6,0.42
3347.2,0.39
3348.7,0.42
3350.2,0.42
3351.7,0.42
3353.2,0.42
3354.6,0.45
3356.2,0.39
3357.8,0.39
3359.4,0.39
3361.0,0.39
3362.6,0.39
3364.1,0.42
3365.6,0.42
3367.2,0.39
3368.8,0.39
3370.3,0.42
3371.8,0.42
3373.4,0.39
3375.1,0.37
3376.7,0.39
3378.4,0.37
3380.0,0.39
3381.7,0.37
3383.4,0.37
3385.0,0.39
3386.6,0.39
3388.2,0.39
3389.7,0.42
3391.3,0.39
3392.8,0.42
3394.4,0.39
3396.0,0.39
3397.6,0.39
3399.3,0.37
3401.0,0.37
3402.8,0.35
3404.7,0.33
3407.2,0.25
3409.9,0.23
3412.0,0.30
3413.8,0.35
3415.5,0.37
3417.2,0.37
3418.8,0.39
3420.4,0.39
3422.0,0.39
3423.5,0.42
3425.1,0.39
3426.6,0.42
3428.2,0.39
3429.7,0.42
3431.2,0.42
3432.8,0.39
3434.3,0.42
3435.8,0.42
3437.4,0.39
3438.9,0.42
3440.4,0.42
3441.9,0.42
3443.5,0.39
3445.1,0.39
3446.6,0.42
3448.2,0.39
3449.7,0.42
3451.3,0.39
3452.8,0.42
3454.4,0.39
3455.9,0.42
3457.5,0.39
3459.0,0.42
3460.5,0.42
3462.0,0.42
3463.4,0.45
3464.9,0.42
3466.4,0.42
3467.9,0.42
3469.3,0.45
3470.8,0.42
3472.2,0.45
3473.7,0.42
3475.1,0.45
3476.5,0.45
3477.9,0.45
3479.4,0.42
3480.9,0.42
3482.4,0.42
3484.0,0.39
3485.5,0.42
3487.0,0.42
3488.4,0.45
3489.9,0.42
3491.4,0.42
3492.9,0.42
3494.3,0.45
3495.7,0.45
3497.1,0.45
3498.4,0.48
3499.8,0.45
3501.1,0.48
3502.5,0.45
3504.0,0.42
3505.4,0.45
3506.8,0.45
3508.2,0.45
3509.6,0.45
3510.9,0.48
3512.4,0.42
3513.9,0.42
3515.3,0.45
3516.8,0.42
3518.2,0.45
3519.7,0.42
3521.1,0.45
3522.5,0.45
3523.9,0.45
3525.5,0.39
3527.1,0.39
3528.6,0.42
3530.1,0.42
3531.6,0.42
3533.1,0.42
3534.6,0.42
3536.1,0.42
3537.7,0.39
3539.3,0.39
3540.8,0.42
3542.4,0.39
3544.0,0.39
3545.5,0.42
3547.1,0.39
3548.6,0.42
3550.2,0.39
3551.8,0.39
3553.5,0.37
3555.1,0.39
3556.7,0.39
3558.2,0.42
3559.7,0.42
3561.3,0.39
3563.0,0.37
3564.6,0.39
3566.2,0.39
3567.7,0.42
3569.3,0.39
3570.8,0.42
3572.3,0.42
3573.9,0.39
3575.5,0.39
3577.0,0.42
3578.6,0.39
3580.1,0.42
3581.8,0.37
3583.4,0.39
3585.0,0.39
3586.6,0.39
3588.2,0.39
3589.8,0.39
3591.4,0.39
3593.0,0.39
3594.6,0.39
3596.2,0.39
3597.9,0.37
3599.5,0.39
3601.1,0.39
3602.8,0.37
3604.6,0.35
3606.3,0.37
3608.1,0.35
3609.8,0.37
3611.6,0.35
3613.3,0.37
3615.0,0.37
3616.7,0.37
3618.3,0.39
3620.0,0.37
3621.6,0.39
3623.4,0.35
3625.0,0.39
3626.7,0.37
3628.4,0.37
3630.1,0.37
3631.8,0.37
3633.4,0.39
3635.0,0.39
3636.6,0.39
3638.1,0.42
3639.7,0.39
3641.3,0.39
3642.8,0.42
3644.4,0.39
3646.0,0.39
3647.7,0.37
3649.3,0.39
3650.8,0.42
3652.4,0.39
3654.0,0.39
3655.6,0.39
3657.2,0.39
3658.8,0.39
3660.3,0.42
3661.8,0.42
3663.3,0.42
3664.8,0.42
3666.3,0.42
3667.8,0.42
3669.4,0.39
3671.0,0.39
3672.7,0.37
3674.4,0.37
3676.1,0.37
3677.8,0.37
3679.6,0.35
3681.2,0.39
3682.9,0.37
3684.6,0.37
3686.3,0.37
3687.9,0.39
3689.6,0.37
3691.1,0.42
3692.7,0.39
3694.4,0.37
3695.9,0.42
3697.6,0.37
3699.2,0.39
3700.8,0.39
3702.4,0.39
3704.0,0.39
3705.5,0.42
3707.0,0.42
3708.6,0.39
3710.2,0.39
3711.8,0.39
3713.4,0.39
3715.0,0.39
3716.7,0.37
3718.3,0.39
3719.9,0.39
3721.4,0.42
3723.0,0.39
3724.6,0.39
3726.1,0.42
3727.7,0.39
3729.2,0.42
3730.8,0.39
3732.3,0.42
3733.9,0.39
3735.4,0.42
3737.0,0.39
3738.5,0.42
3740.0,0.42
3741.6,0.39
3743.2,0.39
3744.8,0.39
3746.4,0.39
3747.9,0.42
3749.4,0.42
3750.9,0.42
3752.5,0.39
3754.0,0.42
3755.6,0.39
3757.1,0.42
3758.6,0.42
3760.2,0.39
3761.9,0.37
3763.4,0.42
3764.9,0.42
3766.3,0.45
3767.7,0.45
3769.0,0.48
3770.4,0.45
3771.8,0.45
3773.2,0.45
3774.7,0.42
3776.2,0.42
3777.7,0.42
3779.3,0.39
3781.0,0.37
3782.6,0.39
3784.2,0.39
3785.8,0.39
3787.4,0.39
3788.9,0.42
3790.4,0.42
3792.0,0.39
3793.6,0.39
3795.2,0.39
3796.8,0.39
3798.4,0.39
3800.0,0.39
3801.7,0.37
3803.4,0.37
3805.1,0.37
3806.7,0.39
3808.4,0.37
3810.0,0.39
3811.6,0.39
3813.3,0.37
3815.0,0.37
3816.7,0.37
3818.4,0.37
3820.0,0.39
3821.6,0.39
3823.1,0.42
3824.7,0.39
3826.3,0.39
3828.1,0.35
3829.8,0.37
3831.5,0.37
3833.2,0.37
3834.8,0.39
3836.4,0.39
3837.9,0.42
3839.4,0.42
3841.0,0.39
3842.6,0.39
3844.2,0.39
3845.8,0.39
3847.4,0.39
3849.0,0.39
3850.6,0.39
3852.1,0.42
3853.6,0.42
3855.2,0.39
3856.7,0.42
3858.3,0.39
3859.8,0.42
3861.4,0.39
3863.1,0.37
3864.9,0.35
3866.5,0.39
3868.1,0.39
3869.7,0.39
3871.2,0.42
3872.8,0.39
3874.4,0.39
3876.0,0.39
3877.6,0.39
3879.2,0.39
3880.7,0.42
3882.2,0.42
3883.8,0.39
3885.4,0.39
3887.0,0.39
3888.7,0.37
3890.3,0.39
3891.9,0.39
3893.5,0.39
3895.2,0.37
3896.9,0.37
3898.6,0.37
3900.3,0.37
3902.0,0.37
3903.8,0.35
3905.6,0.35
3907.3,0.37
3909.0,0.37
3910.6,0.39
3912.3,0.37
3913.9,0.39
3915.4,0.42
3917.0,0.39
3918.6,0.39
3920.2,0.39
3921.9,0.37
3923.5,0.39
3925.2,0.37
3926.8,0.39
3928.4,0.39
3930.1,0.37
3931.7,0.39
3933.2,0.42
3934.8,0.39
3936.3,0.42
3938.0,0.37
3939.6,0.39
3941.2,0.39
3942.8,0.39
3944.5,0.37
3946.2,0.37
3948.0,0.35
3949.9,0.33
3952.3,0.26
3954.3,0.31
3956.1,0.35
3957.9,0.35
3959.6,0.37
3961.4,0.35
3963.1,0.37
3964.8,0.37
3966.4,0.39
3968.0,0.39
3969.5,0.42
3971.1,0.39
3972.7,0.39
3974.3,0.39
3975.9,0.39
3977.5,0.39
3979.1,0.39
3980.7,0.39
3982.3,0.39
3983.9,0.39
3985.5,0.39
3987.0,0.42
3988.4,0.45
3989.9,0.42
3991.5,0.39
3993.1,0.39
3994.6,0.42
3996.2,0.39
3997.7,0.42
3999.2,0.42
4000.8,0.39
4002.5,0.37
4004.1,0.39
4005.7,0.39
4007.2,0.42
4008.7,0.42
4010.3,0.39
4011.9,0.39
4013.6,0.37
4015.1,0.42
4016.7,0.39
4018.2,0.42
4019.8,0.39
4021.3,0.42
4022.9,0.39
4024.5,0.39
4026.1,0.39
4027.7,0.39
4029.2,0.42
4030.8,0.39
4032.4,0.39
4034.0,0.39
4035.6,0.39
4037.2,0.39
4038.8,0.39
4040.4,0.39
4042.0,0.39
4043.5,0.42
4045.1,0.39
4046.6,0.42
4048.2,0.39
4049.8,0.39
4051.4,0.39
4053.0,0.39
4054.6,0.39
4056.2,0.39
4057.7,0.42
4059.3,0.39
4060.9,0.39
4062.4,0.42
4064.0,0.39
4065.5,0.42
4067.0,0.42
4068.6,0.39
4070.1,0.42
4072.0,0.33
4074.0,0.31
4075.8,0.35
4077.5,0.37
4079.1,0.39
4080.7,0.39
4082.2,0.42
4083.6,0.45
4085.2,0.39
4086.7,0.42
4088.3,0.39
4089.9,0.39
4091.4,0.42
4092.9,0.42
4094.5,0.39
4096.0,0.42
4097.6,0.39
4099.2,0.39
4100.8,0.39
4102.3,0.42
4103.8,0.42
4105.4,0.39
4106.9,0.42
4108.4,0.42
4109.9,0.42
4111.4,0.42
4112.9,0.42
4114.5,0.39
4116.1,0.39
4117.7,0.39
4119.2,0.42
4120.6,0.45
4122.1,0.42
4123.6,0.42
4125.2,0.39
4126.9,0.37
4128.5,0.39
4130.1,0.39
4131.5,0.45
4133.1,0.39
4134.5,0.45
4136.0,0.42
4137.4,0.45
4138.8,0.45
4140.2,0.45
4141.5,0.48
4142.8,0.48
4144.2,0.45
4145.5,0.48
4146.8,0.48
4148.2,0.45
4149.6,0.45
4151.1,0.42
4152.6,0.42
4154.1,0.42
4155.4,0.48
4156.8,0.45
4158.2,0.45
4159.5,0.48
4160.9,0.45
4162.3,0.45
4163.7,0.45
4165.1,0.45
4166.4,0.48
4167.8,0.45
4169.1,0.48
4170.4,0.48
4171.8,0.45
4173.2,0.45
4174.6,0.45
4175.9,0.48
4177.3,0.45
4178.6,0.48
4180.0,0.45
4181.3,0.48
4182.7,0.45
4184.1,0.45
4185.7,0.39
4187.2,0.42
4188.7,0.42
4190.3,0.39
4191.8,0.42
4193.3,0.42
4194.8,0.42
4196.3,0.42
4197.8,0.42
4199.4,0.39
4201.1,0.37
4202.8,0.37
4204.3,0.42
4205.9,0.39
4207.5,0.39
4209.2,0.37
4210.8,0.39
4212.5,0.37
4214.1,0.39
4215.8,0.37
4217.4,0.39
4219.1,0.37
4220.7,0.39
4222.3,0.39
4223.8,0.42
4225.4,0.39
4227.0,0.39
4228.6,0.39
4230.1,0.42
4231.7,0.39
4233.2,0.42
4234.7,0.42
4236.2,0.42
4237.7,0.42
4239.1,0.45
4240.7,0.39
4242.3,0.39
4243.9,0.39
4245.6,0.37
4247.2,0.39
4248.7,0.42
4250.2,0.42
4251.7,0.42
4253.3,0.39
4254.8,0.42
4256.4,0.39
4257.9,0.42
4259.4,0.42
4261.0,0.39
4262.5,0.42
4264.0,0.42
4265.5,0.42
4267.0,0.42
4268.6,0.39
4270.1,0.42
4271.7,0.39
4273.3,0.39
4274.9,0.39
4276.4,0.42
4278.0,0.39
4279.4,0.45
4281.0,0.39
4282.6,0.39
4284.2,0.39
4285.8,0.39
4287.4,0.39
4289.0,0.39
4290.6,0.39
4292.2,0.39
4293.7,0.42
4295.2,0.42
4296.9,0.37
4298.6,0.37
4300.2,0.39
4301.9,0.37
4303.6,0.37
4305.2,0.39
4306.9,0.37
4308.5,0.39
4310.2,0.37
4311.8,0.39
4313.4,0.39
4315.0,0.39
4316.7,0.37
4318.7,0.31
4320.8,0.30
4322.7,0.33
4324.5,0.35
4326.3,0.35
4327.9,0.39
4329.6,0.37
4331.3,0.37
4333.0,0.37
4334.7,0.37
4336.3,0.39
4337.9,0.39
4339.4,0.42
4341.0,0.39
4342.5,0.42
4344.0,0.42
4345.6,0.39
4347.1,0.42
4348.7,0.39
4350.3,0.39
4351.9,0.39
4353.4,0.42
4355.0,0.39
4356.6,0.39
4358.3,0.37
4360.0,0.37
4361.7,0.37
4363.3,0.39
4364.9,0.39
4366.4,0.42
4368.1,0.37
4369.6,0.42
4371.3,0.37
4373.0,0.37
4374.5,0.42
4376.1,0.39
4377.6,0.42
4379.1,0.42
4380.6,0.42
4382.1,0.42
4383.7,0.39
4385.2,0.42
4386.8,0.39
4388.4,0.39
4389.9,0.42
4391.4,0.42
4392.9,0.42
4394.4,0.42
4395.9,0.42
4397.5,0.39
4399.1,0.39
4400.7,0.39
4402.3,0.39
4403.8,0.42
4405.4,0.39
4407.0,0.39
4408.6,0.39
4410.2,0.39
4411.9,0.37
4413.5,0.39
4415.0,0.42
4416.6,0.39
4418.2,0.39
4419.8,0.39
4421.3,0.42
4422.9,0.39
4424.5,0.39
4426.1,0.39
4427.8,0.37
4429.4,0.39
4430.9,0.42
4432.5,0.39
4434.1,0.39
4435.6,0.42
4437.2,0.39
4438.7,0.42
4440.2,0.42
4441.9,0.37
4443.5,0.39
4445.2,0.37
4446.9,0.37
4448.6,0.37
4450.2,0.39
4452.0,0.35
4453.7,0.37
4455.4,0.37
4457.0,0.39
4458.7,0.37
4460.3,0.39
4462.0,0.37
4463.6,0.39
4465.2,0.39
4466.7,0.42
4468.2,0.42
4469.7,0.42
4471.2,0.42
4472.8,0.39
4474.4,0.39
4476.0,0.39
4477.5,0.42
4479.0,0.42
4480.6,0.39
4482.2,0.39
4483.8,0.39
4485.4,0.39
4487.0,0.39
4488.5,0.42
4490.1,0.39
4491.6,0.42
4493.1,0.42
4494.7,0.39
4496.3,0.39
4498.0,0.37
4499.6,0.39
4501.2,0.39
4502.8,0.39
4504.4,0.39
4506.0,0.39
4507.6,0.39
4509.2,0.39
4510.8,0.39
4512.4,0.39
4514.0,0.39
4515.5,0.42
4517.1,0.39
4518.6,0.42
4520.2,0.39
4521.8,0.39
4523.3,0.42
4524.9,0.39
4526.4,0.42
4528.0,0.39
4529.5,0.42
4531.1,0.39
4532.7,0.39
4534.2,0.42
4535.7,0.42
4537.2,0.42
4538.6,0.45
4540.2,0.39
4541.7,0.42
4543.2,0.42
4544.8,0.39
4546.5,0.37
4548.1,0.39
4549.6,0.42
4551.2,0.39
4552.8,0.39
4554.3,0.42
4555.9,0.39
4557.4,0.42
4558.8,0.45
4560.2,0.45
4561.6,0.45
4563.0,0.45
4564.6,0.39
4566.1,0.42
4567.6,0.42
4569.1,0.42
4570.7,0.39
4572.2,0.42
4573.8,0.39
4575.4,0.39
4577.1,0.37
4578.6,0.42
4580.2,0.39
4581.8,0.39
4583.3,0.42
4584.9,0.39
4586.5,0.39
4588.0,0.42
4589.6,0.39
4591.1,0.42
4592.6,0.42
4594.1,0.42
4595.7,0.39
4597.2,0.42
4598.7,0.42
4600.3,0.39
4601.8,0.42
4603.4,0.39
4604.9,0.42
4606.5,0.39
4608.0,0.42
4609.5,0.42
4611.0,0.42
4612.6,0.39
4614.2,0.39
4615.7,0.42
4617.3,0.39
4618.9,0.39
4620.5,0.39
4622.0,0.42
4623.5,0.42
4624.9,0.45
4626.4,0.42
4628.0,0.39
4629.6,0.39
4631.2,0.39
4632.8,0.39
4634.3,0.42
4635.8,0.42
4637.3,0.42
4638.8,0.42
4640.4,0.39
4642.0,0.39
4643.5,0.42
4645.0,0.42
4646.5,0.42
4648.1,0.39
4649.7,0.39
4651.2,0.42
4652.8,0.39
4654.3,0.42
4655.8,0.42
4657.3,0.42
4658.9,0.39
4660.4,0.42
4662.0,0.39
4663.4,0.45
4664.9,0.42
4666.3,0.45
4667.7,0.45
4669.3,0.39
4670.9,0.39
4672.4,0.42
4674.1,0.37
4675.7,0.39
4677.3,0.39
4678.9,0.39
4680.4,0.42
4682.0,0.39
4683.6,0.39
4685.2,0.39
4686.8,0.39
4688.3,0.42
4689.9,0.39
4691.4,0.42
4692.9,0.42
4694.4,0.42
4695.9,0.42
4697.4,0.42
4698.9,0.42
4700.4,0.42
4701.9,0.42
4703.4,0.42
4704.9,0.42
4706.5,0.39
4708.0,0.42
4709.6,0.39
4711.1,0.42
4712.7,0.39
4714.3,0.39
4715.9,0.39
4717.6,0.37
4719.3,0.37
4720.9,0.39
4722.4,0.42
4724.0,0.39
4725.5,0.42
4727.1,0.39
4728.6,0.42
4730.2,0.39
4731.8,0.39
4733.3,0.42
4734.8,0.42
4736.4,0.39
4737.9,0.42
4739.5,0.39
4741.1,0.39
4742.7,0.39
4744.2,0.42
4745.8,0.39
4747.3,0.42
4748.8,0.42
4750.4,0.39
4751.9,0.42
4753.4,0.42
4755.0,0.39
4756.5,0.42
4758.1,0.39
4759.6,0.42
4761.2,0.39
4762.9,0.37
4764.4,0.42
4765.9,0.42
4767.4,0.42
4768.9,0.42
4770.6,0.37
4772.2,0.39
4773.8,0.39
4775.3,0.42
4776.8,0.42
4778.4,0.39
4779.9,0.42
4781.5,0.39
4783.2,0.37
4784.7,0.42
4786.2,0.42
4787.7,0.42
4789.1,0.45
4790.4,0.48
4791.9,0.42
4793.5,0.39
4794.9,0.45
4796.4,0.42
4797.8,0.45
4799.3,0.42
4800.7,0.45
4802.1,0.45
4803.5,0.45
4804.9,0.45
4806.3,0.45
4807.6,0.48
4809.0,0.45
4810.3,0.48
4811.7,0.45
4813.0,0.48
4814.4,0.45
4815.7,0.48
4817.1,0.45
4818.4,0.48
4819.7,0.48
4821.0,0.48
4822.3,0.48
4823.6,0.48
4825.0,0.45
4826.3,0.48
4827.6,0.48
4829.0,0.45
4830.5,0.42
4832.1,0.39
4833.6,0.42
4835.3,0.37
4837.0,0.37
4838.6,0.39
4840.2,0.39
4841.8,0.39
4843.3,0.42
4844.9,0.39
4846.5,0.39
4848.1,0.39
4849.7,0.39
4851.2,0.42
4852.7,0.42
4854.3,0.39
4855.9,0.39
4857.4,0.42
4859.1,0.37
4860.6,0.42
4862.2,0.39
4863.7,0.42
4865.4,0.37
4867.0,0.39
4868.6,0.39
4870.1,0.42
4871.7,0.39
4873.2,0.42
4874.8,0.39
4876.3,0.42
4877.9,0.39
4879.4,0.42
4880.9,0.42
4882.4,0.42
4884.0,0.39
4885.6,0.39
4887.1,0.42
4888.7,0.39
4890.2,0.42
4891.9,0.37
4893.5,0.39
4895.2,0.37
4896.9,0.37
4898.6,0.37
4900.3,0.37
4901.9,0.39
4903.6,0.37
4905.3,0.37
4906.9,0.39
4908.5,0.39
4910.1,0.39
4911.6,0.42
4913.2,0.39
4914.8,0.39
4916.3,0.42
4917.9,0.39
4919.4,0.42
4921.0,0.39
4922.6,0.39
4924.2,0.39
4925.8,0.39
4927.4,0.39
4929.1,0.37
4930.7,0.39
4932.3,0.39
4934.0,0.37
4935.6,0.39
4937.2,0.39
4938.9,0.37
4940.4,0.42
4942.0,0.39
4943.6,0.39
4945.1,0.42
4946.6,0.42
4948.1,0.42
4949.6,0.42
4951.1,0.42
4952.6,0.42
4954.1,0.42
4955.6,0.42
4957.2,0.39
4958.7,0.42
4960.3,0.39
4962.0,0.37
4963.6,0.39
4965.2,0.39
4966.8,0.39
4968.3,0.42
4969.8,0.42
4971.3,0.42
4972.8,0.42
4974.4,0.39
4975.9,0.42
4977.5,0.39
4979.1,0.39
4980.8,0.37
4982.4,0.39
4984.0,0.39
4985.6,0.39
4987.2,0.39
4988.7,0.42
4990.2,0.42
4991.7,0.42
4993.3,0.39
4994.8,0.42
4996.3,0.42
4997.9,0.39
4999.4,0.42
5001.0,0.39
5002.5,0.42
5004.0,0.42
5005.6,0.39
5007.2,0.39
5008.7,0.42
5010.4,0.37
5012.0,0.39
5013.6,0.39
5015.2,0.39
5016.9,0.37
5018.5,0.39
5020.1,0.39
5021.7,0.39
5023.4,0.37
5025.0,0.39
5026.6,0.39
5028.1,0.42
5029.6,0.42
5031.1,0.42
5032.6,0.42
5034.1,0.42
5035.7,0.39
5037.2,0.42
5038.7,0.42
5040.2,0.42
5041.8,0.39
5043.3,0.42
5045.0,0.37
5046.9,0.33
5048.7,0.35
5050.6,0.33
5052.6,0.31
5054.3,0.37
5056.1,0.35
5057.8,0.37
5059.5,0.37
5061.2,0.37
5062.8,0.39
5064.5,0.37
5066.3,0.35
5068.3,0.31
5070.3,0.31
5072.3,0.31
5074.1,0.35
5075.9,0.35
5077.6,0.37
5079.3,0.37
5080.9,0.39
5082.5,0.39
5084.1,0.39
5085.6,0.42
5087.2,0.39
5088.7,0.42
5090.3,0.39
5091.9,0.39
5093.4,0.42
5095.0,0.39
5096.5,0.42
5098.0,0.42
5099.5,0.42
5101.1,0.39
5102.8,0.37
5104.4,0.39
5106.0,0.39
5107.6,0.39
5109.1,0.42
5110.6,0.42
5112.2,0.39
5113.7,0.42
5115.3,0.39
5116.8,0.42
5118.3,0.42
5119.9,0.39
5121.4,0.42
5122.9,0.42
5124.4,0.42
5125.9,0.42
5127.6,0.37
5129.2,0.39
5130.9,0.37
5132.5,0.39
5134.0,0.42
5135.6,0.39
5137.1,0.42
5138.6,0.42
5140.2,0.39
5141.7,0.42
5143.3,0.39
5144.9,0.39
5146.5,0.39
5148.1,0.39
5149.7,0.39
5151.3,0.39
5152.9,0.39
5154.5,0.39
5156.2,0.37
5157.9,0.37
5159.7,0.35
5161.4,0.37
5163.1,0.37
5164.8,0.37
5166.5,0.37
5168.1,0.39
5169.8,0.37
5171.4,0.39
5172.9,0.42
5174.6,0.37
5176.2,0.39
5177.9,0.37
5179.7,0.35
5181.7,0.31
5183.4,0.37
5185.1,0.37
5186.8,0.37
5188.4,0.39
5190.0,0.39
5191.6,0.39
5193.1,0.42
5194.7,0.39
5196.2,0.42
5197.7,0.42
5199.2,0.42
5200.8,0.39
5202.4,0.39
5204.1,0.37
5205.8,0.37
5207.4,0.39
5209.0,0.39
5210.6,0.39
5212.1,0.42
5213.6,0.42
5215.1,0.42
5216.6,0.42
5218.1,0.42
5219.6,0.42
5221.2,0.39
5222.8,0.39
5224.3,0.42
5225.9,0.39
5227.4,0.42
5229.0,0.39
5230.5,0.42
5232.1,0.39
5233.6,0.42
5235.2,0.39
5236.8,0.39
5238.4,0.39
5239.9,0.42
5241.5,0.39
5243.1,0.39
5244.7,0.39
5246.3,0.39
5247.9,0.39
5249.6,0.37
5251.4,0.35
5253.3,0.33
5255.0,0.37
5256.6,0.39
5258.1,0.42
5259.8,0.37
5261.6,0.35
5263.3,0.37
5265.0,0.37
5266.6,0.39
5268.3,0.37
5270.2,0.33
5272.1,0.33
5274.3,0.29
5276.7,0.26
5279.2,0.25
5282.9,0.17
5285.5,0.24
5287.5,0.31
5289.4,0.33
5291.1,0.37
5292.7,0.39
5294.2,0.42
5295.8,0.39
5297.3,0.42
5298.8,0.42
5300.2,0.45
5301.6,0.45
5303.1,0.42
5304.5,0.45
5306.0,0.42
5307.5,0.42
5309.0,0.42
5310.4,0.45
5311.9,0.42
5313.5,0.39
5315.0,0.42
5316.4,0.45
5318.0,0.39
5319.6,0.39
5321.1,0.42
5322.6,0.42
5324.2,0.39
5325.8,0.39
5327.3,0.42
5328.9,0.39
5330.4,0.42
5332.0,0.39
5333.5,0.42
5335.1,0.39
5336.6,0.42
5338.2,0.39
5339.7,0.42
5341.2,0.42
5342.7,0.42
5344.2,0.42
5345.6,0.45
5347.2,0.39
5348.7,0.42
5350.3,0.39
5351.9,0.39
5353.4,0.42
5354.9,0.42
5356.4,0.42
5357.9,0.42
5359.4,0.42
5360.9,0.42
5362.4,0.42
5363.9,0.42
5365.4,0.42
5366.9,0.42
5368.4,0.42
5369.9,0.42
5371.3,0.45
5372.8,0.42
5374.3,0.42
5375.8,0.42
5377.2,0.45
5378.7,0.42
5380.1,0.45
5381.6,0.42
5383.0,0.45
5384.4,0.45
5385.9,0.42
5387.3,0.45
5388.9,0.39
5390.3,0.45
5391.7,0.45
5393.1,0.45
5394.6,0.42
5396.0,0.45
5397.5,0.42
0.0,0.00
