3.0,0.22
5.1,0.30
7.1,0.31
8.7,0.39
10.2,0.42
11.7,0.42
13.2,0.42
14.6,0.45
15.9,0.48
17.3,0.45
18.6,0.48
19.9,0.48
21.2,0.48
22.4,0.52
23.7,0.48
25.0,0.48
26.2,0.52
27.5,0.48
28.8,0.48
30.0,0.52
31.3,0.48
32.5,0.52
33.8,0.48
35.1,0.48
36.4,0.48
37.6,0.52
38.8,0.52
40.0,0.52
41.2,0.52
42.4,0.52
43.6,0.52
44.8,0.52
46.0,0.52
47.2,0.52
48.3,0.57
49.5,0.52
50.7,0.52
51.9,0.52
53.0,0.57
54.2,0.52
55.3,0.57
56.4,0.57
57.5,0.57
58.7,0.52
59.8,0.57
60.9,0.57
62.0,0.57
63.1,0.57
64.2,0.57
65.4,0.52
66.6,0.52
67.8,0.52
69.0,0.52
70.2,0.52
71.3,0.57
72.5,0.52
73.8,0.48
74.9,0.57
76.1,0.52
77.3,0.52
78.5,0.52
79.7,0.52
80.8,0.57
82.0,0.52
83.2,0.52
84.3,0.57
85.5,0.52
86.6,0.57
87.8,0.52
89.0,0.52
90.1,0.57
91.3,0.52
92.6,0.48
93.8,0.52
95.0,0.52
96.2,0.52
97.4,0.52
98.6,0.52
99.8,0.52
100.9,0.57
102.1,0.52
103.2,0.57
104.4,0.52
105.5,0.57
106.7,0.52
107.8,0.57
109.0,0.52
110.2,0.52
111.5,0.48
112.7,0.52
113.9,0.52
115.1,0.52
116.3,0.52
117.5,0.52
118.7,0.52
119.8,0.57
121.0,0.52
122.2,0.52
123.3,0.57
124.5,0.52
125.6,0.57
126.8,0.52
128.0,0.52
129.2,0.52
130.4,0.52
131.6,0.52
132.8,0.52
134.0,0.52
135.2,0.52
136.4,0.52
137.7,0.48
138.9,0.52
140.1,0.52
141.3,0.52
142.5,0.52
143.7,0.52
144.8,0.57
146.0,0.52
147.2,0.52
148.3,0.57
149.5,0.52
150.6,0.57
151.8,0.52
152.9,0.57
154.1,0.52
155.2,0.57
156.3,0.57
157.5,0.52
158.7,0.52
159.8,0.57
161.0,0.52
162.1,0.57
163.3,0.52
164.4,0.57
165.6,0.52
166.8,0.52
168.0,0.52
169.1,0.57
170.3,0.52
171.5,0.52
172.7,0.52
173.8,0.57
175.0,0.52
176.2,0.52
177.3,0.57
178.5,0.52
179.6,0.57
180.8,0.52
181.9,0.57
183.0,0.57
184.2,0.52
185.3,0.57
186.4,0.57
187.6,0.52
188.7,0.57
189.9,0.52
191.0,0.57
192.2,0.52
193.3,0.57
194.4,0.57
195.6,0.52
196.7,0.57
197.9,0.52
199.1,0.52
200.4,0.48
201.7,0.48
203.0,0.48
204.3,0.48
205.5,0.52
206.8,0.48
208.0,0.52
209.3,0.48
210.6,0.48
211.9,0.48
213.2,0.48
214.4,0.52
215.6,0.52
216.8,0.52
218.0,0.52
219.2,0.52
220.3,0.57
221.5,0.52
222.7,0.52
223.8,0.57
225.0,0.52
226.1,0.57
227.2,0.57
228.4,0.52
229.5,0.57
230.7,0.52
231.8,0.57
233.1,0.48
234.3,0.52
235.5,0.52
236.7,0.52
237.9,0.52
239.2,0.48
240.4,0.52
241.6,0.52
242.8,0.52
244.1,0.48
245.3,0.52
246.5,0.52
247.8,0.48
249.0,0.52
250.2,0.52
251.4,0.52
252.6,0.52
253.8,0.52
255.0,0.52
256.2,0.52
257.4,0.52
258.6,0.52
259.7,0.57
260.8,0.57
262.0,0.52
263.1,0.57
264.2,0.57
265.3,0.57
266.4,0.57
267.6,0.52
268.6,0.63
269.8,0.52
270.9,0.57
272.0,0.57
273.1,0.57
274.2,0.57
275.4,0.52
276.5,0.57
277.6,0.57
278.8,0.52
279.9,0.57
281.0,0.57
282.1,0.57
283.3,0.52
284.4,0.57
285.4,0.63
286.6,0.52
287.7,0.57
288.8,0.57
289.9,0.57
291.1,0.52
292.2,0.57
293.3,0.57
294.5,0.52
295.6,0.57
296.8,0.52
298.0,0.52
299.1,0.57
300.3,0.52
301.4,0.57
302.6,0.52
303.8,0.52
304.9,0.57
306.1,0.52
307.2,0.57
308.4,0.52
309.5,0.57
310.7,0.52
311.8,0.57
312.9,0.57
314.0,0.57
315.1,0.57
316.2,0.57
317.3,0.57
318.4,0.57
319.5,0.57
320.6,0.57
321.7,0.57
322.8,0.57
323.9,0.57
325.0,0.57
326.1,0.57
327.3,0.52
328.4,0.57
329.5,0.57
330.7,0.52
331.8,0.57
333.0,0.52
335.3,0.27
336.4,0.57
338.7,0.27
339.9,0.52
341.0,0.57
342.2,0.52
343.3,0.57
344.4,0.57
345.6,0.52
346.7,0.57
347.9,0.52
349.0,0.57
350.1,0.57
351.3,0.52
352.4,0.57
353.6,0.52
354.7,0.57
355.8,0.57
357.0,0.52
358.1,0.57
359.2,0.57
360.4,0.52
361.5,0.57
362.6,0.57
363.8,0.52
364.9,0.57
366.0,0.57
367.1,0.57
368.2,0.57
369.4,0.52
370.5,0.57
371.6,0.57
372.7,0.57
373.9,0.52
375.0,0.57
376.2,0.52
377.3,0.57
378.5,0.52
379.6,0.57
380.8,0.52
382.0,0.52
383.1,0.57
384.3,0.52
385.4,0.57
387.7,0.27
388.8,0.57
389.9,0.57
391.0,0.57
392.2,0.52
393.3,0.57
394.4,0.57
395.5,0.57
396.7,0.52
397.8,0.57
398.9,0.57
400.1,0.52
401.2,0.57
403.4,0.29
405.7,0.27
425.0,0.52
426.1,0.57
427.3,0.52
428.4,0.57
437.4,0.57
438.5,0.57
439.6,0.57
440.8,0.52
441.9,0.57
443.0,0.57
444.1,0.57
446.4,0.27
447.6,0.52
448.7,0.57
449.9,0.52
451.0,0.57
452.2,0.52
454.4,0.29
457.8,0.18
458.9,0.57
460.1,0.52
462.4,0.27
464.7,0.27
467.0,0.27
468.0,0.00
560.9,0.00
561.9,0.27
563.1,0.52
565.5,0.26
566.5,0.00
598.0,0.00
599.0,0.52
600.2,0.52
601.4,0.52
602.6,0.52
603.9,0.48
605.1,0.52
606.4,0.48
607.6,0.52
608.8,0.52
610.0,0.52
611.2,0.52
612.3,0.57
613.5,0.52
614.6,0.57
615.8,0.52
617.0,0.52
618.2,0.52
619.3,0.57
620.5,0.52
621.7,0.52
624.1,0.26
625.2,0.57
626.4,0.52
627.6,0.52
628.9,0.48
630.1,0.52
631.3,0.52
632.5,0.52
633.7,0.52
635.0,0.48
636.1,0.57
637.3,0.52
638.5,0.52
639.7,0.52
640.9,0.52
642.0,0.57
643.2,0.52
644.4,0.52
645.6,0.52
646.8,0.52
647.9,0.57
649.1,0.52
650.3,0.52
651.5,0.52
652.6,0.57
653.8,0.52
655.0,0.52
656.1,0.57
657.3,0.52
658.5,0.52
659.6,0.57
660.8,0.52
662.0,0.52
663.1,0.57
664.2,0.57
665.4,0.52
666.5,0.57
667.7,0.52
668.8,0.57
670.0,0.52
671.1,0.57
672.3,0.52
673.4,0.57
674.6,0.52
675.8,0.52
676.9,0.57
678.1,0.52
679.3,0.52
680.5,0.52
681.6,0.57
682.8,0.52
684.0,0.52
685.2,0.52
686.4,0.52
687.5,0.57
688.7,0.52
689.9,0.52
691.1,0.52
692.3,0.52
693.5,0.52
694.7,0.52
695.9,0.52
697.0,0.57
698.2,0.52
699.4,0.52
700.6,0.52
701.7,0.57
702.9,0.52
704.0,0.57
705.2,0.52
706.3,0.57
707.5,0.52
708.6,0.57
709.8,0.52
711.0,0.52
712.2,0.52
713.4,0.52
714.5,0.57
715.7,0.52
716.9,0.52
718.0,0.57
719.2,0.52
720.4,0.52
721.6,0.52
722.8,0.52
723.9,0.57
725.1,0.52
726.3,0.52
727.5,0.52
728.7,0.52
729.9,0.52
731.1,0.52
732.3,0.52
733.5,0.52
734.7,0.52
735.9,0.52
737.0,0.57
738.2,0.52
739.3,0.57
740.5,0.52
741.7,0.52
742.8,0.57
744.0,0.52
745.1,0.57
746.3,0.52
747.5,0.52
748.6,0.57
749.8,0.52
751.0,0.52
752.2,0.52
753.4,0.52
754.6,0.52
755.8,0.52
756.9,0.57
758.1,0.52
759.2,0.57
760.4,0.52
761.5,0.57
762.7,0.52
763.9,0.52
765.0,0.57
766.2,0.52
767.4,0.52
768.6,0.52
769.8,0.52
771.0,0.52
772.2,0.52
773.4,0.52
774.6,0.52
775.9,0.48
777.1,0.52
778.3,0.52
779.5,0.52
780.7,0.52
781.9,0.52
783.1,0.52
784.3,0.52
785.5,0.52
786.7,0.52
787.9,0.52
789.1,0.52
790.3,0.52
791.5,0.52
792.7,0.52
793.9,0.52
795.1,0.52
796.3,0.52
797.5,0.52
798.7,0.52
799.9,0.52
801.1,0.52
802.2,0.57
803.4,0.52
804.6,0.52
805.8,0.52
807.0,0.52
808.2,0.52
809.5,0.48
810.7,0.52
811.9,0.52
813.1,0.52
814.3,0.52
815.5,0.52
816.7,0.52
817.9,0.52
819.0,0.57
820.2,0.52
821.4,0.52
822.6,0.52
823.8,0.52
824.9,0.57
826.1,0.52
827.3,0.52
828.5,0.52
829.7,0.52
830.9,0.52
832.1,0.52
833.3,0.52
834.5,0.52
835.8,0.48
837.0,0.52
838.2,0.52
839.4,0.52
840.6,0.52
841.8,0.52
843.1,0.48
844.3,0.52
845.5,0.52
846.7,0.52
847.9,0.52
849.0,0.57
850.2,0.52
851.5,0.48
852.7,0.52
853.9,0.52
855.1,0.52
856.3,0.52
857.5,0.52
858.7,0.52
860.0,0.48
861.2,0.52
862.4,0.52
863.6,0.52
864.9,0.48
866.2,0.48
867.5,0.48
868.8,0.48
870.1,0.48
871.4,0.48
872.7,0.48
874.0,0.48
875.3,0.48
876.6,0.48
878.0,0.45
879.3,0.48
880.5,0.52
881.8,0.48
883.0,0.52
884.2,0.52
885.5,0.48
886.7,0.52
888.0,0.48
889.2,0.52
890.4,0.52
891.6,0.52
892.9,0.48
894.2,0.48
895.4,0.52
896.7,0.48
898.0,0.48
899.2,0.52
900.5,0.48
901.8,0.48
903.1,0.48
904.4,0.48
905.7,0.48
907.0,0.48
908.2,0.52
909.4,0.52
910.7,0.48
911.9,0.52
913.1,0.52
914.4,0.48
915.7,0.48
916.9,0.52
918.2,0.48
919.5,0.48
920.7,0.52
921.9,0.52
923.2,0.48
924.5,0.48
925.8,0.48
927.1,0.48
928.4,0.48
929.7,0.48
931.1,0.45
932.4,0.48
933.7,0.48
935.0,0.48
936.3,0.48
937.6,0.48
938.8,0.52
940.1,0.48
941.4,0.48
942.6,0.52
943.9,0.48
945.1,0.52
946.3,0.52
947.5,0.52
948.8,0.48
950.0,0.52
951.3,0.48
952.6,0.48
953.9,0.48
955.2,0.48
956.5,0.48
957.8,0.48
959.1,0.48
960.4,0.48
961.7,0.48
963.0,0.48
964.2,0.52
965.4,0.52
966.7,0.48
967.9,0.52
969.1,0.52
970.4,0.48
971.6,0.52
972.9,0.48
974.1,0.52
975.4,0.48
976.6,0.52
977.8,0.52
979.0,0.52
980.2,0.52
981.4,0.52
982.5,0.57
983.7,0.52
984.9,0.52
986.1,0.52
987.3,0.52
988.5,0.52
989.7,0.52
990.9,0.52
992.1,0.52
993.3,0.52
994.5,0.52
995.7,0.52
996.9,0.52
998.1,0.52
999.4,0.48
1000.6,0.52
1001.8,0.52
1003.1,0.48
1004.3,0.52
1005.5,0.52
1006.7,0.52
1007.9,0.52
1009.2,0.48
1010.4,0.52
1011.6,0.52
1012.9,0.48
1014.1,0.52
1015.3,0.52
1016.5,0.52
1017.7,0.52
1018.9,0.52
1020.1,0.52
1021.3,0.52
1022.5,0.52
1023.7,0.52
1024.9,0.52
1026.1,0.52
1027.3,0.52
1028.5,0.52
1029.7,0.52
1031.0,0.48
1032.2,0.52
1033.4,0.52
1034.6,0.52
1035.8,0.52
1037.1,0.48
1038.3,0.52
1039.5,0.52
1040.7,0.52
1042.0,0.48
1043.2,0.52
1044.4,0.52
1045.6,0.52
1046.8,0.52
1048.1,0.48
1049.3,0.52
1050.5,0.52
1051.8,0.48
1053.0,0.52
1054.2,0.52
1055.4,0.52
1056.6,0.52
1057.8,0.52
1058.9,0.57
1060.1,0.52
1061.3,0.52
1062.5,0.52
1063.7,0.52
1064.9,0.52
1066.1,0.52
1067.3,0.52
1068.5,0.52
1069.7,0.52
1071.0,0.48
1072.2,0.52
1073.4,0.52
1074.7,0.48
1075.9,0.52
1077.1,0.52
1078.4,0.48
1079.6,0.52
1080.8,0.52
1082.0,0.52
1083.2,0.52
1084.5,0.48
1085.7,0.52
1086.9,0.52
1088.1,0.52
1089.3,0.52
1090.5,0.52
1091.8,0.48
1093.0,0.52
1094.2,0.52
1095.4,0.52
1096.6,0.52
1097.8,0.52
1099.0,0.52
1100.2,0.52
1101.5,0.48
1102.7,0.52
1103.9,0.52
1105.2,0.48
1106.4,0.52
1107.6,0.52
1108.8,0.52
1110.1,0.48
1111.3,0.52
1112.6,0.48
1113.8,0.52
1115.0,0.52
1116.2,0.52
1117.4,0.52
1118.6,0.52
1119.8,0.52
1121.0,0.52
1122.2,0.52
1123.5,0.48
1124.7,0.52
1125.9,0.52
1127.2,0.48
1128.4,0.52
1129.6,0.52
1130.8,0.52
1132.0,0.52
1133.2,0.52
1134.5,0.48
1135.7,0.52
1136.9,0.52
1138.1,0.52
1139.4,0.48
1140.6,0.52
1141.8,0.52
1143.1,0.48
1144.3,0.52
1145.6,0.48
1146.8,0.52
1148.1,0.48
1149.3,0.52
1150.6,0.48
1151.9,0.48
1153.2,0.48
1154.4,0.52
1155.7,0.48
1156.9,0.52
1158.1,0.52
1159.3,0.52
1160.6,0.48
1161.8,0.52
1163.0,0.52
1164.2,0.52
1165.5,0.48
1166.7,0.52
1167.9,0.52
1169.2,0.48
1170.4,0.52
1171.6,0.52
1172.8,0.52
1174.1,0.48
1175.3,0.52
1176.6,0.48
1177.8,0.52
1179.0,0.52
1180.2,0.52
1181.4,0.52
1182.6,0.52
1183.8,0.52
1185.1,0.48
1186.3,0.52
1187.6,0.48
1188.8,0.52
1190.1,0.48
1191.3,0.52
1192.6,0.48
1193.8,0.52
1195.1,0.48
1196.3,0.52
1197.6,0.48
1198.8,0.52
1200.1,0.48
1201.3,0.52
1202.6,0.48
1203.9,0.48
1205.1,0.52
1206.4,0.48
1207.7,0.48
1209.0,0.48
1210.2,0.52
1211.5,0.48
1212.8,0.48
1214.1,0.48
1215.4,0.48
1216.7,0.48
1218.0,0.48
1219.2,0.52
1220.5,0.48
1221.8,0.48
1223.0,0.52
1224.3,0.48
1225.6,0.48
1226.8,0.52
1228.1,0.48
1229.4,0.48
1230.6,0.52
1231.9,0.48
1233.1,0.52
1234.4,0.48
1235.7,0.48
1236.9,0.52
1238.2,0.48
1239.4,0.52
1240.7,0.48
1241.9,0.52
1243.1,0.52
1244.3,0.52
1245.6,0.48
1246.8,0.52
1248.0,0.52
1249.2,0.52
1250.4,0.52
1251.7,0.48
1252.9,0.52
1254.2,0.48
1255.4,0.52
1256.6,0.52
1257.8,0.52
1259.1,0.48
1260.3,0.52
1261.6,0.48
1262.8,0.52
1264.1,0.48
1265.3,0.52
1266.5,0.52
1267.8,0.48
1269.0,0.52
1270.2,0.52
1271.4,0.52
1272.6,0.52
1273.8,0.52
1275.0,0.52
1276.3,0.48
1277.5,0.52
1278.8,0.48
1280.0,0.52
1281.3,0.48
1282.5,0.52
1283.8,0.48
1285.1,0.48
1286.4,0.48
1287.7,0.48
1288.9,0.52
1290.2,0.48
1291.5,0.48
1292.7,0.52
1294.0,0.48
1295.2,0.52
1296.5,0.48
1297.8,0.48
1299.1,0.48
1300.4,0.48
1301.7,0.48
1303.0,0.48
1304.2,0.52
1305.5,0.48
1306.8,0.48
1308.1,0.48
1309.4,0.48
1310.7,0.48
1311.9,0.52
1313.2,0.48
1314.5,0.48
1315.8,0.48
1317.1,0.48
1318.3,0.52
1319.6,0.48
1320.9,0.48
1322.2,0.48
1323.5,0.48
1324.8,0.48
1326.1,0.48
1327.4,0.48
1328.6,0.52
1329.9,0.48
1331.2,0.48
1332.4,0.52
1333.6,0.52
1334.9,0.48
1336.1,0.52
1337.4,0.48
1338.7,0.48
1339.9,0.52
1341.2,0.48
1342.5,0.48
1343.8,0.48
1345.0,0.52
1346.3,0.48
1347.6,0.48
1348.9,0.48
1350.2,0.48
1351.5,0.48
1352.7,0.52
1354.0,0.48
1355.3,0.48
1356.6,0.48
1357.8,0.52
1359.1,0.48
1360.3,0.52
1361.6,0.48
1362.8,0.52
1364.0,0.52
1365.3,0.48
1366.6,0.48
1367.8,0.52
1369.1,0.48
1370.4,0.48
1371.7,0.48
1373.0,0.48
1374.3,0.48
1375.6,0.48
1376.9,0.48
1378.2,0.48
1379.5,0.48
1380.8,0.48
1382.0,0.52
1383.3,0.48
1384.5,0.52
1385.8,0.48
1387.0,0.52
1388.3,0.48
1389.6,0.48
1390.8,0.52
1392.1,0.48
1393.3,0.52
1394.6,0.48
1395.8,0.52
1397.1,0.48
1398.3,0.52
1399.5,0.52
1400.8,0.48
1402.0,0.52
1403.3,0.48
1404.6,0.48
1405.8,0.52
1407.1,0.48
1408.4,0.48
1409.7,0.48
1411.0,0.48
1412.3,0.48
1413.6,0.48
1414.8,0.52
1416.1,0.48
1417.4,0.48
1418.7,0.48
1420.0,0.48
1421.3,0.48
1422.6,0.48
1423.9,0.48
1425.2,0.48
1426.5,0.48
1427.7,0.52
1429.0,0.48
1430.3,0.48
1431.6,0.48
1432.9,0.48
1434.2,0.48
1435.5,0.48
1436.8,0.48
1438.0,0.52
1439.3,0.48
1440.6,0.48
1441.9,0.48
1443.2,0.48
1444.4,0.52
1445.7,0.48
1447.0,0.48
1448.3,0.48
1449.5,0.52
1450.8,0.48
1452.1,0.48
1453.4,0.48
1454.7,0.48
1455.9,0.52
1457.2,0.48
1458.5,0.48
1459.7,0.52
1461.0,0.48
1462.3,0.48
1463.6,0.48
1464.9,0.48
1466.2,0.48
1467.4,0.52
1468.7,0.48
1470.0,0.48
1471.3,0.48
1472.6,0.48
1473.8,0.52
1475.1,0.48
1476.4,0.48
1477.7,0.48
1478.9,0.52
1480.2,0.48
1481.5,0.48
1482.8,0.48
1484.0,0.52
1485.3,0.48
1486.6,0.48
1487.8,0.52
1489.1,0.48
1490.4,0.48
1491.7,0.48
1493.0,0.48
1494.3,0.48
1495.5,0.52
1496.7,0.52
1498.0,0.48
1499.2,0.52
1500.4,0.52
1501.7,0.48
1503.0,0.48
1504.2,0.52
1505.5,0.48
1506.8,0.48
1508.1,0.48
1509.4,0.48
1510.7,0.48
1512.0,0.48
1513.2,0.52
1514.5,0.48
1515.8,0.48
1517.0,0.52
1518.3,0.48
1519.5,0.52
1520.8,0.48
1522.0,0.52
1523.3,0.48
1524.5,0.52
1525.8,0.48
1527.1,0.48
1528.4,0.48
1529.7,0.48
1530.9,0.52
1532.2,0.48
1533.5,0.48
1534.7,0.52
1536.0,0.48
1537.3,0.48
1538.5,0.52
1539.8,0.48
1541.1,0.48
1542.4,0.48
1543.7,0.48
1544.9,0.52
1546.2,0.48
1547.4,0.52
1548.7,0.48
1550.0,0.48
1551.2,0.52
1552.5,0.48
1553.8,0.48
1555.1,0.48
1556.3,0.52
1557.6,0.48
1558.9,0.48
1560.1,0.52
1561.4,0.48
1562.7,0.48
1563.9,0.52
1565.2,0.48
1566.5,0.48
1567.8,0.48
1569.1,0.48
1570.4,0.48
1571.7,0.48
1572.9,0.52
1574.2,0.48
1575.5,0.48
1576.8,0.48
1578.1,0.48
1579.4,0.48
1580.7,0.48
1582.0,0.48
1583.2,0.52
1584.5,0.48
1585.8,0.48
1587.1,0.48
1588.3,0.52
1589.6,0.48
1590.9,0.48
1592.2,0.48
1593.5,0.48
1594.8,0.48
1596.1,0.48
1597.4,0.48
1598.7,0.48
1600.0,0.48
1601.4,0.45
1602.7,0.48
1604.0,0.48
1605.3,0.48
1606.7,0.45
1608.0,0.48
1609.3,0.48
1610.6,0.48
1611.9,0.48
1613.2,0.48
1614.5,0.48
1615.8,0.48
1617.1,0.48
1618.4,0.48
1619.7,0.48
1621.0,0.48
1622.2,0.52
1623.5,0.48
1624.8,0.48
1626.1,0.48
1627.4,0.48
1628.7,0.48
1630.0,0.48
1631.3,0.48
1632.6,0.48
1633.9,0.48
1635.2,0.48
1636.5,0.48
1637.8,0.48
1639.1,0.48
1640.4,0.48
1641.7,0.48
1643.1,0.45
1644.5,0.45
1645.8,0.48
1647.1,0.48
1648.5,0.45
1649.8,0.48
1651.2,0.45
1652.5,0.48
1653.8,0.48
1655.1,0.48
1656.4,0.48
1657.7,0.48
1659.0,0.48
1660.3,0.48
1661.6,0.48
1663.0,0.45
1664.3,0.48
1665.6,0.48
1666.9,0.48
1668.2,0.48
1669.5,0.48
1670.8,0.48
1672.1,0.48
1673.5,0.45
1674.8,0.48
1676.2,0.45
1677.5,0.48
1678.9,0.45
1680.2,0.48
1681.5,0.48
1682.9,0.45
1684.2,0.48
1685.5,0.48
1686.9,0.45
1688.2,0.48
1689.6,0.45
1691.0,0.45
1692.5,0.42
1693.8,0.48
1695.2,0.45
1696.5,0.48
1697.9,0.45
1699.2,0.48
1700.5,0.48
1701.9,0.45
1703.2,0.48
1704.5,0.48
1705.8,0.48
1707.0,0.52
1708.3,0.48
1709.6,0.48
1710.9,0.48
1712.1,0.52
1713.4,0.48
1714.7,0.48
1716.0,0.48
1717.4,0.45
1718.7,0.48
1720.0,0.48
1721.4,0.45
1722.7,0.48
1724.0,0.48
1725.3,0.48
1726.7,0.45
1728.0,0.48
1729.3,0.48
1730.5,0.52
1731.8,0.48
1733.1,0.48
1734.3,0.52
1735.6,0.48
1736.8,0.52
1738.1,0.48
1739.4,0.48
1740.7,0.48
1742.0,0.48
1743.3,0.48
1744.7,0.45
1745.9,0.52
1747.2,0.48
1748.5,0.48
1749.8,0.48
1751.2,0.45
1752.6,0.45
1754.0,0.45
1755.4,0.45
1756.8,0.45
1758.2,0.45
1759.6,0.45
1761.0,0.45
1762.4,0.45
1763.8,0.45
1765.2,0.45
1766.5,0.48
1767.9,0.45
1769.2,0.48
1770.5,0.48
1771.8,0.48
1773.2,0.45
1774.5,0.48
1775.9,0.45
1777.3,0.45
1778.7,0.45
1780.0,0.48
1781.4,0.45
1782.8,0.45
1784.1,0.48
1785.5,0.45
1786.8,0.48
1788.1,0.48
1789.4,0.48
1790.7,0.48
1792.0,0.48
1793.2,0.52
1794.5,0.48
1795.8,0.48
1797.1,0.48
1798.4,0.48
1799.8,0.45
1801.1,0.48
1802.4,0.48
1803.7,0.48
1805.0,0.48
1806.3,0.48
1807.7,0.45
1809.0,0.48
1810.2,0.52
1811.5,0.48
1812.8,0.48
1814.0,0.52
1815.3,0.48
1816.6,0.48
1817.9,0.48
1819.2,0.48
1820.5,0.48
1821.8,0.48
1823.1,0.48
1824.4,0.48
1825.7,0.48
1827.0,0.48
1828.3,0.48
1829.6,0.48
1830.9,0.48
1832.2,0.48
1833.5,0.48
1834.8,0.48
1836.1,0.48
1837.4,0.48
1838.7,0.48
1840.0,0.48
1841.3,0.48
1842.6,0.48
1843.8,0.52
1845.1,0.48
1846.4,0.48
1847.7,0.48
1849.0,0.48
1850.2,0.52
1851.5,0.48
1852.8,0.48
1854.0,0.52
1855.3,0.48
1856.5,0.52
1857.8,0.48
1859.0,0.52
1860.3,0.48
1861.6,0.48
1862.8,0.52
1864.1,0.48
1865.4,0.48
1866.7,0.48
1868.0,0.48
1869.2,0.52
1870.5,0.48
1871.8,0.48
1873.1,0.48
1874.4,0.48
1875.7,0.48
1876.9,0.52
1878.2,0.48
1879.5,0.48
1880.8,0.48
1882.1,0.48
1883.3,0.52
1884.5,0.52
1885.8,0.48
1887.0,0.52
1888.3,0.48
1889.5,0.52
1890.8,0.48
1892.1,0.48
1893.4,0.48
1894.7,0.48
1896.0,0.48
1897.2,0.52
1898.5,0.48
1899.8,0.48
1901.1,0.48
1902.4,0.48
1903.7,0.48
1905.0,0.48
1906.3,0.48
1907.6,0.48
1908.9,0.48
1910.2,0.48
1911.5,0.48
1912.8,0.48
1914.1,0.48
1915.4,0.48
1916.7,0.48
1918.0,0.48
1919.3,0.48
1920.6,0.48
1921.9,0.48
1923.2,0.48
1924.4,0.52
1925.7,0.48
1927.0,0.48
1928.2,0.52
1929.4,0.52
1930.7,0.48
1932.0,0.48
1933.2,0.52
1934.5,0.48
1935.7,0.52
1937.0,0.48
1938.2,0.52
1939.5,0.48
1940.8,0.48
1942.1,0.48
1943.4,0.48
1944.7,0.48
1946.0,0.48
1947.3,0.48
1948.6,0.48
1949.9,0.48
1951.2,0.48
1952.5,0.48
1953.8,0.48
1955.1,0.48
1956.5,0.45
1957.8,0.48
1959.1,0.48
1960.4,0.48
1961.8,0.45
1963.1,0.48
1964.4,0.48
1965.7,0.48
1967.0,0.48
1968.3,0.48
1969.6,0.48
1970.9,0.48
1972.2,0.48
1973.5,0.48
1974.8,0.48
1976.1,0.48
1977.3,0.52
1978.6,0.48
1979.9,0.48
1981.1,0.52
1982.4,0.48
1983.7,0.48
1984.9,0.52
1986.2,0.48
1987.5,0.48
1988.9,0.45
1990.2,0.48
1991.5,0.48
1992.7,0.52
1994.0,0.48
1995.3,0.48
1996.6,0.48
1997.9,0.48
1999.2,0.48
2000.5,0.48
2001.8,0.48
2003.1,0.48
2004.4,0.48
2005.7,0.48
2006.9,0.52
2008.2,0.48
2009.5,0.48
2010.8,0.48
2012.0,0.52
2013.3,0.48
2014.6,0.48
2015.8,0.52
2017.1,0.48
2018.4,0.48
2019.6,0.52
2020.9,0.48
2022.2,0.48
2023.4,0.52
2024.7,0.48
2026.0,0.48
2027.3,0.48
2028.6,0.48
2029.9,0.48
2031.2,0.48
2032.5,0.48
2033.8,0.48
2035.1,0.48
2036.4,0.48
2037.7,0.48
2039.0,0.48
2040.3,0.48
2041.7,0.45
2043.0,0.48
2044.3,0.48
2045.6,0.48
2046.9,0.48
2048.2,0.48
2049.5,0.48
2050.8,0.48
2052.1,0.48
2053.5,0.45
2054.8,0.48
2056.1,0.48
2057.4,0.48
2058.7,0.48
2060.0,0.48
2061.3,0.48
2062.6,0.48
2063.9,0.48
2065.2,0.48
2066.5,0.48
2067.8,0.48
2069.1,0.48
2070.4,0.48
2071.7,0.48
2073.0,0.48
2074.2,0.52
2075.5,0.48
2076.8,0.48
2078.0,0.52
2079.3,0.48
2080.6,0.48
2081.9,0.48
2083.2,0.48
2084.5,0.48
2085.8,0.48
2087.1,0.48
2088.4,0.48
2089.7,0.48
2091.0,0.48
2092.3,0.48
2093.6,0.48
2094.9,0.48
2096.2,0.48
2097.6,0.45
2098.9,0.48
2100.2,0.48
2101.5,0.48
2102.8,0.48
2104.1,0.48
2105.4,0.48
2106.7,0.48
2108.0,0.48
2109.3,0.48
2110.6,0.48
2111.9,0.48
2113.2,0.48
2114.4,0.52
2115.7,0.48
2116.9,0.52
2118.2,0.48
2119.5,0.48
2120.7,0.52
2122.0,0.48
2123.2,0.52
2124.5,0.48
2125.8,0.48
2127.1,0.48
2128.3,0.52
2129.6,0.48
2130.9,0.48
2132.2,0.48
2133.5,0.48
2134.7,0.52
2136.0,0.48
2137.3,0.48
2138.6,0.48
2139.8,0.52
2141.1,0.48
2142.3,0.52
2143.6,0.48
2144.8,0.52
2146.1,0.48
2147.4,0.48
2148.7,0.48
2150.0,0.48
2151.3,0.48
2152.6,0.48
2153.9,0.48
2155.2,0.48
2156.5,0.48
2157.8,0.48
2159.1,0.48
2160.3,0.52
2161.6,0.48
2162.9,0.48
2164.2,0.48
2165.4,0.52
2166.7,0.48
2168.0,0.48
2169.3,0.48
2170.6,0.48
2171.9,0.48
2173.2,0.48
2174.5,0.48
2175.8,0.48
2177.1,0.48
2178.4,0.48
2179.7,0.48
2181.0,0.48
2182.3,0.48
2183.6,0.48
2184.9,0.48
2186.2,0.48
2187.5,0.48
2188.8,0.48
2190.1,0.48
2191.4,0.48
2192.8,0.45
2194.1,0.48
2195.4,0.48
2196.7,0.48
2197.9,0.52
2199.2,0.48
2200.5,0.48
2201.8,0.48
2203.1,0.48
2204.4,0.48
2205.7,0.48
2207.0,0.48
2208.3,0.48
2209.6,0.48
2210.9,0.48
2212.2,0.48
2213.5,0.48
2214.8,0.48
2216.1,0.48
2217.3,0.52
2218.6,0.48
2219.9,0.48
2221.1,0.52
2222.4,0.48
2223.7,0.48
2225.0,0.48
2226.3,0.48
2227.5,0.52
2228.8,0.48
2230.1,0.48
2231.4,0.48
2232.7,0.48
2234.0,0.48
2235.3,0.48
2236.6,0.48
2237.9,0.48
2239.2,0.48
2240.6,0.45
2241.9,0.48
2243.2,0.48
2244.5,0.48
2245.8,0.48
2247.1,0.48
2248.4,0.48
2249.8,0.45
2251.1,0.48
2252.4,0.48
2253.7,0.48
2255.0,0.48
2256.3,0.48
2257.6,0.48
2258.9,0.48
2260.2,0.48
2261.5,0.48
2262.8,0.48
2264.1,0.48
2265.4,0.48
2266.7,0.48
2268.0,0.48
2269.3,0.48
2270.6,0.48
2271.9,0.48
2273.2,0.48
2274.5,0.48
2275.8,0.48
2277.1,0.48
2278.4,0.48
2279.7,0.48
2280.9,0.52
2282.2,0.48
2283.5,0.48
2284.8,0.48
2286.1,0.48
2287.4,0.48
2288.7,0.48
2290.0,0.48
2291.2,0.52
2292.5,0.48
2293.8,0.48
2295.1,0.48
2296.3,0.52
2297.6,0.48
2298.9,0.48
2300.2,0.48
2301.5,0.48
2302.8,0.48
2304.1,0.48
2305.4,0.48
2306.7,0.48
2308.0,0.48
2309.2,0.52
2310.5,0.48
2311.7,0.52
2313.0,0.48
2314.2,0.52
2315.5,0.48
2316.7,0.52
2318.0,0.48
2319.2,0.52
2320.5,0.48
2321.7,0.52
2323.0,0.48
2324.2,0.52
2325.5,0.48
2326.8,0.48
2328.1,0.48
2329.4,0.48
2330.7,0.48
2332.0,0.48
2333.3,0.48
2334.6,0.48
2335.9,0.48
2337.1,0.52
2338.4,0.48
2339.7,0.48
2341.0,0.48
2342.3,0.48
2343.5,0.52
2344.8,0.48
2346.1,0.48
2347.4,0.48
2348.7,0.48
2350.0,0.48
2351.2,0.52
2352.5,0.48
2353.7,0.52
2354.9,0.52
2356.2,0.48
2357.5,0.48
2358.7,0.52
2360.0,0.48
2361.3,0.48
2362.6,0.48
2363.8,0.52
2365.1,0.48
2366.4,0.48
2367.7,0.48
2369.0,0.48
2370.4,0.45
2371.7,0.48
2373.0,0.48
2374.3,0.48
2375.6,0.48
2376.9,0.48
2378.2,0.48
2379.5,0.48
2380.8,0.48
2382.1,0.48
2383.4,0.48
2384.7,0.48
2386.0,0.48
2387.3,0.48
2388.6,0.48
2389.9,0.48
2391.2,0.48
2392.6,0.45
2393.9,0.48
2395.3,0.45
2396.7,0.45
2398.0,0.48
2399.4,0.45
2400.7,0.48
2402.1,0.45
2403.5,0.45
2404.9,0.45
2406.2,0.48
2407.6,0.45
2409.0,0.45
2410.3,0.48
2411.7,0.45
2413.0,0.48
2414.3,0.48
2415.7,0.45
2416.9,0.52
2418.2,0.48
2419.5,0.48
2420.8,0.48
2422.0,0.52
2423.2,0.52
2424.5,0.48
2425.8,0.48
2427.0,0.52
2428.3,0.48
2429.6,0.48
2430.9,0.48
2432.2,0.48
2433.5,0.48
2434.8,0.48
2436.1,0.48
2437.4,0.48
2438.7,0.48
2439.9,0.52
2441.2,0.48
2442.5,0.48
2443.8,0.48
2445.0,0.52
2446.3,0.48
2447.5,0.52
2448.8,0.48
2450.1,0.48
2451.4,0.48
2452.7,0.48
2454.0,0.48
2455.3,0.48
2456.6,0.48
2457.9,0.48
2459.2,0.48
2460.4,0.52
2461.7,0.48
2463.0,0.48
2464.3,0.48
2465.6,0.48
2466.9,0.48
2468.2,0.48
2469.5,0.48
2470.8,0.48
2472.1,0.48
2473.4,0.48
2474.7,0.48
2476.0,0.48
2477.4,0.45
2478.7,0.48
2480.0,0.48
2481.4,0.45
2482.7,0.48
2483.9,0.52
2485.2,0.48
2486.4,0.52
2487.7,0.48
2489.0,0.48
2490.3,0.48
2491.6,0.48
2492.8,0.52
2494.1,0.48
2495.4,0.48
2496.7,0.48
2497.9,0.52
2499.2,0.48
2500.4,0.52
2501.6,0.52
2502.9,0.48
2504.1,0.52
2505.3,0.52
2506.6,0.48
2507.8,0.52
2509.0,0.52
2510.2,0.52
2511.4,0.52
2512.6,0.52
2513.8,0.52
2515.1,0.48
2516.3,0.52
2517.6,0.48
2518.8,0.52
2520.1,0.48
2521.3,0.52
2522.6,0.48
2523.8,0.52
2525.1,0.48
2526.3,0.52
2527.6,0.48
2528.8,0.52
2530.0,0.52
2531.3,0.48
2532.6,0.48
2533.8,0.52
2535.1,0.48
2536.4,0.48
2537.7,0.48
2538.9,0.52
2540.2,0.48
2541.5,0.48
2542.8,0.48
2544.1,0.48
2545.3,0.52
2546.6,0.48
2547.9,0.48
2549.2,0.48
2550.5,0.48
2551.7,0.52
2553.0,0.48
2554.3,0.48
2555.6,0.48
2556.9,0.48
2558.2,0.48
2559.5,0.48
2560.8,0.48
2562.1,0.48
2563.4,0.48
2564.7,0.48
2566.0,0.48
2567.2,0.52
2568.5,0.48
2569.8,0.48
2571.0,0.52
2572.2,0.52
2573.5,0.48
2574.8,0.48
2576.1,0.48
2577.3,0.52
2578.6,0.48
2579.8,0.52
2581.1,0.48
2582.4,0.48
2583.6,0.52
2584.9,0.48
2586.2,0.48
2587.4,0.52
2588.7,0.48
2589.9,0.52
2591.2,0.48
2592.4,0.52
2593.7,0.48
2594.9,0.52
2596.1,0.52
2597.3,0.52
2598.6,0.48
2599.9,0.48
2601.1,0.52
2602.4,0.48
2603.6,0.52
2604.9,0.48
2606.2,0.48
2607.4,0.52
2608.7,0.48
2610.0,0.48
2611.2,0.52
2612.5,0.48
2613.7,0.52
2615.0,0.48
2616.2,0.52
2617.4,0.52
2618.6,0.52
2619.9,0.48
2621.1,0.52
2622.4,0.48
2623.6,0.52
2624.8,0.52
2626.1,0.48
2627.3,0.52
2628.6,0.48
2629.9,0.48
2631.1,0.52
2632.4,0.48
2633.7,0.48
2634.9,0.52
2636.2,0.48
2637.5,0.48
2638.7,0.52
2640.0,0.48
2641.3,0.48
2642.5,0.52
2643.8,0.48
2645.1,0.48
2646.3,0.52
2647.6,0.48
2648.9,0.48
2650.2,0.48
2651.4,0.52
2652.7,0.48
2653.9,0.52
2655.2,0.48
2656.4,0.52
2657.7,0.48
2659.0,0.48
2660.3,0.48
2661.6,0.48
2662.9,0.48
2664.1,0.52
2665.4,0.48
2666.7,0.48
2668.0,0.48
2669.2,0.52
2670.5,0.48
2671.8,0.48
2673.0,0.52
2674.3,0.48
2675.6,0.48
2676.8,0.52
2678.1,0.48
2679.4,0.48
2680.7,0.48
2681.9,0.52
2683.2,0.48
2684.5,0.48
2685.8,0.48
2687.1,0.48
2688.3,0.52
2689.6,0.48
2690.9,0.48
2692.2,0.48
2693.4,0.52
2694.7,0.48
2696.0,0.48
2697.3,0.48
2698.5,0.52
2699.8,0.48
2701.1,0.48
2702.4,0.48
2703.6,0.52
2704.9,0.48
2706.2,0.48
2707.4,0.52
2708.7,0.48
2709.9,0.52
2711.2,0.48
2712.5,0.48
2713.8,0.48
2715.1,0.48
2716.4,0.48
2717.7,0.48
2719.0,0.48
2720.3,0.48
2721.6,0.48
2722.9,0.48
2724.1,0.52
2725.4,0.48
2726.7,0.48
2728.0,0.48
2729.2,0.52
2730.5,0.48
2731.8,0.48
2733.0,0.52
2734.3,0.48
2735.5,0.52
2736.8,0.48
2738.1,0.48
2739.3,0.52
2740.6,0.48
2741.8,0.52
2743.1,0.48
2744.4,0.48
2745.7,0.48
2747.0,0.48
2748.3,0.48
2749.6,0.48
2750.9,0.48
2752.2,0.48
2753.5,0.48
2754.8,0.48
2756.1,0.48
2757.4,0.48
2758.7,0.48
2760.0,0.48
2761.3,0.48
2762.6,0.48
2763.9,0.48
2765.2,0.48
2766.4,0.52
2767.7,0.48
2769.0,0.48
2770.2,0.52
2771.5,0.48
2772.8,0.48
2774.1,0.48
2775.4,0.48
2776.6,0.52
2777.8,0.52
2779.1,0.48
2780.4,0.48
2781.6,0.52
2782.9,0.48
2784.2,0.48
2785.4,0.52
2786.7,0.48
2788.0,0.48
2789.3,0.48
2790.6,0.48
2791.8,0.52
2793.1,0.48
2794.3,0.52
2795.6,0.48
2796.8,0.52
2798.0,0.52
2799.2,0.52
2800.4,0.52
2801.7,0.48
2802.9,0.52
2804.1,0.52
2805.4,0.48
2806.6,0.52
2807.9,0.48
2809.2,0.48
2810.5,0.48
2811.7,0.52
2813.0,0.48
2814.3,0.48
2815.6,0.48
2816.8,0.52
2818.1,0.48
2819.4,0.48
2820.6,0.52
2821.9,0.48
2823.2,0.48
2824.5,0.48
2825.8,0.48
2827.0,0.52
2828.3,0.48
2829.6,0.48
2830.8,0.52
2832.1,0.48
2833.3,0.52
2834.6,0.48
2835.8,0.52
2837.1,0.48
2838.3,0.52
2839.6,0.48
2840.9,0.48
2842.2,0.48
2843.4,0.52
2844.7,0.48
2846.0,0.48
2847.2,0.52
2848.5,0.48
2849.8,0.48
2851.1,0.48
2852.3,0.52
2853.6,0.48
2854.8,0.52
2856.1,0.48
2857.3,0.52
2858.6,0.48
2859.8,0.52
2861.1,0.48
2862.4,0.48
2863.6,0.52
2864.9,0.48
2866.2,0.48
2867.5,0.48
2868.7,0.52
2870.0,0.48
2871.3,0.48
2872.6,0.48
2873.8,0.52
2875.1,0.48
2876.4,0.48
2877.7,0.48
2878.9,0.52
2880.2,0.48
2881.5,0.48
2882.7,0.52
2884.0,0.48
2885.2,0.52
2886.5,0.48
2887.8,0.48
2889.0,0.52
2890.3,0.48
2891.5,0.52
2892.8,0.48
2894.1,0.48
2895.3,0.52
2896.6,0.48
2897.9,0.48
2899.2,0.48
2900.4,0.52
2901.7,0.48
2903.0,0.48
2904.2,0.52
2905.5,0.48
2906.8,0.48
2908.1,0.48
2909.3,0.52
2910.6,0.48
2911.9,0.48
2913.1,0.52
2914.4,0.48
2915.7,0.48
2917.0,0.48
2918.2,0.52
2919.5,0.48
2920.7,0.52
2922.0,0.48
2923.2,0.52
2924.5,0.48
2925.8,0.48
2927.0,0.52
2928.3,0.48
2929.6,0.48
2930.9,0.48
2932.2,0.48
2933.5,0.48
2934.8,0.48
2936.0,0.52
2937.3,0.48
2938.5,0.52
2939.8,0.48
2941.1,0.48
2942.3,0.52
2943.6,0.48
2944.8,0.52
2946.1,0.48
2947.3,0.52
2948.6,0.48
2949.8,0.52
2951.1,0.48
2952.4,0.48
2953.6,0.52
2954.8,0.52
2956.1,0.48
2957.3,0.52
2958.5,0.52
2959.7,0.52
2960.9,0.52
2962.2,0.48
2963.4,0.52
2964.6,0.52
2965.9,0.48
2967.1,0.52
2968.4,0.48
2969.7,0.48
2971.0,0.48
2972.3,0.48
2973.6,0.48
2974.8,0.52
2976.1,0.48
2977.4,0.48
2978.7,0.48
2980.0,0.48
2981.3,0.48
2982.6,0.48
2983.9,0.48
2985.1,0.52
2986.4,0.48
2987.7,0.48
2988.9,0.52
2990.2,0.48
2991.5,0.48
2992.8,0.48
2994.0,0.52
2995.3,0.48
2996.5,0.52
2997.8,0.48
2999.0,0.52
3000.3,0.48
3001.5,0.52
3002.8,0.48
3004.0,0.52
3005.3,0.48
3006.5,0.52
3007.8,0.48
3009.1,0.48
3010.3,0.52
3011.6,0.48
3012.9,0.48
3014.1,0.52
3015.4,0.48
3016.7,0.48
3017.9,0.52
3019.2,0.48
3020.4,0.52
3021.7,0.48
3023.0,0.48
3024.2,0.52
3025.5,0.48
3026.8,0.48
3028.1,0.48
3029.4,0.48
3030.7,0.48
3031.9,0.52
3033.2,0.48
3034.5,0.48
3035.8,0.48
3037.0,0.52
3038.3,0.48
3039.6,0.48
3040.8,0.52
3042.1,0.48
3043.3,0.52
3044.6,0.48
3045.8,0.52
3047.1,0.48
3048.4,0.48
3049.7,0.48
3050.9,0.52
3052.2,0.48
3053.4,0.52
3054.6,0.52
3055.9,0.48
3057.1,0.52
3058.4,0.48
3059.6,0.52
3060.9,0.48
3062.1,0.52
3063.4,0.48
3064.7,0.48
3065.9,0.52
3067.2,0.48
3068.5,0.48
3069.8,0.48
3071.0,0.52
3072.3,0.48
3073.6,0.48
3074.8,0.52
3076.1,0.48
3077.4,0.48
3078.7,0.48
3079.9,0.52
3081.2,0.48
3082.4,0.52
3083.6,0.52
3084.9,0.48
3086.2,0.48
3087.4,0.52
3088.7,0.48
3090.0,0.48
3091.2,0.52
3092.5,0.48
3093.8,0.48
3095.0,0.52
3096.3,0.48
3097.6,0.48
3098.9,0.48
3100.2,0.48
3101.6,0.45
3102.8,0.52
3104.2,0.45
3105.5,0.48
3106.8,0.48
3108.2,0.45
3109.6,0.45
3111.0,0.45
3112.3,0.48
3113.7,0.45
3115.0,0.48
3116.3,0.48
3117.5,0.52
3118.8,0.48
3120.1,0.48
3121.3,0.52
3122.6,0.48
3123.8,0.52
3125.1,0.48
3126.4,0.48
3127.7,0.48
3128.9,0.52
3130.2,0.48
3131.5,0.48
3132.7,0.52
3134.0,0.48
3135.3,0.48
3136.6,0.48
3137.8,0.52
3139.1,0.48
3140.4,0.48
3141.6,0.52
3142.9,0.48
3144.2,0.48
3145.4,0.52
3146.7,0.48
3148.0,0.48
3149.4,0.45
3150.7,0.48
3152.1,0.45
3153.4,0.48
3154.7,0.48
3156.0,0.48
3157.3,0.48
3158.6,0.48
3159.8,0.52
3161.1,0.48
3162.4,0.48
3163.7,0.48
3165.0,0.48
3166.3,0.48
3167.7,0.45
3169.0,0.48
3170.3,0.48
3171.7,0.45
3173.0,0.48
3174.4,0.45
3175.7,0.48
3177.0,0.48
3178.4,0.45
3179.7,0.48
3181.1,0.45
3182.4,0.48
3183.8,0.45
3185.1,0.48
3186.5,0.45
3187.8,0.48
3189.2,0.45
3190.5,0.48
3191.8,0.48
3193.1,0.48
3194.3,0.52
3195.6,0.48
3196.8,0.52
3198.1,0.48
3199.3,0.52
3200.6,0.48
3201.9,0.48
3203.1,0.52
3204.4,0.48
3205.7,0.48
3206.9,0.52
3208.2,0.48
3209.5,0.48
3210.8,0.48
3212.1,0.48
3213.3,0.52
3214.6,0.48
3215.8,0.52
3217.0,0.52
3218.2,0.52
3219.4,0.52
3220.7,0.48
3221.9,0.52
3223.2,0.48
3224.4,0.52
3225.6,0.52
3226.8,0.52
3228.1,0.48
3229.3,0.52
3230.5,0.52
3231.8,0.48
3233.1,0.48
3234.3,0.52
3235.6,0.48
3236.8,0.52
3238.1,0.48
3239.3,0.52
3240.6,0.48
3241.8,0.52
3243.1,0.48
3244.4,0.48
3245.7,0.48
3247.0,0.48
3248.2,0.52
3249.5,0.48
3250.8,0.48
3252.0,0.52
3253.3,0.48
3254.5,0.52
3255.8,0.48
3257.1,0.48
3258.3,0.52
3259.6,0.48
3260.8,0.52
3262.1,0.48
3263.4,0.48
3264.7,0.48
3266.0,0.48
3267.3,0.48
3268.6,0.48
3269.9,0.48
3271.1,0.52
3272.4,0.48
3273.7,0.48
3275.0,0.48
3276.3,0.48
3277.5,0.52
3278.8,0.48
3280.1,0.48
3281.4,0.48
3282.7,0.48
3284.0,0.48
3285.4,0.45
3286.7,0.48
3288.0,0.48
3289.3,0.48
3290.6,0.48
3291.9,0.48
3293.2,0.48
3294.5,0.48
3295.8,0.48
3297.1,0.48
3298.3,0.52
3299.6,0.48
3300.9,0.48
3302.1,0.52
3303.4,0.48
3304.6,0.52
3305.9,0.48
3307.2,0.48
3308.5,0.48
3309.8,0.48
3311.1,0.48
3312.4,0.48
3313.7,0.48
3315.0,0.48
3316.2,0.52
3317.5,0.48
3318.8,0.48
3320.1,0.48
3321.3,0.52
3322.6,0.48
3323.8,0.52
3325.1,0.48
3326.4,0.48
3327.7,0.48
3329.0,0.48
3330.2,0.52
3331.5,0.48
3332.8,0.48
3334.1,0.48
3335.3,0.52
3336.6,0.48
3337.8,0.52
3339.1,0.48
3340.4,0.48
3341.6,0.52
3342.9,0.48
3344.2,0.48
3345.5,0.48
3346.8,0.48
3348.1,0.48
3349.3,0.52
3350.6,0.48
3351.9,0.48
3353.2,0.48
3354.5,0.48
3355.8,0.48
3357.1,0.48
3358.3,0.52
3359.6,0.48
3360.9,0.48
3362.2,0.48
3363.5,0.48
3364.8,0.48
3366.1,0.48
3367.3,0.52
3368.6,0.48
3369.9,0.48
3371.2,0.48
3372.4,0.52
3373.7,0.48
3375.0,0.48
3376.2,0.52
3377.5,0.48
3378.8,0.48
3380.1,0.48
3381.4,0.48
3382.7,0.48
3384.0,0.48
3385.2,0.52
3386.5,0.48
3387.8,0.48
3389.1,0.48
3390.4,0.48
3391.7,0.48
3392.9,0.52
3394.2,0.48
3395.4,0.52
3396.7,0.48
3398.0,0.48
3399.2,0.52
3400.5,0.48
3401.7,0.52
3403.0,0.48
3404.3,0.48
3405.6,0.48
3406.8,0.52
3408.1,0.48
3409.4,0.48
3410.7,0.48
3412.1,0.45
3413.3,0.52
3414.6,0.48
3415.9,0.48
3417.2,0.48
3418.5,0.48
3419.8,0.48
3421.0,0.52
3422.3,0.48
3423.6,0.48
3424.9,0.48
3426.2,0.48
3427.6,0.45
3428.8,0.52
3430.2,0.45
3431.4,0.52
3432.7,0.48
3434.0,0.48
3435.3,0.48
3436.6,0.48
3437.9,0.48
3439.2,0.48
3440.4,0.52
3441.7,0.48
3443.0,0.48
3444.3,0.48
3445.6,0.48
3446.8,0.52
3448.1,0.48
3449.4,0.48
3450.7,0.48
3451.9,0.52
3453.2,0.48
3454.5,0.48
3455.8,0.48
3457.1,0.48
3458.3,0.52
3459.6,0.48
3460.9,0.48
3462.2,0.48
3463.4,0.52
3464.7,0.48
3466.0,0.48
3467.3,0.48
3468.5,0.52
3469.8,0.48
3471.1,0.48
3472.4,0.48
3473.7,0.48
3475.0,0.48
3476.3,0.48
3477.6,0.48
3478.9,0.48
3480.2,0.48
3481.4,0.52
3482.8,0.45
3484.0,0.52
3485.3,0.48
3486.6,0.48
3487.9,0.48
3489.2,0.48
3490.4,0.52
3491.7,0.48
3493.0,0.48
3494.2,0.52
3495.5,0.48
3496.8,0.48
3498.1,0.48
3499.4,0.48
3500.7,0.48
3501.9,0.52
3503.2,0.48
3504.5,0.48
3505.8,0.48
3507.1,0.48
3508.4,0.48
3509.7,0.48
3511.0,0.48
3512.3,0.48
3513.6,0.48
3514.8,0.52
3516.1,0.48
3517.4,0.48
3518.7,0.48
3520.0,0.48
3521.3,0.48
3522.6,0.48
3523.9,0.48
3525.2,0.48
3526.5,0.48
3527.8,0.48
3529.1,0.48
3530.4,0.48
3531.7,0.48
3532.9,0.52
3534.2,0.48
3535.5,0.48
3536.8,0.48
3538.1,0.48
3539.4,0.48
3540.6,0.52
3541.9,0.48
3543.2,0.48
3544.5,0.48
3545.8,0.48
3547.1,0.48
3548.3,0.52
3549.6,0.48
3550.9,0.48
3552.2,0.48
3553.5,0.48
3554.8,0.48
3556.1,0.48
3557.3,0.52
3558.6,0.48
3559.9,0.48
3561.2,0.48
3562.5,0.48
3563.8,0.48
3565.1,0.48
3566.3,0.52
3567.6,0.48
3568.9,0.48
3570.2,0.48
3571.5,0.48
3572.8,0.48
3574.2,0.45
3575.5,0.48
3576.8,0.48
3578.1,0.48
3579.4,0.48
3580.7,0.48
3582.0,0.48
3583.3,0.48
3584.6,0.48
3585.9,0.48
3587.2,0.48
3588.5,0.48
3589.8,0.48
3591.1,0.48
3592.4,0.48
3593.7,0.48
3595.0,0.48
3596.3,0.48
3597.5,0.52
3598.8,0.48
3600.1,0.48
3601.3,0.52
3602.6,0.48
3603.9,0.48
3605.2,0.48
3606.5,0.48
3607.7,0.52
3609.0,0.48
3610.3,0.48
3611.5,0.52
3612.8,0.48
3614.0,0.52
3615.3,0.48
3616.6,0.48
3617.8,0.52
3619.1,0.48
3620.4,0.48
3621.7,0.48
3623.0,0.48
3624.2,0.52
3625.5,0.48
3626.8,0.48
3628.1,0.48
3629.4,0.48
3630.7,0.48
3631.9,0.52
3633.2,0.48
3634.5,0.48
3635.8,0.48
3637.1,0.48
3638.4,0.48
3639.7,0.48
3641.0,0.48
3642.3,0.48
3643.5,0.52
3644.8,0.48
3646.1,0.48
3647.4,0.48
3648.6,0.52
3649.9,0.48
3651.1,0.52
3652.4,0.48
3653.7,0.48
3654.9,0.52
3656.2,0.48
3657.5,0.48
3658.8,0.48
3660.1,0.48
3661.3,0.52
3662.6,0.48
3663.9,0.48
3665.2,0.48
3666.5,0.48
3667.8,0.48
3669.0,0.52
3670.3,0.48
3671.6,0.48
3672.8,0.52
3674.1,0.48
3675.4,0.48
3676.6,0.52
3677.9,0.48
3679.2,0.48
3680.4,0.52
3681.7,0.48
3682.9,0.52
3684.2,0.48
3685.5,0.48
3686.7,0.52
3688.0,0.48
3689.3,0.48
3690.5,0.52
3691.7,0.52
3692.9,0.52
3694.2,0.48
3695.4,0.52
3696.6,0.52
3697.9,0.48
3699.1,0.52
3700.4,0.48
3701.6,0.52
3702.9,0.48
3704.2,0.48
3705.4,0.52
3706.7,0.48
3708.0,0.48
3709.3,0.48
3710.5,0.52
3711.8,0.48
3713.0,0.52
3714.3,0.48
3715.6,0.48
3716.8,0.52
3718.1,0.48
3719.3,0.52
3720.6,0.48
3721.9,0.48
3723.2,0.48
3724.4,0.52
3725.7,0.48
3726.9,0.52
3728.1,0.52
3729.4,0.48
3730.6,0.52
3731.9,0.48
3733.2,0.48
3734.4,0.52
3735.7,0.48
3737.0,0.48
3738.2,0.52
3739.5,0.48
3740.8,0.48
3742.0,0.52
3743.3,0.48
3744.6,0.48
3745.8,0.52
3747.1,0.48
3748.3,0.52
3749.5,0.52
3750.8,0.48
3752.0,0.52
3753.2,0.52
3754.5,0.48
3755.7,0.52
3757.0,0.48
3758.2,0.52
3759.5,0.48
3760.8,0.48
3762.0,0.52
3763.3,0.48
3764.6,0.48
3765.8,0.52
3767.1,0.48
3768.4,0.48
3769.7,0.48
3770.9,0.52
3772.2,0.48
3773.5,0.48
3774.7,0.52
3776.0,0.48
3777.3,0.48
3778.6,0.48
3779.8,0.52
3781.1,0.48
3782.3,0.52
3783.6,0.48
3784.8,0.52
3786.1,0.48
3787.3,0.52
3788.5,0.52
3789.7,0.52
3791.0,0.48
3792.2,0.52
3793.4,0.52
3794.7,0.48
3795.9,0.52
3797.2,0.48
3798.4,0.52
3799.7,0.48
3801.1,0.45
3802.4,0.48
3803.8,0.45
3805.1,0.48
3806.4,0.48
3807.8,0.45
3809.1,0.48
3810.5,0.45
3811.9,0.45
3813.2,0.48
3814.6,0.45
3816.0,0.45
3817.3,0.48
3818.6,0.48
3819.9,0.48
3821.2,0.48
3822.5,0.48
3823.8,0.48
3825.2,0.45
3826.5,0.48
3827.8,0.48
3829.2,0.45
3830.5,0.48
3831.8,0.48
3833.1,0.48
3834.3,0.52
3835.6,0.48
3836.8,0.52
3838.0,0.52
3839.2,0.52
3840.5,0.48
3841.7,0.52
3842.9,0.52
3844.2,0.48
3845.4,0.52
3846.7,0.48
3848.0,0.48
3849.3,0.48
3850.6,0.48
3851.9,0.48
3853.2,0.48
3854.6,0.45
3855.9,0.48
3857.2,0.48
3858.6,0.45
3859.9,0.48
3861.2,0.48
3862.5,0.48
3863.8,0.48
3865.1,0.48
3866.4,0.48
3867.7,0.48
3869.0,0.48
3870.3,0.48
3871.6,0.48
3872.9,0.48
3874.2,0.48
3875.6,0.45
3876.9,0.48
3878.2,0.48
3879.5,0.48
3880.8,0.48
3882.1,0.48
3883.5,0.45
3884.8,0.48
3886.1,0.48
3887.4,0.48
3888.8,0.45
3890.2,0.45
3891.5,0.48
3892.8,0.48
3894.1,0.48
3895.4,0.48
3896.8,0.45
3898.1,0.48
3899.6,0.42
3901.1,0.42
3902.5,0.45
3903.9,0.45
3905.2,0.48
3906.6,0.45
3907.9,0.48
3909.2,0.48
3910.5,0.48
3911.8,0.48
3913.1,0.48
3914.4,0.48
3915.7,0.48
3917.0,0.48
3918.3,0.48
3919.6,0.48
3920.8,0.52
3922.1,0.48
3923.4,0.48
3924.7,0.48
3926.0,0.48
3927.2,0.52
3928.5,0.48
3929.8,0.48
3931.0,0.52
3932.3,0.48
3933.6,0.48
3934.8,0.52
3936.1,0.48
3937.4,0.48
3938.6,0.52
3939.9,0.48
3941.2,0.48
3942.4,0.52
3943.7,0.48
3945.0,0.48
3946.3,0.48
3947.6,0.48
3948.9,0.48
3950.2,0.48
3951.6,0.45
3952.9,0.48
3954.3,0.45
3955.6,0.48
3956.9,0.48
3958.2,0.48
3959.5,0.48
3960.8,0.48
3962.0,0.52
3963.3,0.48
3964.6,0.48
3965.8,0.52
3967.1,0.48
3968.4,0.48
3969.6,0.52
3970.9,0.48
3972.2,0.48
3973.4,0.52
3974.7,0.48
3976.0,0.48
3977.3,0.48
3978.6,0.48
3979.9,0.48
3981.2,0.48
3982.5,0.48
3983.8,0.48
3985.1,0.48
3986.4,0.48
3987.7,0.48
3989.0,0.48
3990.3,0.48
3991.7,0.45
3993.0,0.48
3994.3,0.48
3995.5,0.52
3996.8,0.48
3998.1,0.48
3999.3,0.52
4000.6,0.48
4001.9,0.48
4003.2,0.48
4004.5,0.48
4005.8,0.48
4007.1,0.48
4008.4,0.48
4009.7,0.48
4011.0,0.48
4012.2,0.52
4013.5,0.48
4014.8,0.48
4016.1,0.48
4017.4,0.48
4018.7,0.48
4020.0,0.48
4021.3,0.48
4022.6,0.48
4023.9,0.48
4025.2,0.48
4026.4,0.52
4027.7,0.48
4029.0,0.48
4030.3,0.48
4031.6,0.48
4032.9,0.48
4034.2,0.48
4035.5,0.48
4036.8,0.48
4038.1,0.48
4039.4,0.48
4040.7,0.48
4041.9,0.52
4043.2,0.48
4044.6,0.45
4045.9,0.48
4047.2,0.48
4048.5,0.48
4049.8,0.48
4051.1,0.48
4052.4,0.48
4053.6,0.52
4054.9,0.48
4056.2,0.48
4057.5,0.48
4058.8,0.48
4060.1,0.48
4061.4,0.48
4062.7,0.48
4064.0,0.48
4065.3,0.48
4066.6,0.48
4067.9,0.48
4069.1,0.52
4070.4,0.48
4071.7,0.48
4073.0,0.48
4074.3,0.48
4075.6,0.48
4076.9,0.48
4078.2,0.48
4079.5,0.48
4080.8,0.48
4082.1,0.48
4083.4,0.48
4084.7,0.48
4086.0,0.48
4087.3,0.48
4088.6,0.48
4089.9,0.48
4091.2,0.48
4092.5,0.48
4093.8,0.48
4095.0,0.52
4096.3,0.48
4097.6,0.48
4098.8,0.52
4100.1,0.48
4101.3,0.52
4102.6,0.48
4103.8,0.52
4105.1,0.48
4106.4,0.48
4107.7,0.48
4109.0,0.48
4110.3,0.48
4111.6,0.48
4112.9,0.48
4114.2,0.48
4115.5,0.48
4116.8,0.48
4118.1,0.48
4119.4,0.48
4120.6,0.52
4121.9,0.48
4123.2,0.48
4124.4,0.52
4125.7,0.48
4127.0,0.48
4128.3,0.48
4129.6,0.48
4130.8,0.52
4132.1,0.48
4133.4,0.48
4134.7,0.48
4136.0,0.48
4137.3,0.48
4138.6,0.48
4139.9,0.48
4141.2,0.48
4142.5,0.48
4143.8,0.48
4145.1,0.48
4146.4,0.48
4147.7,0.48
4149.0,0.48
4150.3,0.48
4151.6,0.48
4152.8,0.52
4154.1,0.48
4155.4,0.48
4156.6,0.52
4157.9,0.48
4159.2,0.48
4160.5,0.48
4161.8,0.48
4163.1,0.48
4164.4,0.48
4165.7,0.48
4167.0,0.48
4168.3,0.48
4169.6,0.48
4170.9,0.48
4172.2,0.48
4173.4,0.52
4174.7,0.48
4176.0,0.48
4177.3,0.48
4178.6,0.48
4179.9,0.48
4181.1,0.52
4182.4,0.48
4183.7,0.48
4185.1,0.45
4186.4,0.48
4187.7,0.48
4189.0,0.48
4190.3,0.48
4191.6,0.48
4192.9,0.48
4194.2,0.48
4195.5,0.48
4196.8,0.48
4198.2,0.45
4199.5,0.48
4200.8,0.48
4202.1,0.48
4203.4,0.48
4204.7,0.48
4206.0,0.48
4207.4,0.45
4208.7,0.48
4210.0,0.48
4211.3,0.48
4212.6,0.48
4213.9,0.48
4215.2,0.48
4216.6,0.45
4217.9,0.48
4219.2,0.48
4220.6,0.45
4221.9,0.48
4223.2,0.48
4224.5,0.48
4225.8,0.48
4227.1,0.48
4228.5,0.45
4229.8,0.48
4231.0,0.52
4232.3,0.48
4233.6,0.48
4234.9,0.48
4236.2,0.48
4237.5,0.48
4238.8,0.48
4240.1,0.48
4241.4,0.48
4242.7,0.48
4244.0,0.48
4245.3,0.48
4246.6,0.48
4247.9,0.48
4249.2,0.48
4250.5,0.48
4251.8,0.48
4253.1,0.48
4254.4,0.48
4255.7,0.48
4257.1,0.45
4258.4,0.48
4259.7,0.48
4261.1,0.45
4262.4,0.48
4263.7,0.48
4265.0,0.48
4266.4,0.45
4267.7,0.48
4269.0,0.48
4270.3,0.48
4271.6,0.48
4272.9,0.48
4274.2,0.48
4275.6,0.45
4276.9,0.48
4278.2,0.48
4279.6,0.45
4281.0,0.45
4282.3,0.48
4283.7,0.45
4285.0,0.48
4286.4,0.45
4287.7,0.48
4289.1,0.45
4290.5,0.45
4291.8,0.48
4293.2,0.45
4294.5,0.48
4295.8,0.48
4297.2,0.45
4298.5,0.48
4299.8,0.48
4301.1,0.48
4302.4,0.48
4303.8,0.45
4305.1,0.48
4306.5,0.45
4307.8,0.48
4309.2,0.45
4310.5,0.48
4311.9,0.45
4313.2,0.48
4314.5,0.48
4315.8,0.48
4317.0,0.52
4318.3,0.48
4319.6,0.48
4320.9,0.48
4322.2,0.48
4323.5,0.48
4324.8,0.48
4326.1,0.48
4327.4,0.48
4328.8,0.45
4330.1,0.48
4331.4,0.48
4332.7,0.48
4334.1,0.45
4335.4,0.48
4336.8,0.45
4338.1,0.48
4339.5,0.45
4340.9,0.45
4342.2,0.48
4343.6,0.45
4344.9,0.48
4346.2,0.48
4347.6,0.45
4348.9,0.48
4350.2,0.48
4351.6,0.45
4352.9,0.48
4354.3,0.45
4355.6,0.48
4357.0,0.45
4358.3,0.48
4359.7,0.45
4361.1,0.45
4362.4,0.48
4363.8,0.45
4365.1,0.48
4366.5,0.45
4367.9,0.45
4369.2,0.48
4370.6,0.45
4371.9,0.48
4373.2,0.48
4374.5,0.48
4375.8,0.48
4377.2,0.45
4378.5,0.48
4379.9,0.45
4381.3,0.45
4382.6,0.48
4384.0,0.45
4385.4,0.45
4386.7,0.48
4388.0,0.48
4389.4,0.45
4390.7,0.48
4392.0,0.48
4393.3,0.48
4394.6,0.48
4395.9,0.48
4397.3,0.45
4398.6,0.48
4399.9,0.48
4401.2,0.48
4402.5,0.48
4403.9,0.45
4405.2,0.48
4406.5,0.48
4407.8,0.48
4409.1,0.48
4410.4,0.48
4411.7,0.48
4413.0,0.48
4414.3,0.48
4415.6,0.48
4416.9,0.48
4418.2,0.48
4419.5,0.48
4420.8,0.48
4422.1,0.48
4423.4,0.48
4424.8,0.45
4426.1,0.48
4427.5,0.45
4428.8,0.48
4430.2,0.45
4431.5,0.48
4432.8,0.48
4434.1,0.48
4435.4,0.48
4436.8,0.45
4438.1,0.48
4439.4,0.48
4440.7,0.48
4442.1,0.45
4443.4,0.48
4444.8,0.45
4446.1,0.48
4447.5,0.45
4448.8,0.48
4450.1,0.48
4451.5,0.45
4452.8,0.48
4454.1,0.48
4455.4,0.48
4456.7,0.48
4458.0,0.48
4459.3,0.48
4460.6,0.48
4461.9,0.48
4463.3,0.45
4464.6,0.48
4465.9,0.48
4467.3,0.45
4468.6,0.48
4469.9,0.48
4471.2,0.48
4472.6,0.45
4473.9,0.48
4475.3,0.45
4476.6,0.48
4477.9,0.48
4479.3,0.45
4480.6,0.48
4481.9,0.48
4483.3,0.45
4484.6,0.48
4486.0,0.45
4487.4,0.45
4488.9,0.42
4490.2,0.48
4491.6,0.45
4492.8,0.52
4494.1,0.48
4495.3,0.52
4496.5,0.52
4497.7,0.52
4498.9,0.52
4500.1,0.52
4501.3,0.52
4502.6,0.48
4503.8,0.52
4505.0,0.52
4506.2,0.52
4507.4,0.52
4508.7,0.48
4509.9,0.52
4511.1,0.52
4512.4,0.48
4513.6,0.52
4514.7,0.57
4515.9,0.52
4517.1,0.52
4518.3,0.52
4519.4,0.57
4520.7,0.48
4521.9,0.52
4523.1,0.52
4524.4,0.48
4525.7,0.48
4526.9,0.52
4528.2,0.48
4529.4,0.52
4530.5,0.57
4531.7,0.52
4532.9,0.52
4534.1,0.52
4535.3,0.52
4536.5,0.52
4537.7,0.52
4538.8,0.57
4539.9,0.57
4541.0,0.57
4542.0,0.63
4543.1,0.57
4544.2,0.57
4545.3,0.57
4546.5,0.52
4547.7,0.52
4549.0,0.48
4550.3,0.48
4551.6,0.48
4552.9,0.48
4554.2,0.48
4555.5,0.48
4556.7,0.52
4558.0,0.48
4559.2,0.52
4560.4,0.52
4561.7,0.48
4562.9,0.52
4564.2,0.48
4565.5,0.48
4566.8,0.48
4568.0,0.52
4569.2,0.52
4570.5,0.48
4571.8,0.48
4573.1,0.48
4574.4,0.48
4575.7,0.48
4577.0,0.48
4578.3,0.48
4579.5,0.52
4580.8,0.48
4582.0,0.52
4583.3,0.48
4584.5,0.52
4585.8,0.48
4587.0,0.52
4588.3,0.48
4589.5,0.52
4590.8,0.48
4592.0,0.52
4593.3,0.48
4594.6,0.48
4595.9,0.48
4597.2,0.48
4598.6,0.45
4599.9,0.48
4601.3,0.45
4602.6,0.48
4604.0,0.45
4605.3,0.48
4606.6,0.48
4607.8,0.52
4609.1,0.48
4610.4,0.48
4611.7,0.48
4613.0,0.48
4614.2,0.52
4615.5,0.48
4616.8,0.48
4618.1,0.48
4619.4,0.48
4620.6,0.52
4621.9,0.48
4623.1,0.52
4624.4,0.48
4625.6,0.52
4626.9,0.48
4628.2,0.48
4629.5,0.48
4630.8,0.48
4632.0,0.52
4633.2,0.52
4634.5,0.48
4635.7,0.52
4636.9,0.52
4638.2,0.48
4639.4,0.52
4640.7,0.48
4641.9,0.52
4643.2,0.48
4644.4,0.52
4645.7,0.48
4646.9,0.52
4648.2,0.48
4649.4,0.52
4650.7,0.48
4652.0,0.48
4653.2,0.52
4654.5,0.48
4655.8,0.48
4657.1,0.48
4658.4,0.48
4659.6,0.52
4660.9,0.48
4662.2,0.48
4663.4,0.52
4664.7,0.48
4665.9,0.52
4667.1,0.52
4668.4,0.48
4669.6,0.52
4670.8,0.52
4672.0,0.52
4673.2,0.52
4674.5,0.48
4675.7,0.52
4676.9,0.52
4678.2,0.48
4679.4,0.52
4680.6,0.52
4681.9,0.48
4683.1,0.52
4684.3,0.52
4685.6,0.48
4686.8,0.52
4688.1,0.48
4689.4,0.48
4690.6,0.52
4691.9,0.48
4693.2,0.48
4694.4,0.52
4695.7,0.48
4696.9,0.52
4698.2,0.48
4699.4,0.52
4700.7,0.48
4701.9,0.52
4703.2,0.48
4704.5,0.48
4705.7,0.52
4707.0,0.48
4708.2,0.52
4709.5,0.48
4710.8,0.48
4712.1,0.48
4713.4,0.48
4714.6,0.52
4715.9,0.48
4717.2,0.48
4718.4,0.52
4719.7,0.48
4721.0,0.48
4722.2,0.52
4723.5,0.48
4724.8,0.48
4726.0,0.52
4727.3,0.48
4728.5,0.52
4729.7,0.52
4731.0,0.48
4732.2,0.52
4733.5,0.48
4734.7,0.52
4735.9,0.52
4737.2,0.48
4738.4,0.52
4739.6,0.52
4740.9,0.48
4742.2,0.48
4743.4,0.52
4744.7,0.48
4746.0,0.48
4747.2,0.52
4748.5,0.48
4749.8,0.48
4751.0,0.52
4752.3,0.48
4753.5,0.52
4754.8,0.48
4756.0,0.52
4757.3,0.48
4758.6,0.48
4759.8,0.52
4761.1,0.48
4762.3,0.52
4763.6,0.48
4764.8,0.52
4766.1,0.48
4767.4,0.48
4768.6,0.52
4769.9,0.48
4771.1,0.52
4772.4,0.48
4773.6,0.52
4774.9,0.48
4776.2,0.48
4777.5,0.48
4778.8,0.48
4780.1,0.48
4781.4,0.48
4782.7,0.48
4784.0,0.48
4785.3,0.48
4786.6,0.48
4787.9,0.48
4789.1,0.52
4790.4,0.48
4791.7,0.48
4792.9,0.52
4794.2,0.48
4795.5,0.48
4796.7,0.52
4798.0,0.48
4799.2,0.52
4800.5,0.48
4801.8,0.48
4803.0,0.52
4804.3,0.48
4805.6,0.48
4806.9,0.48
4808.1,0.52
4809.4,0.48
4810.7,0.48
4811.9,0.52
4813.2,0.48
4814.5,0.48
4815.8,0.48
4817.1,0.48
4818.4,0.48
4819.7,0.48
4821.0,0.48
4822.3,0.48
4823.5,0.52
4824.8,0.48
4826.1,0.48
4827.4,0.48
4828.7,0.48
4830.0,0.48
4831.3,0.48
4832.6,0.48
4833.8,0.52
4835.1,0.48
4836.4,0.48
4837.7,0.48
4839.0,0.48
4840.3,0.48
4841.6,0.48
4842.9,0.48
4844.2,0.48
4845.4,0.52
4846.7,0.48
4848.0,0.48
4849.3,0.48
4850.6,0.48
4851.8,0.52
4853.1,0.48
4854.4,0.48
4855.7,0.48
4856.9,0.52
4858.2,0.48
4859.5,0.48
4860.7,0.52
4862.0,0.48
4863.2,0.52
4864.5,0.48
4865.7,0.52
4867.0,0.48
4868.2,0.52
4869.5,0.48
4870.7,0.52
4872.0,0.48
4873.2,0.52
4874.5,0.48
4875.8,0.48
4877.0,0.52
4878.3,0.48
4879.6,0.48
4880.8,0.52
4882.1,0.48
4883.4,0.48
4884.6,0.52
4885.9,0.48
4887.1,0.52
4888.4,0.48
4889.7,0.48
4891.0,0.48
4892.3,0.48
4893.6,0.48
4894.9,0.48
4896.1,0.52
4897.4,0.48
4898.7,0.48
4900.0,0.48
4901.2,0.52
4902.5,0.48
4903.8,0.48
4905.1,0.48
4906.4,0.48
4907.6,0.52
4908.9,0.48
4910.2,0.48
4911.5,0.48
4912.8,0.48
4914.1,0.48
4915.3,0.52
4916.6,0.48
4917.9,0.48
4919.1,0.52
4920.4,0.48
4921.6,0.52
4922.9,0.48
4924.1,0.52
4925.4,0.48
4926.7,0.48
4928.0,0.48
4929.2,0.52
4930.5,0.48
4931.8,0.48
4933.1,0.48
4934.3,0.52
4935.6,0.48
4936.9,0.48
4938.1,0.52
4939.4,0.48
4940.7,0.48
4941.9,0.52
4943.2,0.48
4944.5,0.48
4945.8,0.48
4947.0,0.52
4948.3,0.48
4949.6,0.48
4950.8,0.52
4952.1,0.48
4953.4,0.48
4954.6,0.52
4955.9,0.48
4957.2,0.48
4958.5,0.48
4959.8,0.48
4961.1,0.48
4962.5,0.45
4963.8,0.48
4965.1,0.48
4966.4,0.48
4967.7,0.48
4969.0,0.48
4970.3,0.48
4971.5,0.52
4972.8,0.48
4974.1,0.48
4975.4,0.48
4976.7,0.48
4978.0,0.48
4979.2,0.52
4980.5,0.48
4981.7,0.52
4983.0,0.48
4984.3,0.48
4985.5,0.52
4986.8,0.48
4988.1,0.48
4989.4,0.48
4990.6,0.52
4991.9,0.48
4993.1,0.52
4994.4,0.48
4995.7,0.48
4997.0,0.48
4998.3,0.48
4999.6,0.48
5000.9,0.48
5002.1,0.52
5003.4,0.48
5004.7,0.48
5006.0,0.48
5007.2,0.52
5008.5,0.48
5009.8,0.48
5011.1,0.48
5012.4,0.48
5013.7,0.48
5015.0,0.48
5016.2,0.52
5017.5,0.48
5018.8,0.48
5020.0,0.52
5021.3,0.48
5022.6,0.48
5023.8,0.52
5025.1,0.48
5026.4,0.48
5027.7,0.48
5029.0,0.48
5030.3,0.48
5031.6,0.48
5032.8,0.52
5034.1,0.48
5035.4,0.48
5036.6,0.52
5037.9,0.48
5039.2,0.48
5040.5,0.48
5041.8,0.48
5043.1,0.48
5044.4,0.48
5045.6,0.52
5046.9,0.48
5048.2,0.48
5049.4,0.52
5050.7,0.48
5052.0,0.48
5053.2,0.52
5054.5,0.48
5055.8,0.48
5057.0,0.52
5058.3,0.48
5059.6,0.48
5060.9,0.48
5062.1,0.52
5063.4,0.48
5064.7,0.48
5066.0,0.48
5067.3,0.48
5068.6,0.48
5069.9,0.48
5071.2,0.48
5072.5,0.48
5073.8,0.48
5075.1,0.48
5076.4,0.48
5077.6,0.52
5078.9,0.48
5080.2,0.48
5081.5,0.48
5082.8,0.48
5084.1,0.48
5085.4,0.48
5086.6,0.52
5087.9,0.48
5089.2,0.48
5090.4,0.52
5091.7,0.48
5092.9,0.52
5094.2,0.48
5095.4,0.52
5096.7,0.48
5098.0,0.48
5099.2,0.52
5100.5,0.48
5101.8,0.48
5103.1,0.48
5104.3,0.52
5105.6,0.48
5106.9,0.48
5108.1,0.52
5109.4,0.48
5110.6,0.52
5111.9,0.48
5113.2,0.48
5114.4,0.52
5115.7,0.48
5116.9,0.52
5118.1,0.52
5119.3,0.52
5120.5,0.52
5121.7,0.52
5123.0,0.48
5124.3,0.48
5125.6,0.48
5127.0,0.45
5128.3,0.48
5129.6,0.48
5130.8,0.52
5132.0,0.52
5133.2,0.52
5134.4,0.52
5135.6,0.52
5136.8,0.52
5138.1,0.48
5139.3,0.52
5140.6,0.48
5141.9,0.48
5143.2,0.48
5144.6,0.45
5145.9,0.48
5147.2,0.48
5148.6,0.45
5149.9,0.48
5151.2,0.48
5152.6,0.45
5153.9,0.48
5155.3,0.45
5156.7,0.45
5158.1,0.45
5159.5,0.45
5160.8,0.48
5162.2,0.45
5163.6,0.45
5164.9,0.48
5166.3,0.45
5167.6,0.48
5168.9,0.48
5170.2,0.48
5171.5,0.48
5172.7,0.52
5174.0,0.48
5175.2,0.52
5176.4,0.52
5177.7,0.48
5178.9,0.52
5180.1,0.52
5181.4,0.48
5182.7,0.48
5183.9,0.52
5185.2,0.48
5186.4,0.52
5187.6,0.52
5188.8,0.52
5190.1,0.48
5191.2,0.57
5192.4,0.52
5193.6,0.52
5194.8,0.52
5196.1,0.48
5197.3,0.52
5198.5,0.52
5199.8,0.48
5201.0,0.52
5202.3,0.48
5203.5,0.52
5204.8,0.48
5206.1,0.48
5207.3,0.52
5208.6,0.48
5209.9,0.48
5211.1,0.52
5212.4,0.48
5213.6,0.52
5214.8,0.52
5216.0,0.52
5217.3,0.48
5218.5,0.52
5219.7,0.52
5220.9,0.52
5222.1,0.52
5223.3,0.52
5224.5,0.52
5225.7,0.52
5226.9,0.52
5228.2,0.48
5229.4,0.52
5230.6,0.52
5231.9,0.48
5233.2,0.48
5234.4,0.52
5235.7,0.48
5236.9,0.52
5238.2,0.48
5239.5,0.48
5240.7,0.52
5242.0,0.48
5243.2,0.52
5244.5,0.48
5245.7,0.52
5247.0,0.48
5248.2,0.52
5249.5,0.48
5250.8,0.48
5252.0,0.52
5253.2,0.52
5254.5,0.48
5255.7,0.52
5256.9,0.52
5258.1,0.52
5259.3,0.52
5260.6,0.48
5261.8,0.52
5263.0,0.52
5264.2,0.52
5265.4,0.52
5266.7,0.48
5267.9,0.52
5269.2,0.48
5270.4,0.52
5271.7,0.48
5272.9,0.52
5274.2,0.48
5275.4,0.52
5276.6,0.52
5277.9,0.48
5279.1,0.52
5280.4,0.48
5281.6,0.52
5282.9,0.48
5284.1,0.52
5285.4,0.48
5286.6,0.52
5287.9,0.48
5289.1,0.52
5290.4,0.48
5291.6,0.52
5292.9,0.48
5294.1,0.52
5295.3,0.52
5296.5,0.52
5297.7,0.52
5299.0,0.48
5300.2,0.52
5301.4,0.52
5302.6,0.52
5303.8,0.52
5305.1,0.48
5306.3,0.52
5307.6,0.48
5308.8,0.52
5310.1,0.48
5311.3,0.52
5312.6,0.48
5313.8,0.52
5315.1,0.48
5316.3,0.52
5317.5,0.52
5318.8,0.48
5320.0,0.52
5321.2,0.52
5322.4,0.52
5323.6,0.52
5324.8,0.52
5326.0,0.52
5327.2,0.52
5328.4,0.52
5329.6,0.52
5330.8,0.52
5332.0,0.52
5333.2,0.52
5334.4,0.52
5335.6,0.52
5336.9,0.48
5338.1,0.52
5339.4,0.48
5340.6,0.52
5341.9,0.48
5343.2,0.48
5344.5,0.48
5345.7,0.52
5347.0,0.48
5348.3,0.48
5349.6,0.48
5350.9,0.48
5352.1,0.52
5353.4,0.48
5354.7,0.48
5355.9,0.52
5357.2,0.48
5358.4,0.52
5359.7,0.48
5360.9,0.52
5362.1,0.52
5363.4,0.48
5364.6,0.52
5365.8,0.52
5367.1,0.48
5368.3,0.52
5369.6,0.48
5370.8,0.52
5372.1,0.48
5373.3,0.52
5374.6,0.48
5375.8,0.52
5377.1,0.48
5378.3,0.52
5379.6,0.48
5380.8,0.52
5382.1,0.48
5383.4,0.48
5384.7,0.48
5385.9,0.52
5387.2,0.48
5388.5,0.48
5389.8,0.48
5391.1,0.48
5392.4,0.48
5393.6,0.52
5394.9,0.48
5396.1,0.52
5397.4,0.48
5398.7,0.48
0.0,0.00
