1.3,0.52
2.4,0.57
3.6,0.52
4.9,0.48
6.5,0.39
7.9,0.45
9.1,0.52
10.4,0.48
11.7,0.48
12.9,0.52
14.3,0.45
15.6,0.48
16.9,0.48
18.2,0.48
19.5,0.48
20.8,0.48
22.1,0.48
23.4,0.48
24.7,0.48
26.1,0.45
27.4,0.48
28.8,0.45
30.2,0.45
31.6,0.45
33.0,0.45
34.3,0.48
35.8,0.42
37.2,0.45
38.6,0.45
40.1,0.42
41.6,0.42
43.1,0.42
44.5,0.45
45.9,0.45
47.3,0.45
48.7,0.45
50.1,0.45
51.5,0.45
52.9,0.45
54.3,0.45
55.8,0.42
57.2,0.45
58.6,0.45
60.1,0.42
61.5,0.45
63.0,0.42
64.3,0.48
65.7,0.45
66.9,0.52
68.2,0.48
69.5,0.48
70.7,0.52
72.0,0.48
73.3,0.48
74.6,0.48
75.9,0.48
77.3,0.45
78.6,0.48
79.8,0.52
81.1,0.48
82.3,0.52
83.5,0.52
84.6,0.57
85.8,0.52
87.0,0.52
88.1,0.57
89.3,0.52
90.5,0.52
91.7,0.52
92.8,0.57
94.0,0.52
95.2,0.52
96.3,0.57
97.5,0.52
98.6,0.57
99.8,0.52
101.0,0.52
102.1,0.57
103.3,0.52
104.5,0.52
105.6,0.57
106.7,0.57
107.8,0.57
109.0,0.52
110.0,0.63
111.2,0.52
112.2,0.63
113.3,0.57
114.5,0.52
115.5,0.63
116.6,0.57
117.7,0.57
118.8,0.57
119.9,0.57
121.0,0.57
122.1,0.57
123.1,0.63
124.2,0.57
125.2,0.63
126.3,0.57
127.4,0.57
128.4,0.63
129.5,0.57
130.5,0.63
131.6,0.57
132.7,0.57
133.8,0.57
134.8,0.63
135.9,0.57
137.0,0.57
138.0,0.63
139.1,0.57
140.1,0.63
141.1,0.63
142.2,0.57
143.2,0.63
144.2,0.63
145.2,0.63
146.3,0.57
147.3,0.63
148.3,0.63
149.4,0.57
150.4,0.63
151.4,0.63
152.5,0.57
153.5,0.63
154.5,0.63
155.6,0.57
156.6,0.63
157.7,0.57
158.7,0.63
159.7,0.63
160.7,0.63
161.7,0.63
162.8,0.57
163.8,0.63
164.9,0.57
165.9,0.63
167.0,0.57
168.0,0.63
169.1,0.57
170.2,0.57
171.4,0.52
172.5,0.57
173.7,0.52
174.8,0.57
176.0,0.52
177.2,0.52
178.4,0.52
179.6,0.52
180.8,0.52
182.1,0.48
183.2,0.57
184.5,0.48
185.7,0.52
186.8,0.57
188.0,0.52
189.2,0.52
190.4,0.52
191.5,0.57
192.7,0.52
193.9,0.52
195.0,0.57
196.2,0.52
197.3,0.57
198.5,0.52
199.7,0.52
200.8,0.57
202.0,0.52
203.2,0.52
204.3,0.57
205.5,0.52
206.6,0.57
207.8,0.52
208.9,0.57
210.1,0.52
211.2,0.57
212.3,0.57
213.5,0.52
214.6,0.57
215.8,0.52
217.0,0.52
218.2,0.52
219.3,0.57
220.5,0.52
221.7,0.52
222.9,0.52
224.2,0.48
225.4,0.52
226.6,0.52
227.8,0.52
229.0,0.52
230.2,0.52
231.4,0.52
232.6,0.52
233.7,0.57
234.9,0.52
236.1,0.52
237.3,0.52
238.5,0.52
239.7,0.52
240.9,0.52
242.1,0.52
243.2,0.57
244.4,0.52
245.6,0.52
246.8,0.52
248.0,0.52
249.2,0.52
250.3,0.57
251.5,0.52
252.7,0.52
253.8,0.57
254.9,0.57
256.1,0.52
257.2,0.57
258.4,0.52
259.5,0.57
260.7,0.52
261.9,0.52
263.1,0.52
264.2,0.57
265.4,0.52
266.6,0.52
267.8,0.52
269.0,0.52
270.2,0.52
271.4,0.52
272.6,0.52
273.8,0.52
275.0,0.52
276.1,0.57
277.3,0.52
278.5,0.52
279.7,0.52
280.9,0.52
282.1,0.52
283.3,0.52
284.5,0.52
285.7,0.52
286.9,0.52
288.1,0.52
289.3,0.52
290.5,0.52
291.7,0.52
292.9,0.52
294.1,0.52
295.3,0.52
296.5,0.52
297.7,0.52
298.9,0.52
300.1,0.52
301.3,0.52
302.5,0.52
303.7,0.52
304.9,0.52
306.1,0.52
307.2,0.57
308.4,0.52
309.6,0.52
310.8,0.52
312.0,0.52
313.2,0.52
314.4,0.52
315.6,0.52
316.8,0.52
318.0,0.52
319.1,0.57
320.3,0.52
321.5,0.52
322.7,0.52
323.9,0.52
325.1,0.52
326.3,0.52
327.5,0.52
328.7,0.52
329.9,0.52
331.1,0.52
332.3,0.52
333.5,0.52
334.7,0.52
335.9,0.52
337.1,0.52
338.3,0.52
339.5,0.52
340.7,0.52
341.9,0.52
343.1,0.52
344.3,0.52
345.5,0.52
346.7,0.52
347.9,0.52
349.1,0.52
350.3,0.52
351.5,0.52
352.7,0.52
353.9,0.52
355.1,0.52
356.3,0.52
357.5,0.52
358.6,0.57
359.8,0.52
361.0,0.52
362.2,0.52
363.4,0.52
364.6,0.52
365.7,0.57
366.9,0.52
368.1,0.52
369.4,0.48
370.6,0.52
371.8,0.52
373.1,0.48
374.3,0.52
375.5,0.52
376.7,0.52
377.9,0.52
379.2,0.48
380.4,0.52
381.6,0.52
382.7,0.57
383.9,0.52
385.1,0.52
386.3,0.52
387.5,0.52
388.7,0.52
389.8,0.57
391.0,0.52
392.2,0.52
393.4,0.52
394.5,0.57
395.6,0.57
396.8,0.52
398.0,0.52
399.1,0.57
400.3,0.52
401.4,0.57
402.6,0.52
403.8,0.52
404.9,0.57
406.1,0.52
407.3,0.52
408.4,0.57
409.6,0.52
410.7,0.57
411.9,0.52
413.0,0.57
414.2,0.52
415.4,0.52
416.5,0.57
417.6,0.57
418.8,0.52
419.9,0.57
421.1,0.52
422.2,0.57
423.3,0.57
424.4,0.57
425.6,0.52
426.7,0.57
427.8,0.57
428.9,0.57
430.0,0.57
431.1,0.57
432.2,0.57
433.4,0.52
434.5,0.57
435.6,0.57
436.7,0.57
437.8,0.57
438.9,0.57
440.1,0.52
441.2,0.57
442.3,0.57
443.4,0.57
444.5,0.57
445.7,0.52
446.8,0.57
447.9,0.57
449.1,0.52
450.2,0.57
451.3,0.57
452.5,0.52
453.6,0.57
454.6,0.63
455.8,0.52
456.9,0.57
458.0,0.57
459.1,0.57
460.2,0.57
461.3,0.57
462.5,0.52
463.6,0.57
464.6,0.63
465.7,0.57
466.8,0.57
467.9,0.57
469.0,0.57
470.1,0.57
471.2,0.57
472.3,0.57
473.4,0.57
474.5,0.57
475.6,0.57
476.7,0.57
477.8,0.57
478.9,0.57
480.1,0.52
481.1,0.63
482.2,0.57
483.3,0.57
484.4,0.57
485.5,0.57
486.6,0.57
487.7,0.57
488.8,0.57
489.9,0.57
491.1,0.52
492.2,0.57
493.3,0.57
494.4,0.57
495.5,0.57
496.6,0.57
497.7,0.57
498.8,0.57
499.9,0.57
501.0,0.57
502.1,0.57
503.2,0.57
504.3,0.57
505.4,0.57
506.5,0.57
507.6,0.57
508.6,0.63
509.7,0.57
510.8,0.57
511.9,0.57
513.0,0.57
514.0,0.63
515.1,0.57
516.2,0.57
517.2,0.63
518.3,0.57
519.4,0.57
520.4,0.63
521.5,0.57
522.7,0.52
523.8,0.57
524.9,0.57
526.0,0.57
527.1,0.57
528.2,0.57
529.4,0.52
530.5,0.57
531.6,0.57
532.8,0.52
533.9,0.57
535.0,0.57
536.2,0.52
537.3,0.57
538.4,0.57
539.6,0.52
540.7,0.57
541.8,0.57
543.0,0.52
544.1,0.57
545.2,0.57
546.4,0.52
547.5,0.57
548.7,0.52
549.8,0.57
551.0,0.52
552.1,0.57
553.3,0.52
554.4,0.57
555.6,0.52
556.7,0.57
557.8,0.57
559.0,0.52
560.1,0.57
561.2,0.57
562.4,0.52
563.5,0.57
564.7,0.52
565.8,0.57
567.0,0.52
568.2,0.52
569.3,0.57
570.5,0.52
571.6,0.57
572.8,0.52
573.9,0.57
575.1,0.52
576.3,0.52
577.5,0.52
578.7,0.52
579.9,0.52
581.0,0.57
582.2,0.52
583.4,0.52
584.6,0.52
585.8,0.52
587.0,0.52
588.1,0.57
589.4,0.48
590.5,0.57
591.7,0.52
592.9,0.52
594.0,0.57
595.2,0.52
596.3,0.57
597.5,0.52
598.6,0.57
599.7,0.57
600.8,0.57
602.0,0.52
603.1,0.57
604.2,0.57
605.4,0.52
606.5,0.57
607.7,0.52
608.9,0.52
610.1,0.52
611.2,0.57
612.4,0.52
613.6,0.52
614.7,0.57
615.9,0.52
617.0,0.57
618.2,0.52
619.4,0.52
620.5,0.57
621.7,0.52
622.9,0.52
624.0,0.57
625.1,0.57
626.2,0.57
627.4,0.52
628.5,0.57
629.6,0.57
630.8,0.52
631.9,0.57
633.1,0.52
634.2,0.57
635.4,0.52
636.5,0.57
637.6,0.57
638.8,0.52
640.0,0.52
641.2,0.52
642.4,0.52
643.5,0.57
644.6,0.57
645.8,0.52
646.9,0.57
648.1,0.52
649.2,0.57
650.4,0.52
651.6,0.52
652.7,0.57
653.9,0.52
655.1,0.52
656.3,0.52
657.5,0.52
658.7,0.52
660.0,0.48
661.2,0.52
662.4,0.52
663.6,0.52
664.9,0.48
666.1,0.52
667.3,0.52
668.5,0.52
669.7,0.52
670.9,0.52
672.1,0.52
673.3,0.52
674.5,0.52
675.6,0.57
676.8,0.52
678.0,0.52
679.2,0.52
680.4,0.52
681.6,0.52
682.8,0.52
683.9,0.57
685.1,0.52
686.3,0.52
687.4,0.57
688.5,0.57
689.7,0.52
690.8,0.57
692.0,0.52
693.2,0.52
694.4,0.52
695.5,0.57
696.7,0.52
697.9,0.52
699.1,0.52
700.3,0.52
701.5,0.52
702.6,0.57
703.9,0.48
705.1,0.52
706.3,0.52
707.5,0.52
708.6,0.57
709.8,0.52
711.0,0.52
712.1,0.57
713.3,0.52
714.5,0.52
715.7,0.52
716.8,0.57
718.0,0.52
719.2,0.52
720.4,0.52
721.5,0.57
722.7,0.52
724.0,0.48
725.2,0.52
726.4,0.52
727.6,0.52
728.8,0.52
730.0,0.52
731.2,0.52
732.5,0.48
733.6,0.57
734.8,0.52
736.0,0.52
737.1,0.57
738.3,0.52
739.5,0.52
740.7,0.52
741.9,0.52
743.1,0.52
744.3,0.52
745.5,0.52
746.7,0.52
747.9,0.52
749.1,0.52
750.4,0.48
751.6,0.52
752.8,0.52
754.0,0.52
755.2,0.52
756.4,0.52
757.6,0.52
758.7,0.57
759.9,0.52
761.1,0.52
762.2,0.57
763.4,0.52
764.5,0.57
765.6,0.57
766.8,0.52
767.8,0.63
768.8,0.63
769.8,0.63
770.8,0.63
771.8,0.63
772.9,0.57
773.9,0.63
774.9,0.63
776.0,0.57
777.1,0.57
778.1,0.63
779.2,0.57
780.3,0.57
781.5,0.52
782.6,0.57
783.7,0.57
784.9,0.52
786.0,0.57
787.1,0.57
788.2,0.57
789.3,0.57
790.4,0.57
791.5,0.57
792.6,0.57
793.7,0.57
794.8,0.57
795.8,0.63
796.9,0.57
798.0,0.57
799.0,0.63
800.1,0.57
801.1,0.63
802.2,0.57
803.3,0.57
804.4,0.57
805.6,0.52
806.8,0.52
808.0,0.52
809.1,0.57
810.3,0.52
811.5,0.52
812.8,0.48
814.0,0.52
815.3,0.48
816.5,0.52
817.8,0.48
819.0,0.52
820.3,0.48
821.5,0.52
822.8,0.48
824.0,0.52
825.2,0.52
826.4,0.52
827.6,0.52
828.8,0.52
830.1,0.48
831.3,0.52
832.5,0.52
833.7,0.52
834.9,0.52
836.1,0.52
837.3,0.52
838.5,0.52
839.7,0.52
840.9,0.52
842.1,0.52
843.3,0.52
844.5,0.52
845.8,0.48
847.0,0.52
848.2,0.52
849.4,0.52
850.7,0.48
852.0,0.48
853.2,0.52
854.5,0.48
855.7,0.52
856.9,0.52
858.1,0.52
859.4,0.48
860.6,0.52
861.8,0.52
863.1,0.48
864.3,0.52
865.6,0.48
866.9,0.48
868.1,0.52
869.4,0.48
870.6,0.52
871.9,0.48
873.1,0.52
874.3,0.52
875.6,0.48
876.8,0.52
878.1,0.48
879.4,0.48
880.6,0.52
881.8,0.52
883.0,0.52
884.2,0.52
885.4,0.52
886.6,0.52
887.8,0.52
889.0,0.52
890.3,0.48
891.5,0.52
892.7,0.52
893.8,0.57
894.9,0.57
896.0,0.57
897.1,0.57
898.3,0.52
899.4,0.57
900.5,0.57
901.6,0.57
902.8,0.52
904.0,0.52
905.1,0.57
906.4,0.48
907.6,0.52
908.8,0.52
910.1,0.48
911.4,0.48
912.7,0.48
914.0,0.48
915.3,0.48
916.6,0.48
918.0,0.45
919.3,0.48
920.7,0.45
922.0,0.48
923.4,0.45
924.7,0.48
926.0,0.48
927.4,0.45
928.7,0.48
930.0,0.48
931.4,0.45
932.8,0.45
934.1,0.48
935.5,0.45
936.8,0.48
938.2,0.45
939.6,0.45
940.9,0.48
942.2,0.48
943.6,0.45
945.0,0.45
946.4,0.45
947.7,0.48
949.1,0.45
950.4,0.48
951.8,0.45
953.1,0.48
954.5,0.45
955.9,0.45
957.3,0.45
958.7,0.45
960.1,0.45
961.5,0.45
962.9,0.45
964.3,0.45
965.6,0.48
967.0,0.45
968.4,0.45
969.8,0.45
971.2,0.45
972.6,0.45
974.0,0.45
975.4,0.45
976.8,0.45
978.2,0.45
979.6,0.45
981.0,0.45
982.4,0.45
983.9,0.42
985.3,0.45
986.7,0.45
988.1,0.45
989.6,0.42
991.0,0.45
992.3,0.48
993.7,0.45
995.1,0.45
996.5,0.45
997.9,0.45
999.3,0.45
1000.6,0.48
1002.0,0.45
1003.3,0.48
1004.6,0.48
1005.9,0.48
1007.2,0.48
1008.5,0.48
1009.8,0.48
1011.1,0.48
1012.4,0.48
1013.7,0.48
1015.0,0.48
1016.3,0.48
1017.6,0.48
1018.9,0.48
1020.2,0.48
1021.5,0.48
1022.9,0.45
1024.2,0.48
1025.5,0.48
1026.8,0.48
1028.0,0.52
1029.3,0.48
1030.6,0.48
1031.9,0.48
1033.2,0.48
1034.5,0.48
1035.9,0.45
1037.2,0.48
1038.5,0.48
1039.8,0.48
1041.2,0.45
1042.5,0.48
1043.9,0.45
1045.2,0.48
1046.5,0.48
1047.8,0.48
1049.2,0.45
1050.5,0.48
1051.8,0.48
1053.1,0.48
1054.5,0.45
1055.8,0.48
1057.0,0.52
1058.3,0.48
1059.6,0.48
1060.9,0.48
1062.2,0.48
1063.5,0.48
1064.9,0.45
1066.2,0.48
1067.5,0.48
1068.8,0.48
1070.2,0.45
1071.5,0.48
1072.8,0.48
1074.1,0.48
1075.4,0.48
1076.8,0.45
1078.1,0.48
1079.4,0.48
1080.8,0.45
1082.1,0.48
1083.4,0.48
1084.7,0.48
1086.0,0.48
1087.3,0.48
1088.6,0.48
1090.0,0.45
1091.4,0.45
1092.7,0.48
1094.1,0.45
1095.4,0.48
1096.8,0.45
1098.1,0.48
1099.4,0.48
1100.8,0.45
1102.1,0.48
1103.4,0.48
1104.7,0.48
1106.0,0.48
1107.4,0.45
1108.7,0.48
1110.1,0.45
1111.4,0.48
1112.7,0.48
1114.0,0.48
1115.4,0.45
1116.7,0.48
1118.1,0.45
1119.4,0.48
1120.8,0.45
1122.1,0.48
1123.5,0.45
1124.8,0.48
1126.2,0.45
1127.5,0.48
1128.8,0.48
1130.1,0.48
1131.4,0.48
1132.8,0.45
1134.1,0.48
1135.5,0.45
1136.8,0.48
1138.1,0.48
1139.5,0.45
1140.8,0.48
1142.2,0.45
1143.5,0.48
1144.9,0.45
1146.2,0.48
1147.5,0.48
1148.8,0.48
1150.2,0.45
1151.5,0.48
1152.9,0.45
1154.2,0.48
1155.6,0.45
1156.9,0.48
1158.3,0.45
1159.6,0.48
1161.0,0.45
1162.3,0.48
1163.7,0.45
1165.1,0.45
1166.4,0.48
1167.8,0.45
1169.1,0.48
1170.4,0.48
1171.8,0.45
1173.1,0.48
1174.4,0.48
1175.7,0.48
1177.0,0.48
1178.4,0.45
1179.7,0.48
1181.1,0.45
1182.4,0.48
1183.8,0.45
1185.2,0.45
1186.5,0.48
1187.9,0.45
1189.2,0.48
1190.6,0.45
1191.9,0.48
1193.2,0.48
1194.5,0.48
1195.9,0.45
1197.2,0.48
1198.5,0.48
1199.8,0.48
1201.1,0.48
1202.4,0.48
1203.7,0.48
1205.0,0.48
1206.3,0.48
1207.7,0.45
1209.0,0.48
1210.4,0.45
1211.7,0.48
1213.1,0.45
1214.4,0.48
1215.7,0.48
1217.0,0.48
1218.3,0.48
1219.6,0.48
1220.9,0.48
1222.3,0.45
1223.6,0.48
1225.0,0.45
1226.3,0.48
1227.7,0.45
1229.0,0.48
1230.3,0.48
1231.6,0.48
1232.9,0.48
1234.2,0.48
1235.5,0.48
1236.9,0.45
1238.2,0.48
1239.6,0.45
1241.0,0.45
1242.3,0.48
1243.7,0.45
1245.0,0.48
1246.3,0.48
1247.6,0.48
1248.9,0.48
1250.2,0.48
1251.5,0.48
1252.8,0.48
1254.2,0.45
1255.5,0.48
1256.8,0.48
1258.2,0.45
1259.5,0.48
1260.9,0.45
1262.2,0.48
1263.6,0.45
1265.0,0.45
1266.4,0.45
1267.8,0.45
1269.2,0.45
1270.6,0.45
1272.0,0.45
1273.3,0.48
1274.7,0.45
1276.1,0.45
1277.5,0.45
1278.8,0.48
1280.2,0.45
1281.5,0.48
1282.9,0.45
1284.3,0.45
1285.6,0.48
1287.0,0.45
1288.3,0.48
1289.7,0.45
1291.1,0.45
1292.5,0.45
1293.9,0.45
1295.2,0.48
1296.6,0.45
1298.0,0.45
1299.3,0.48
1300.7,0.45
1302.0,0.48
1303.4,0.45
1304.7,0.48
1306.1,0.45
1307.4,0.48
1308.8,0.45
1310.2,0.45
1311.7,0.42
1313.1,0.45
1314.4,0.48
1315.8,0.45
1317.2,0.45
1318.5,0.48
1319.9,0.45
1321.3,0.45
1322.7,0.45
1324.0,0.48
1325.4,0.45
1326.8,0.45
1328.2,0.45
1329.6,0.45
1331.0,0.45
1332.4,0.45
1333.8,0.45
1335.2,0.45
1336.6,0.45
1338.0,0.45
1339.4,0.45
1340.8,0.45
1342.3,0.42
1343.8,0.42
1345.2,0.45
1346.6,0.45
1348.1,0.42
1349.4,0.48
1350.8,0.45
1352.2,0.45
1353.5,0.48
1354.9,0.45
1356.2,0.48
1357.5,0.48
1358.9,0.45
1360.2,0.48
1361.6,0.45
1363.0,0.45
1364.3,0.48
1365.7,0.45
1367.1,0.45
1368.5,0.45
1369.9,0.45
1371.3,0.45
1372.7,0.45
1374.1,0.45
1375.5,0.45
1376.9,0.45
1378.3,0.45
1379.8,0.42
1381.2,0.45
1382.7,0.42
1384.1,0.45
1385.5,0.45
1386.9,0.45
1388.3,0.45
1389.7,0.45
1391.0,0.48
1392.4,0.45
1393.8,0.45
1395.2,0.45
1396.6,0.45
1398.0,0.45
1399.4,0.45
1400.8,0.45
1402.3,0.42
1403.7,0.45
1405.2,0.42
1406.6,0.45
1408.0,0.45
1409.3,0.48
1410.7,0.45
1412.0,0.48
1413.4,0.45
1414.8,0.45
1416.2,0.45
1417.5,0.48
1418.9,0.45
1420.3,0.45
1421.7,0.45
1423.1,0.45
1424.5,0.45
1425.9,0.45
1427.3,0.45
1428.7,0.45
1430.1,0.45
1431.6,0.42
1433.0,0.45
1434.4,0.45
1435.8,0.45
1437.2,0.45
1438.6,0.45
1440.0,0.45
1441.4,0.45
1442.9,0.42
1444.3,0.45
1445.7,0.45
1447.1,0.45
1448.5,0.45
1449.8,0.48
1451.2,0.45
1452.6,0.45
1454.0,0.45
1455.3,0.48
1456.7,0.45
1458.1,0.45
1459.5,0.45
1461.0,0.42
1462.4,0.45
1463.9,0.42
1465.3,0.45
1466.8,0.42
1468.2,0.45
1469.6,0.45
1471.0,0.45
1472.5,0.42
1473.9,0.45
1475.3,0.45
1476.7,0.45
1478.1,0.45
1479.5,0.45
1480.9,0.45
1482.3,0.45
1483.8,0.42
1485.2,0.45
1486.6,0.45
1488.1,0.42
1489.5,0.45
1490.9,0.45
1492.3,0.45
1493.8,0.42
1495.2,0.45
1496.6,0.45
1498.0,0.45
1499.4,0.45
1500.9,0.42
1502.4,0.42
1503.8,0.45
1505.3,0.42
1506.8,0.42
1508.2,0.45
1509.7,0.42
1511.2,0.42
1512.7,0.42
1514.1,0.45
1515.6,0.42
1517.1,0.42
1518.5,0.45
1519.9,0.45
1521.4,0.42
1522.8,0.45
1524.3,0.42
1525.8,0.42
1527.2,0.45
1528.7,0.42
1530.1,0.45
1531.6,0.42
1533.1,0.42
1534.5,0.45
1536.0,0.42
1537.4,0.45
1538.9,0.42
1540.4,0.42
1541.8,0.45
1543.3,0.42
1544.8,0.42
1546.2,0.45
1547.7,0.42
1549.2,0.42
1550.6,0.45
1552.1,0.42
1553.6,0.42
1555.0,0.45
1556.5,0.42
1557.8,0.48
1559.1,0.48
1560.4,0.48
1561.6,0.52
1562.8,0.52
1564.0,0.52
1565.2,0.52
1566.5,0.48
1567.7,0.52
1569.0,0.48
1570.3,0.48
1571.7,0.45
1573.0,0.48
1574.3,0.48
1575.7,0.45
1577.0,0.48
1578.3,0.48
1579.7,0.45
1581.0,0.48
1582.4,0.45
1583.7,0.48
1585.1,0.45
1586.5,0.45
1587.9,0.45
1589.3,0.45
1590.7,0.45
1592.1,0.45
1593.5,0.45
1595.0,0.42
1596.5,0.42
1598.0,0.42
1599.6,0.39
1601.2,0.39
1602.8,0.39
1604.4,0.39
1606.1,0.37
1607.7,0.39
1609.2,0.42
1610.7,0.42
1612.2,0.42
1613.6,0.45
1615.0,0.45
1616.3,0.48
1617.6,0.48
1618.9,0.48
1620.2,0.48
1621.5,0.48
1622.8,0.48
1624.0,0.52
1625.4,0.45
1626.7,0.48
1628.1,0.45
1629.5,0.45
1631.0,0.42
1632.4,0.45
1633.9,0.42
1635.4,0.42
1636.9,0.42
1638.4,0.42
1640.0,0.39
1641.5,0.42
1643.1,0.39
1644.7,0.39
1646.2,0.42
1647.8,0.39
1649.3,0.42
1650.9,0.39
1652.5,0.39
1654.1,0.39
1655.7,0.39
1657.3,0.39
1658.9,0.39
1660.6,0.37
1662.2,0.39
1663.8,0.39
1665.4,0.39
1667.0,0.39
1668.6,0.39
1670.2,0.39
1671.8,0.39
1673.4,0.39
1675.0,0.39
1676.7,0.37
1678.3,0.39
1679.9,0.39
1681.5,0.39
1683.1,0.39
1684.8,0.37
1686.4,0.39
1688.1,0.37
1689.7,0.39
1691.4,0.37
1693.0,0.39
1694.6,0.39
1696.2,0.39
1697.9,0.37
1699.6,0.37
1701.2,0.39
1702.9,0.37
1704.6,0.37
1706.3,0.37
1707.9,0.39
1709.6,0.37
1711.3,0.37
1713.0,0.37
1714.7,0.37
1716.3,0.39
1717.9,0.39
1719.6,0.37
1721.3,0.37
1723.0,0.37
1724.7,0.37
1726.4,0.37
1728.1,0.37
1729.8,0.37
1731.5,0.37
1733.1,0.39
1734.8,0.37
1736.4,0.39
1738.0,0.39
1739.6,0.39
1741.2,0.39
1742.8,0.39
1744.5,0.37
1746.1,0.39
1747.8,0.37
1749.5,0.37
1751.2,0.37
1753.0,0.35
1754.7,0.37
1756.4,0.37
1758.1,0.37
1759.9,0.35
1761.6,0.37
1763.3,0.37
1765.0,0.37
1766.8,0.35
1768.5,0.37
1770.2,0.37
1771.9,0.37
1773.6,0.37
1775.4,0.35
1777.1,0.37
1778.8,0.37
1780.6,0.35
1782.4,0.35
1784.2,0.35
1786.0,0.35
1787.8,0.35
1789.6,0.35
1791.4,0.35
1793.2,0.35
1794.9,0.37
1796.7,0.35
1798.4,0.37
1800.2,0.35
1801.9,0.37
1803.7,0.35
1805.4,0.37
1807.2,0.35
1808.9,0.37
1810.6,0.37
1812.3,0.37
1813.9,0.39
1815.6,0.37
1817.3,0.37
1819.1,0.35
1820.8,0.37
1822.5,0.37
1824.2,0.37
1826.0,0.35
1827.8,0.35
1829.5,0.37
1831.3,0.35
1833.0,0.37
1834.7,0.37
1836.4,0.37
1838.1,0.37
1839.8,0.37
1841.4,0.39
1843.0,0.39
1844.7,0.37
1846.3,0.39
1847.9,0.39
1849.5,0.39
1851.1,0.39
1852.7,0.39
1854.4,0.37
1856.0,0.39
1857.7,0.37
1859.4,0.37
1861.0,0.39
1862.7,0.37
1864.4,0.37
1866.1,0.37
1867.9,0.35
1869.6,0.37
1871.3,0.37
1873.0,0.37
1874.6,0.39
1876.3,0.37
1878.0,0.37
1879.7,0.37
1881.3,0.39
1883.0,0.37
1884.7,0.37
1886.3,0.39
1888.0,0.37
1889.7,0.37
1891.4,0.37
1893.0,0.39
1894.7,0.37
1896.3,0.39
1898.0,0.37
1899.7,0.37
1901.4,0.37
1903.1,0.37
1904.8,0.37
1906.5,0.37
1908.3,0.35
1910.0,0.37
1911.7,0.37
1913.4,0.37
1915.0,0.39
1916.7,0.37
1918.2,0.42
1919.8,0.39
1921.5,0.37
1923.2,0.37
1924.8,0.39
1926.5,0.37
1928.2,0.37
1929.9,0.37
1931.7,0.35
1933.4,0.37
1935.1,0.37
1936.9,0.35
1938.6,0.37
1940.3,0.37
1942.0,0.37
1943.7,0.37
1945.3,0.39
1947.0,0.37
1948.6,0.39
1950.3,0.37
1951.9,0.39
1953.6,0.37
1955.3,0.37
1957.0,0.37
1958.7,0.37
1960.3,0.39
1962.0,0.37
1963.6,0.39
1965.2,0.39
1966.8,0.39
1968.4,0.39
1970.0,0.39
1971.6,0.39
1973.2,0.39
1974.9,0.37
1976.5,0.39
1978.1,0.39
1979.7,0.39
1981.3,0.39
1982.9,0.39
1984.5,0.39
1986.2,0.37
1987.8,0.39
1989.5,0.37
1991.1,0.39
1992.7,0.39
1994.3,0.39
1996.0,0.37
1997.6,0.39
1999.3,0.37
2000.9,0.39
2002.5,0.39
2004.1,0.39
2005.7,0.39
2007.3,0.39
2009.0,0.37
2010.7,0.37
2012.3,0.39
2014.0,0.37
2015.7,0.37
2017.4,0.37
2019.1,0.37
2020.8,0.37
2022.5,0.37
2024.2,0.37
2026.0,0.35
2027.7,0.37
2029.4,0.37
2031.1,0.37
2032.8,0.37
2034.5,0.37
2036.2,0.37
2038.0,0.35
2039.7,0.37
2041.4,0.37
2043.1,0.37
2044.9,0.35
2046.6,0.37
2048.4,0.35
2050.2,0.35
2051.9,0.37
2053.7,0.35
2055.5,0.35
2057.3,0.35
2059.1,0.35
2060.9,0.35
2062.7,0.35
2064.5,0.35
2066.2,0.37
2068.0,0.35
2069.7,0.37
2071.4,0.37
2073.2,0.35
2074.9,0.37
2076.7,0.35
2078.5,0.35
2080.3,0.35
2082.1,0.35
2083.9,0.35
2085.7,0.35
2087.5,0.35
2089.4,0.33
2091.2,0.35
2093.0,0.35
2094.8,0.35
2096.6,0.35
2098.4,0.35
2100.2,0.35
2102.0,0.35
2103.8,0.35
2105.7,0.33
2107.5,0.35
2109.3,0.35
2111.1,0.35
2112.9,0.35
2114.8,0.33
2116.7,0.33
2118.5,0.35
2120.4,0.33
2122.3,0.33
2124.1,0.35
2125.9,0.35
2127.7,0.35
2129.5,0.35
2131.3,0.35
2133.0,0.37
2134.8,0.35
2136.7,0.33
2138.5,0.35
2140.4,0.33
2142.2,0.35
2144.1,0.33
2146.0,0.33
2147.8,0.35
2149.6,0.35
2151.4,0.35
2153.2,0.35
2154.9,0.37
2156.7,0.35
2158.4,0.37
2160.2,0.35
2161.9,0.37
2163.6,0.37
2165.3,0.37
2167.0,0.37
2168.7,0.37
2170.4,0.37
2172.1,0.37
2173.8,0.37
2175.4,0.39
2177.0,0.39
2178.7,0.37
2180.3,0.39
2182.1,0.35
2183.9,0.35
2185.6,0.37
2187.4,0.35
2189.1,0.37
2190.8,0.37
2192.6,0.35
2194.3,0.37
2196.0,0.37
2197.7,0.37
2199.5,0.35
2201.2,0.37
2203.0,0.35
2204.7,0.37
2206.3,0.39
2207.8,0.42
2209.1,0.48
2210.4,0.48
2211.8,0.45
2213.1,0.48
2214.3,0.52
2215.6,0.48
2216.8,0.52
2218.1,0.48
2219.3,0.52
2220.6,0.48
2221.8,0.52
2223.1,0.48
2224.3,0.52
2225.5,0.52
2226.7,0.52
2227.9,0.52
2229.2,0.48
2230.4,0.52
2231.7,0.48
2232.9,0.52
2234.2,0.48
2235.4,0.52
2236.7,0.48
2238.0,0.48
2239.3,0.48
2240.7,0.45
2242.0,0.48
2243.3,0.48
2244.7,0.45
2246.0,0.48
2247.3,0.48
2248.6,0.48
2249.9,0.48
2251.2,0.48
2252.5,0.48
2253.8,0.48
2255.2,0.45
2256.5,0.48
2257.8,0.48
2259.1,0.48
2260.4,0.48
2261.7,0.48
2263.0,0.48
2264.3,0.48
2265.6,0.48
2266.9,0.48
2268.3,0.45
2269.6,0.48
2270.8,0.52
2272.1,0.48
2273.4,0.48
2274.7,0.48
2275.9,0.52
2277.2,0.48
2278.5,0.48
2279.8,0.48
2281.1,0.48
2282.4,0.48
2283.7,0.48
2285.1,0.45
2286.5,0.45
2287.9,0.45
2289.3,0.45
2290.7,0.45
2292.1,0.45
2293.5,0.45
2294.9,0.45
2296.3,0.45
2297.7,0.45
2299.2,0.42
2300.6,0.45
2302.0,0.45
2303.4,0.45
2304.9,0.42
2306.3,0.45
2307.7,0.45
2309.2,0.42
2310.6,0.45
2312.0,0.45
2313.5,0.42
2314.9,0.45
2316.4,0.42
2317.8,0.45
2319.3,0.42
2320.7,0.45
2322.1,0.45
2323.5,0.45
2324.9,0.45
2326.3,0.45
2327.8,0.42
2329.2,0.45
2330.7,0.42
2332.1,0.45
2333.6,0.42
2335.2,0.39
2336.7,0.42
2338.3,0.39
2339.9,0.39
2341.5,0.39
2343.2,0.37
2344.8,0.39
2346.3,0.42
2347.9,0.39
2349.5,0.39
2351.1,0.39
2352.7,0.39
2354.3,0.39
2355.9,0.39
2357.4,0.42
2359.1,0.37
2360.7,0.39
2362.3,0.39
2363.9,0.39
2365.6,0.37
2367.2,0.39
2368.9,0.37
2370.5,0.39
2372.2,0.37
2373.9,0.37
2375.5,0.39
2377.1,0.39
2378.7,0.39
2380.3,0.39
2381.9,0.39
2383.5,0.39
2385.1,0.39
2386.7,0.39
2388.3,0.39
2389.9,0.39
2391.6,0.37
2393.2,0.39
2394.8,0.39
2396.4,0.39
2398.1,0.37
2399.8,0.37
2401.4,0.39
2403.1,0.37
2404.7,0.39
2406.3,0.39
2407.9,0.39
2409.5,0.39
2411.2,0.37
2412.8,0.39
2414.4,0.39
2416.0,0.39
2417.6,0.39
2419.2,0.39
2420.8,0.39
2422.5,0.37
2424.2,0.37
2425.9,0.37
2427.7,0.35
2429.4,0.37
2431.1,0.37
2432.9,0.35
2434.7,0.35
2436.5,0.35
2438.3,0.35
2440.2,0.33
2441.9,0.37
2443.7,0.35
2445.4,0.37
2447.1,0.37
2448.8,0.37
2450.6,0.35
2452.3,0.37
2454.1,0.35
2455.9,0.35
2457.7,0.35
2459.5,0.35
2461.3,0.35
2463.1,0.35
2464.9,0.35
2466.7,0.35
2468.5,0.35
2470.3,0.35
2472.1,0.35
2474.0,0.33
2475.8,0.35
2477.5,0.37
2479.2,0.37
2481.0,0.35
2482.8,0.35
2484.6,0.35
2486.3,0.37
2488.1,0.35
2489.9,0.35
2491.7,0.35
2493.5,0.35
2495.3,0.35
2497.0,0.37
2498.8,0.35
2500.6,0.35
2502.4,0.35
2504.3,0.33
2506.1,0.35
2507.9,0.35
2509.8,0.33
2511.7,0.33
2513.6,0.33
2515.4,0.35
2517.3,0.33
2519.2,0.33
2521.1,0.33
2522.9,0.35
2524.8,0.33
2526.7,0.33
2528.5,0.35
2530.3,0.35
2532.1,0.35
2533.9,0.35
2535.8,0.33
2537.5,0.37
2539.3,0.35
2541.2,0.33
2543.0,0.35
2544.8,0.35
2546.5,0.37
2548.2,0.37
2550.0,0.35
2551.7,0.37
2553.4,0.37
2555.2,0.35
2556.9,0.37
2558.5,0.39
2560.2,0.37
2561.8,0.39
2563.5,0.37
2565.1,0.39
2566.8,0.37
2568.4,0.39
2570.1,0.37
2571.8,0.37
2573.5,0.37
2575.2,0.37
2576.9,0.37
2578.7,0.35
2580.4,0.37
2582.1,0.37
2583.8,0.37
2585.6,0.35
2587.2,0.39
2588.9,0.37
2590.6,0.37
2592.3,0.37
2594.0,0.37
2595.6,0.39
2597.3,0.37
2598.9,0.39
2600.6,0.37
2602.3,0.37
2603.9,0.39
2605.5,0.39
2607.1,0.39
2608.7,0.39
2610.4,0.37
2612.0,0.39
2613.6,0.39
2615.3,0.37
2616.9,0.39
2618.6,0.37
2620.3,0.37
2622.0,0.37
2623.6,0.39
2625.3,0.37
2626.9,0.39
2628.5,0.39
2630.2,0.37
2631.8,0.39
2633.4,0.39
2635.0,0.39
2636.7,0.37
2638.3,0.39
2639.9,0.39
2641.6,0.37
2643.2,0.39
2644.8,0.39
2646.5,0.37
2648.2,0.37
2649.8,0.39
2651.5,0.37
2653.2,0.37
2654.8,0.39
2656.5,0.37
2658.1,0.39
2659.8,0.37
2661.4,0.39
2663.1,0.37
2664.7,0.39
2666.3,0.39
2667.9,0.39
2669.6,0.37
2671.2,0.39
2672.9,0.37
2674.5,0.39
2676.1,0.39
2677.8,0.37
2679.4,0.39
2681.0,0.39
2682.6,0.39
2684.1,0.42
2685.7,0.39
2687.2,0.42
2688.8,0.39
2690.3,0.42
2691.9,0.39
2693.5,0.39
2695.1,0.39
2696.7,0.39
2698.3,0.39
2699.9,0.39
2701.6,0.37
2703.2,0.39
2704.9,0.37
2706.5,0.39
2708.1,0.39
2709.8,0.37
2711.4,0.39
2713.1,0.37
2714.8,0.37
2716.5,0.37
2718.1,0.39
2719.7,0.39
2721.4,0.37
2723.0,0.39
2724.6,0.39
2726.2,0.39
2727.9,0.37
2729.5,0.39
2731.2,0.37
2732.8,0.39
2734.4,0.39
2736.0,0.39
2737.6,0.39
2739.2,0.39
2740.8,0.39
2742.4,0.39
2744.0,0.39
2745.6,0.39
2747.3,0.37
2748.9,0.39
2750.6,0.37
2752.2,0.39
2753.8,0.39
2755.4,0.39
2757.0,0.39
2758.6,0.39
2760.1,0.42
2761.7,0.39
2763.3,0.39
2765.0,0.37
2766.6,0.39
2768.2,0.39
2769.8,0.39
2771.3,0.42
2772.9,0.39
2774.6,0.37
2776.2,0.39
2777.9,0.37
2779.6,0.37
2781.2,0.39
2782.9,0.37
2784.5,0.39
2786.2,0.37
2787.8,0.39
2789.5,0.37
2791.2,0.37
2792.8,0.39
2794.4,0.39
2796.0,0.39
2797.6,0.39
2799.3,0.37
2800.9,0.39
2802.6,0.37
2804.3,0.37
2805.9,0.39
2807.7,0.35
2809.4,0.37
2811.1,0.37
2812.8,0.37
2814.6,0.35
2816.3,0.37
2818.0,0.37
2819.7,0.37
2821.4,0.37
2823.2,0.35
2824.9,0.37
2826.6,0.37
2828.3,0.37
2830.0,0.37
2831.7,0.37
2833.4,0.37
2835.1,0.37
2836.8,0.37
2838.5,0.37
2840.3,0.35
2842.0,0.37
2843.8,0.35
2845.6,0.35
2847.3,0.37
2849.1,0.35
2850.8,0.37
2852.5,0.37
2854.2,0.37
2855.9,0.37
2857.5,0.39
2859.1,0.39
2860.8,0.37
2862.4,0.39
2864.1,0.37
2865.8,0.37
2867.4,0.39
2869.1,0.37
2870.8,0.37
2872.5,0.37
2874.2,0.37
2875.9,0.37
2877.7,0.35
2879.4,0.37
2881.2,0.35
2882.9,0.37
2884.6,0.37
2886.4,0.35
2888.1,0.37
2889.8,0.37
2891.6,0.35
2893.2,0.39
2894.9,0.37
2896.7,0.35
2898.4,0.37
2900.1,0.37
2901.8,0.37
2903.5,0.37
2905.2,0.37
2906.8,0.39
2908.5,0.37
2910.2,0.37
2911.9,0.37
2913.6,0.37
2915.2,0.39
2916.9,0.37
2918.6,0.37
2920.3,0.37
2921.9,0.39
2923.6,0.37
2925.3,0.37
2927.0,0.37
2928.7,0.37
2930.4,0.37
2932.2,0.35
2934.0,0.35
2935.8,0.35
2937.6,0.35
2939.5,0.33
2941.4,0.33
2943.3,0.33
2945.1,0.35
2946.6,0.42
2948.1,0.42
2949.6,0.42
2951.1,0.42
2952.5,0.45
2953.9,0.45
2955.3,0.45
2956.7,0.45
2958.0,0.48
2959.3,0.48
2960.6,0.48
2962.0,0.45
2963.3,0.48
2964.6,0.48
2965.8,0.52
2967.1,0.48
2968.4,0.48
2969.7,0.48
2971.1,0.45
2972.5,0.45
2973.9,0.45
2975.4,0.42
2976.9,0.42
2978.3,0.45
2979.8,0.42
2981.3,0.42
2982.9,0.39
2984.4,0.42
2985.9,0.42
2987.4,0.42
2988.8,0.45
2990.2,0.45
2991.6,0.45
2992.9,0.48
2994.3,0.45
2995.7,0.45
2997.0,0.48
2998.4,0.45
2999.8,0.45
3001.3,0.42
3002.7,0.45
3004.2,0.42
3005.7,0.42
3007.2,0.42
3008.6,0.45
3010.1,0.42
3011.6,0.42
3013.1,0.42
3014.6,0.42
3016.1,0.42
3017.6,0.42
3019.2,0.39
3020.7,0.42
3022.2,0.42
3023.7,0.42
3025.2,0.42
3026.8,0.39
3028.3,0.42
3029.8,0.42
3031.4,0.39
3032.9,0.42
3034.6,0.37
3036.2,0.39
3037.8,0.39
3039.4,0.39
3041.1,0.37
3042.8,0.37
3044.4,0.39
3046.1,0.37
3047.8,0.37
3049.4,0.39
3051.1,0.37
3052.7,0.39
3054.4,0.37
3056.1,0.37
3057.8,0.37
3059.5,0.37
3061.1,0.39
3062.8,0.37
3064.5,0.37
3066.2,0.37
3067.9,0.37
3069.6,0.37
3071.3,0.37
3073.0,0.37
3074.8,0.35
3076.5,0.37
3078.3,0.35
3080.1,0.35
3081.8,0.37
3083.5,0.37
3085.3,0.35
3087.1,0.35
3088.8,0.37
3090.6,0.35
3092.3,0.37
3094.1,0.35
3095.8,0.37
3097.5,0.37
3099.2,0.37
3100.9,0.37
3102.6,0.37
3104.3,0.37
3106.0,0.37
3107.7,0.37
3109.4,0.37
3111.2,0.35
3113.0,0.35
3114.8,0.35
3116.7,0.33
3118.5,0.35
3120.3,0.35
3122.2,0.33
3124.0,0.35
3125.8,0.35
3127.6,0.35
3129.4,0.35
3131.2,0.35
3133.0,0.35
3134.8,0.35
3136.6,0.35
3138.4,0.35
3140.2,0.35
3142.0,0.35
3143.8,0.35
3145.7,0.33
3147.5,0.35
3149.3,0.35
3151.2,0.33
3153.0,0.35
3154.8,0.35
3156.5,0.37
3158.3,0.35
3160.0,0.37
3161.7,0.37
3163.4,0.37
3165.2,0.35
3167.0,0.35
3168.7,0.37
3170.5,0.35
3172.3,0.35
3174.1,0.35
3175.8,0.37
3177.6,0.35
3179.3,0.37
3181.1,0.35
3182.8,0.37
3184.6,0.35
3186.3,0.37
3187.9,0.39
3189.6,0.37
3191.2,0.39
3192.8,0.39
3194.5,0.37
3196.1,0.39
3197.8,0.37
3199.4,0.39
3201.0,0.39
3202.7,0.37
3204.3,0.39
3205.9,0.39
3207.5,0.39
3209.2,0.37
3210.8,0.39
3212.4,0.39
3214.0,0.39
3215.5,0.42
3217.1,0.39
3218.7,0.39
3220.3,0.39
3221.9,0.39
3223.6,0.37
3225.2,0.39
3226.8,0.39
3228.3,0.42
3229.9,0.39
3231.5,0.39
3233.1,0.39
3234.8,0.37
3236.4,0.39
3238.1,0.37
3239.7,0.39
3241.4,0.37
3243.1,0.37
3244.7,0.39
3246.4,0.37
3248.2,0.35
3249.9,0.37
3251.7,0.35
3253.4,0.37
3255.2,0.35
3256.9,0.37
3258.7,0.35
3260.4,0.37
3262.2,0.35
3263.9,0.37
3265.6,0.37
3267.3,0.37
3269.0,0.37
3270.7,0.37
3272.5,0.35
3274.3,0.35
3276.1,0.35
3277.9,0.35
3279.6,0.37
3281.4,0.35
3283.1,0.37
3284.9,0.35
3286.6,0.37
3288.3,0.37
3290.1,0.35
3291.8,0.37
3293.5,0.37
3295.3,0.35
3297.0,0.37
3298.7,0.37
3300.4,0.37
3302.2,0.35
3303.9,0.37
3305.7,0.35
3307.4,0.37
3309.2,0.35
3310.9,0.37
3312.6,0.37
3314.3,0.37
3316.1,0.35
3317.7,0.39
3319.4,0.37
3321.1,0.37
3322.9,0.35
3324.6,0.37
3326.3,0.37
3328.0,0.37
3329.8,0.35
3331.5,0.37
3333.2,0.37
3334.9,0.37
3336.7,0.35
3338.4,0.37
3340.1,0.37
3341.9,0.35
3343.6,0.37
3345.3,0.37
3347.1,0.35
3348.9,0.35
3350.6,0.37
3352.4,0.35
3354.1,0.37
3355.8,0.37
3357.5,0.37
3359.2,0.37
3361.0,0.35
3362.7,0.37
3364.5,0.35
3366.2,0.37
3368.0,0.35
3369.7,0.37
3371.4,0.37
3373.1,0.37
3374.7,0.39
3376.5,0.35
3378.2,0.37
3380.0,0.35
3381.7,0.37
3383.5,0.35
3385.2,0.37
3386.9,0.37
3388.6,0.37
3390.3,0.37
3392.1,0.35
3393.9,0.35
3395.6,0.37
3397.4,0.35
3399.2,0.35
3400.9,0.37
3402.7,0.35
3404.4,0.37
3406.1,0.37
3407.8,0.37
3409.5,0.37
3411.2,0.37
3412.9,0.37
3414.6,0.37
3416.3,0.37
3418.0,0.37
3419.7,0.37
3421.4,0.37
3423.1,0.37
3424.8,0.37
3426.4,0.39
3428.1,0.37
3429.8,0.37
3431.6,0.35
3433.4,0.35
3435.2,0.35
3436.9,0.37
3438.7,0.35
3440.4,0.37
3442.1,0.37
3443.8,0.37
3445.5,0.37
3447.1,0.39
3448.8,0.37
3450.4,0.39
3452.1,0.37
3453.8,0.37
3455.4,0.39
3457.1,0.37
3458.7,0.39
3460.4,0.37
3462.1,0.37
3463.8,0.37
3465.6,0.35
3467.3,0.37
3469.1,0.35
3470.8,0.37
3472.6,0.35
3474.4,0.35
3476.2,0.35
3478.1,0.33
3479.9,0.35
3481.9,0.31
3483.8,0.33
3485.7,0.33
3487.6,0.33
3489.5,0.33
3491.4,0.33
3493.3,0.33
3495.1,0.35
3497.0,0.33
3498.9,0.33
3500.8,0.33
3502.7,0.33
3504.6,0.33
3506.6,0.31
3508.5,0.33
3510.6,0.30
3512.6,0.31
3514.5,0.33
3516.5,0.31
3518.4,0.33
3520.3,0.33
3522.2,0.33
3524.1,0.33
3525.9,0.35
3527.8,0.33
3529.7,0.33
3531.7,0.31
3533.6,0.33
3535.5,0.33
3537.4,0.33
3539.3,0.33
3541.2,0.33
3543.1,0.33
3545.0,0.33
3547.0,0.31
3548.9,0.33
3550.8,0.33
3552.8,0.31
3554.8,0.31
3556.8,0.31
3558.8,0.31
3560.7,0.33
3562.6,0.33
3564.5,0.33
3566.5,0.31
3568.4,0.33
3570.4,0.31
3572.4,0.31
3574.3,0.33
3576.3,0.31
3578.1,0.35
3580.0,0.33
3581.9,0.33
3583.8,0.33
3585.6,0.35
3587.5,0.33
3589.3,0.35
3591.2,0.33
3593.0,0.35
3594.8,0.35
3596.7,0.33
3598.6,0.33
3600.4,0.35
3602.2,0.35
3604.1,0.33
3605.9,0.35
3607.8,0.33
3609.5,0.37
3611.3,0.35
3613.0,0.37
3614.7,0.37
3616.4,0.37
3618.1,0.37
3619.8,0.37
3621.5,0.37
3623.2,0.37
3624.9,0.37
3626.5,0.39
3628.2,0.37
3629.9,0.37
3631.6,0.37
3633.3,0.37
3635.0,0.37
3636.7,0.37
3638.5,0.35
3640.2,0.37
3642.0,0.35
3643.8,0.35
3645.5,0.37
3647.1,0.39
3648.7,0.39
3650.1,0.45
3651.5,0.45
3652.9,0.45
3654.3,0.45
3655.7,0.45
3657.2,0.42
3658.6,0.45
3660.1,0.42
3661.6,0.42
3663.0,0.45
3664.6,0.39
3666.1,0.42
3667.6,0.42
3669.1,0.42
3670.6,0.42
3672.1,0.42
3673.5,0.45
3675.0,0.42
3676.4,0.45
3677.9,0.42
3679.3,0.45
3680.8,0.42
3682.2,0.45
3683.5,0.48
3684.9,0.45
3686.3,0.45
3687.7,0.45
3689.0,0.48
3690.4,0.45
3691.8,0.45
3693.3,0.42
3694.7,0.45
3696.1,0.45
3697.5,0.45
3698.9,0.45
3700.3,0.45
3701.6,0.48
3702.9,0.48
3704.2,0.48
3705.4,0.52
3706.7,0.48
3708.0,0.48
3709.3,0.48
3710.5,0.52
3711.8,0.48
3713.0,0.52
3714.3,0.48
3715.6,0.48
3716.8,0.52
3718.1,0.48
3719.3,0.52
3720.6,0.48
3721.9,0.48
3723.2,0.48
3724.5,0.48
3725.8,0.48
3727.1,0.48
3728.4,0.48
3729.7,0.48
3731.0,0.48
3732.4,0.45
3733.8,0.45
3735.1,0.48
3736.5,0.45
3737.9,0.45
3739.2,0.48
3740.7,0.42
3742.1,0.45
3743.5,0.45
3745.0,0.42
3746.4,0.45
3747.8,0.45
3749.3,0.42
3750.7,0.45
3752.1,0.45
3753.5,0.45
3755.0,0.42
3756.4,0.45
3757.8,0.45
3759.2,0.45
3760.7,0.42
3762.1,0.45
3763.5,0.45
3765.0,0.42
3766.4,0.45
3767.8,0.45
3769.3,0.42
3770.7,0.45
3772.1,0.45
3773.5,0.45
3774.9,0.45
3776.4,0.42
3777.8,0.45
3779.2,0.45
3780.6,0.45
3782.0,0.45
3783.4,0.45
3784.8,0.45
3786.2,0.45
3787.7,0.42
3789.1,0.45
3790.6,0.42
3792.1,0.42
3793.5,0.45
3795.0,0.42
3796.5,0.42
3798.0,0.42
3799.4,0.45
3800.9,0.42
3802.4,0.42
3803.9,0.42
3805.4,0.42
3806.8,0.45
3808.3,0.42
3809.8,0.42
3811.2,0.45
3812.7,0.42
3814.2,0.42
3815.7,0.42
3817.2,0.42
3818.7,0.42
3820.2,0.42
3821.8,0.39
3823.3,0.42
3824.8,0.42
3826.4,0.39
3827.9,0.42
3829.5,0.39
3831.0,0.42
3832.6,0.39
3834.1,0.42
3835.7,0.39
3837.2,0.42
3838.8,0.39
3840.4,0.39
3842.1,0.37
3843.7,0.39
3845.3,0.39
3847.0,0.37
3848.6,0.39
3850.3,0.37
3851.9,0.39
3853.5,0.39
3855.2,0.37
3856.9,0.37
3858.6,0.37
3860.3,0.37
3862.0,0.37
3863.7,0.37
3865.4,0.37
3867.1,0.37
3868.8,0.37
3870.5,0.37
3872.2,0.37
3873.9,0.37
3875.6,0.37
3877.3,0.37
3879.0,0.37
3880.7,0.37
3882.4,0.37
3884.2,0.35
3885.9,0.37
3887.7,0.35
3889.4,0.37
3891.1,0.37
3892.8,0.37
3894.5,0.37
3896.2,0.37
3897.9,0.37
3899.6,0.37
3901.4,0.35
3903.2,0.35
3904.9,0.37
3906.7,0.35
3908.4,0.37
3910.1,0.37
3911.8,0.37
3913.5,0.37
3915.2,0.37
3916.8,0.39
3918.5,0.37
3920.2,0.37
3921.9,0.37
3923.6,0.37
3925.3,0.37
3927.1,0.35
3928.8,0.37
3930.5,0.37
3932.1,0.39
3933.8,0.37
3935.5,0.37
3937.2,0.37
3938.9,0.37
3940.6,0.37
3942.3,0.37
3944.0,0.37
3945.7,0.37
3947.3,0.39
3949.1,0.35
3950.8,0.37
3952.5,0.37
3954.2,0.37
3955.8,0.39
3957.5,0.37
3959.2,0.37
3960.9,0.37
3962.6,0.37
3964.3,0.37
3966.0,0.37
3967.7,0.37
3969.3,0.39
3971.0,0.37
3972.7,0.37
3974.3,0.39
3976.0,0.37
3977.6,0.39
3979.3,0.37
3980.9,0.39
3982.6,0.37
3984.2,0.39
3985.8,0.39
3987.5,0.37
3989.2,0.37
3990.8,0.39
3992.4,0.39
3994.0,0.39
3995.6,0.39
3997.2,0.39
3998.9,0.37
4000.5,0.39
4002.2,0.37
4003.8,0.39
4005.4,0.39
4007.0,0.39
4008.6,0.39
4010.2,0.39
4011.8,0.39
4013.3,0.42
4014.9,0.39
4016.5,0.39
4018.0,0.42
4019.6,0.39
4021.2,0.39
4022.7,0.42
4024.3,0.39
4025.9,0.39
4027.6,0.37
4029.2,0.39
4030.8,0.39
4032.4,0.39
4034.0,0.39
4035.7,0.37
4037.3,0.39
4038.9,0.39
4040.6,0.37
4042.2,0.39
4043.9,0.37
4045.5,0.39
4047.1,0.39
4048.8,0.37
4050.4,0.39
4052.1,0.37
4053.7,0.39
4055.4,0.37
4057.1,0.37
4058.8,0.37
4060.5,0.37
4062.2,0.37
4063.9,0.37
4065.6,0.37
4067.2,0.39
4068.9,0.37
4070.6,0.37
4072.3,0.37
4073.9,0.39
4075.6,0.37
4077.3,0.37
4078.9,0.39
4080.7,0.35
4082.4,0.37
4084.1,0.37
4085.8,0.37
4087.5,0.37
4089.1,0.39
4090.8,0.37
4092.4,0.39
4094.0,0.39
4095.6,0.39
4097.2,0.39
4098.9,0.37
4100.5,0.39
4102.2,0.37
4103.9,0.37
4105.6,0.37
4107.3,0.37
4109.0,0.37
4110.7,0.37
4112.4,0.37
4114.1,0.37
4115.8,0.37
4117.5,0.37
4119.1,0.39
4120.7,0.39
4122.3,0.39
4123.9,0.39
4125.5,0.39
4127.1,0.39
4128.8,0.37
4130.4,0.39
4132.1,0.37
4133.7,0.39
4135.4,0.37
4137.1,0.37
4138.8,0.37
4140.4,0.39
4142.1,0.37
4143.8,0.37
4145.5,0.37
4147.1,0.39
4148.8,0.37
4150.4,0.39
4152.0,0.39
4153.7,0.37
4155.4,0.37
4157.1,0.37
4158.8,0.37
4160.4,0.39
4162.1,0.37
4163.8,0.37
4165.4,0.39
4167.1,0.37
4168.9,0.35
4170.6,0.37
4172.4,0.35
4174.1,0.37
4175.8,0.37
4177.5,0.37
4179.2,0.37
4180.9,0.37
4182.6,0.37
4184.4,0.35
4186.2,0.35
4188.0,0.35
4189.8,0.35
4191.6,0.35
4193.3,0.37
4195.0,0.37
4196.8,0.35
4198.5,0.37
4200.2,0.37
4202.0,0.35
4203.7,0.37
4205.3,0.39
4207.0,0.37
4208.7,0.37
4210.4,0.37
4212.2,0.35
4213.9,0.37
4215.6,0.37
4217.4,0.35
4219.2,0.35
4220.9,0.37
4222.7,0.35
4224.6,0.33
4226.4,0.35
4228.2,0.35
4230.0,0.35
4231.8,0.35
4233.6,0.35
4235.4,0.35
4237.1,0.37
4238.9,0.35
4240.7,0.35
4242.5,0.35
4244.2,0.37
4246.0,0.35
4247.7,0.37
4249.5,0.35
4251.2,0.37
4252.9,0.37
4254.6,0.37
4256.3,0.37
4258.1,0.35
4259.8,0.37
4261.6,0.35
4263.4,0.35
4265.2,0.35
4266.9,0.37
4268.7,0.35
4270.4,0.37
4272.2,0.35
4273.9,0.37
4275.6,0.37
4277.4,0.35
4279.1,0.37
4280.9,0.35
4282.6,0.37
4284.4,0.35
4286.2,0.35
4288.0,0.35
4289.8,0.35
4291.7,0.33
4293.5,0.35
4295.4,0.33
4297.2,0.35
4299.0,0.35
4300.9,0.33
4302.8,0.33
4304.6,0.35
4306.5,0.33
4308.4,0.33
4310.2,0.35
4312.1,0.33
4313.9,0.35
4315.7,0.35
4317.5,0.35
4319.3,0.35
4321.1,0.35
4322.9,0.35
4324.7,0.35
4326.5,0.35
4328.2,0.37
4330.0,0.35
4331.7,0.37
4333.4,0.37
4335.1,0.37
4336.9,0.35
4338.6,0.37
4340.2,0.39
4341.8,0.39
4343.2,0.45
4344.6,0.45
4346.0,0.45
4347.4,0.45
4348.8,0.45
4350.1,0.48
4351.5,0.45
4352.9,0.45
4354.2,0.48
4355.5,0.48
4356.9,0.45
4358.2,0.48
4359.5,0.48
4361.0,0.42
4362.4,0.45
4363.9,0.42
4365.3,0.45
4366.7,0.45
4368.1,0.45
4369.4,0.48
4370.8,0.45
4372.1,0.48
4373.3,0.52
4374.5,0.52
4375.6,0.57
4376.7,0.57
4377.8,0.57
4378.9,0.57
4380.1,0.52
4381.2,0.57
4382.3,0.57
4383.4,0.57
4384.6,0.52
4385.8,0.52
4386.9,0.57
4388.1,0.52
4389.3,0.52
4390.5,0.52
4391.6,0.57
4392.8,0.52
4394.0,0.52
4395.2,0.52
4396.4,0.52
4397.7,0.48
4398.9,0.52
4400.2,0.48
4401.5,0.48
4402.8,0.48
4404.1,0.48
4405.4,0.48
4406.7,0.48
4408.1,0.45
4409.4,0.48
4410.7,0.48
4412.1,0.45
4413.4,0.48
4414.7,0.48
4416.1,0.45
4417.4,0.48
4418.7,0.48
4420.1,0.45
4421.5,0.45
4422.8,0.48
4424.2,0.45
4425.6,0.45
4426.9,0.48
4428.3,0.45
4429.7,0.45
4431.1,0.45
4432.5,0.45
4433.9,0.45
4435.3,0.45
4436.8,0.42
4438.2,0.45
4439.7,0.42
4441.1,0.45
4442.6,0.42
4444.1,0.42
4445.5,0.45
4446.9,0.45
4448.4,0.42
4449.8,0.45
4451.2,0.45
4452.6,0.45
4454.1,0.42
4455.5,0.45
4456.9,0.45
4458.4,0.42
4459.9,0.42
4461.3,0.45
4462.8,0.42
4464.2,0.45
4465.7,0.42
4467.2,0.42
4468.8,0.39
4470.3,0.42
4471.9,0.39
4473.4,0.42
4474.9,0.42
4476.5,0.39
4478.1,0.39
4479.7,0.39
4481.3,0.39
4482.9,0.39
4484.5,0.39
4486.1,0.39
4487.6,0.42
4489.2,0.39
4490.8,0.39
4492.4,0.39
4494.0,0.39
4495.6,0.39
4497.3,0.37
4498.9,0.39
4500.5,0.39
4502.2,0.37
4503.9,0.37
4505.7,0.35
4507.4,0.37
4509.2,0.35
4510.9,0.37
4512.7,0.35
4514.4,0.37
4516.1,0.37
4517.9,0.35
4519.6,0.37
4521.3,0.37
4523.1,0.35
4524.8,0.37
4526.6,0.35
4528.3,0.37
4530.0,0.37
4531.7,0.37
4533.4,0.37
4535.2,0.35
4536.9,0.37
4538.6,0.37
4540.2,0.39
4541.9,0.37
4543.5,0.39
4545.2,0.37
4546.9,0.37
4548.6,0.37
4550.3,0.37
4552.0,0.37
4553.7,0.37
4555.4,0.37
4557.1,0.37
4558.8,0.37
4560.5,0.37
4562.2,0.37
4563.8,0.39
4565.5,0.37
4567.1,0.39
4568.7,0.39
4570.3,0.39
4571.9,0.39
4573.6,0.37
4575.2,0.39
4576.9,0.37
4578.6,0.37
4580.3,0.37
4582.0,0.37
4583.7,0.37
4585.4,0.37
4587.1,0.37
4588.8,0.37
4590.4,0.39
4592.1,0.37
4593.7,0.39
4595.4,0.37
4597.0,0.39
4598.7,0.37
4600.4,0.37
4602.0,0.39
4603.7,0.37
4605.3,0.39
4606.9,0.39
4608.6,0.37
4610.3,0.37
4611.9,0.39
4613.6,0.37
4615.2,0.39
4616.8,0.39
4618.5,0.37
4620.1,0.39
4621.7,0.39
4623.4,0.37
4625.0,0.39
4626.6,0.39
4628.2,0.39
4629.8,0.39
4631.4,0.39
4633.0,0.39
4634.6,0.39
4636.2,0.39
4637.8,0.39
4639.4,0.39
4641.1,0.37
4642.7,0.39
4644.4,0.37
4646.0,0.39
4647.7,0.37
4649.3,0.39
4651.0,0.37
4652.6,0.39
4654.3,0.37
4656.0,0.37
4657.8,0.35
4659.5,0.37
4661.2,0.37
4662.9,0.37
4664.5,0.39
4666.2,0.37
4667.9,0.37
4669.5,0.39
4671.2,0.37
4672.8,0.39
4674.5,0.37
4676.2,0.37
4677.9,0.37
4679.7,0.35
4681.4,0.37
4683.1,0.37
4684.8,0.37
4686.5,0.37
4688.2,0.37
4690.0,0.35
4691.7,0.37
4693.5,0.35
4695.2,0.37
4697.0,0.35
4698.7,0.37
4700.4,0.37
4702.1,0.37
4703.9,0.35
4705.6,0.37
4707.3,0.37
4709.0,0.37
4710.8,0.35
4712.5,0.37
4714.2,0.37
4715.9,0.37
4717.6,0.37
4719.3,0.37
4721.0,0.37
4722.7,0.37
4724.4,0.37
4726.1,0.37
4727.7,0.39
4729.4,0.37
4731.1,0.37
4732.8,0.37
4734.5,0.37
4736.1,0.39
4737.8,0.37
4739.5,0.37
4741.2,0.37
4742.9,0.37
4744.5,0.39
4746.2,0.37
4747.9,0.37
4749.5,0.39
4751.1,0.39
4752.8,0.37
4754.4,0.39
4756.1,0.37
4757.8,0.37
4759.6,0.35
4761.3,0.37
4763.1,0.35
4764.8,0.37
4766.6,0.35
4768.3,0.37
4770.1,0.35
4771.9,0.35
4773.7,0.35
4775.4,0.37
4777.2,0.35
4778.9,0.37
4780.6,0.37
4782.4,0.35
4784.1,0.37
4785.8,0.37
4787.5,0.37
4789.3,0.35
4791.0,0.37
4792.7,0.37
4794.4,0.37
4796.1,0.37
4797.8,0.37
4799.5,0.37
4801.1,0.39
4802.8,0.37
4804.4,0.39
4806.1,0.37
4807.8,0.37
4809.6,0.35
4811.3,0.37
4813.1,0.35
4814.8,0.37
4816.4,0.39
4818.1,0.37
4819.8,0.37
4821.5,0.37
4823.2,0.37
4824.9,0.37
4826.6,0.37
4828.3,0.37
4830.1,0.35
4831.8,0.37
4833.6,0.35
4835.4,0.35
4837.2,0.35
4838.9,0.37
4840.6,0.37
4842.4,0.35
4844.1,0.37
4845.8,0.37
4847.5,0.37
4849.2,0.37
4850.9,0.37
4852.7,0.35
4854.4,0.37
4856.2,0.35
4857.9,0.37
4859.7,0.35
4861.4,0.37
4863.1,0.37
4864.8,0.37
4866.5,0.37
4868.2,0.37
4870.0,0.35
4871.7,0.37
4873.4,0.37
4875.1,0.37
4876.9,0.35
4878.6,0.37
4880.4,0.35
4882.2,0.35
4884.0,0.35
4885.8,0.35
4887.6,0.35
4889.4,0.35
4891.1,0.37
4892.8,0.37
4894.6,0.35
4896.3,0.37
4898.1,0.35
4899.9,0.35
4901.7,0.35
4903.5,0.35
4905.4,0.33
4907.3,0.33
4909.2,0.33
4911.2,0.31
4913.1,0.33
4915.1,0.31
4917.0,0.33
4919.0,0.31
4921.0,0.31
4922.9,0.33
4924.9,0.31
4926.9,0.31
4928.8,0.33
4930.7,0.33
4932.6,0.33
4934.5,0.33
4936.3,0.35
4938.1,0.35
4939.9,0.35
4941.7,0.35
4943.6,0.33
4945.5,0.33
4947.4,0.33
4949.2,0.35
4951.1,0.33
4953.0,0.33
4954.8,0.35
4956.8,0.31
4958.7,0.33
4960.5,0.35
4962.4,0.33
4964.2,0.35
4966.0,0.35
4967.8,0.35
4969.6,0.35
4971.3,0.37
4973.1,0.35
4974.9,0.35
4976.6,0.37
4978.3,0.37
4980.0,0.37
4981.8,0.35
4983.6,0.35
4985.4,0.35
4987.1,0.37
4988.8,0.37
4990.6,0.35
4992.4,0.35
4994.1,0.37
4995.9,0.35
4997.7,0.35
4999.3,0.39
5000.8,0.42
5002.1,0.48
5003.5,0.45
5004.9,0.45
5006.3,0.45
5007.8,0.42
5009.2,0.45
5010.7,0.42
5012.1,0.45
5013.5,0.45
5014.9,0.45
5016.2,0.48
5017.6,0.45
5019.0,0.45
5020.4,0.45
5021.8,0.45
5023.2,0.45
5024.5,0.48
5025.8,0.48
5027.1,0.48
5028.4,0.48
5029.6,0.52
5030.9,0.48
5032.2,0.48
5033.5,0.48
5034.8,0.48
5036.1,0.48
5037.4,0.48
5038.7,0.48
5040.0,0.48
5041.4,0.45
5042.7,0.48
5044.1,0.45
5045.5,0.45
5046.9,0.45
5048.3,0.45
5049.7,0.45
5051.1,0.45
5052.5,0.45
5054.0,0.42
5055.4,0.45
5056.9,0.42
5058.3,0.45
5059.8,0.42
5061.3,0.42
5062.8,0.42
5064.3,0.42
5065.8,0.42
5067.3,0.42
5068.9,0.39
5070.4,0.42
5071.9,0.42
5073.5,0.39
5075.1,0.39
5076.7,0.39
5078.3,0.39
5079.9,0.39
5081.6,0.37
5083.3,0.37
5084.9,0.39
5086.6,0.37
5088.3,0.37
5089.9,0.39
5091.6,0.37
5093.3,0.37
5095.0,0.37
5096.6,0.39
5098.3,0.37
5100.0,0.37
5101.7,0.37
5103.4,0.37
5105.2,0.35
5107.0,0.35
5108.8,0.35
5110.6,0.35
5112.3,0.37
5114.0,0.37
5115.7,0.37
5117.4,0.37
5119.1,0.37
5120.8,0.37
5122.5,0.37
5124.2,0.37
5126.0,0.35
5127.7,0.37
5129.5,0.35
5131.2,0.37
5133.0,0.35
5134.8,0.35
5136.5,0.37
5138.2,0.37
5139.9,0.37
5141.7,0.35
5143.4,0.37
5145.2,0.35
5146.9,0.37
5148.7,0.35
5150.4,0.37
5152.2,0.35
5153.9,0.37
5155.7,0.35
5157.5,0.35
5159.3,0.35
5161.2,0.33
5163.0,0.35
5164.9,0.33
5166.7,0.35
5168.5,0.35
5170.4,0.33
5172.2,0.35
5174.0,0.35
5175.8,0.35
5177.6,0.35
5179.4,0.35
5181.2,0.35
5183.0,0.35
5184.8,0.35
5186.5,0.37
5188.3,0.35
5190.0,0.37
5191.8,0.35
5193.6,0.35
5195.3,0.37
5197.1,0.35
5198.9,0.35
5200.7,0.35
5202.5,0.35
5204.2,0.37
5205.9,0.37
5207.6,0.37
5209.4,0.35
5211.1,0.37
5212.8,0.37
5214.5,0.37
5216.3,0.35
5218.1,0.35
5220.0,0.33
5221.9,0.33
5223.9,0.31
5225.8,0.33
5227.7,0.33
5229.7,0.31
5231.7,0.31
5233.6,0.33
5235.6,0.31
5237.6,0.31
5239.5,0.33
5241.5,0.31
5243.4,0.33
5245.3,0.33
5247.2,0.33
5249.0,0.35
5250.8,0.35
5252.5,0.37
5254.2,0.37
5255.9,0.37
5257.6,0.37
5259.4,0.35
5261.1,0.37
5262.8,0.37
5264.6,0.35
5266.4,0.35
5268.1,0.37
5269.9,0.35
5271.7,0.35
5273.4,0.37
5275.2,0.35
5276.9,0.37
5278.7,0.35
5280.4,0.37
5282.1,0.37
5283.9,0.35
5285.7,0.35
5287.5,0.35
5289.2,0.37
5291.0,0.35
5292.8,0.35
5294.6,0.35
5296.4,0.35
5298.3,0.33
5300.2,0.33
5302.0,0.35
5303.9,0.33
5305.6,0.37
5307.4,0.35
5309.2,0.35
5311.0,0.35
5312.7,0.37
5314.5,0.35
5316.2,0.37
5318.0,0.35
5319.7,0.37
5321.5,0.35
5323.3,0.35
5325.1,0.35
5326.9,0.35
5328.8,0.33
5330.6,0.35
5332.5,0.33
5334.3,0.35
5336.2,0.33
5338.0,0.35
5339.8,0.35
5341.7,0.33
5343.5,0.35
5345.4,0.33
5347.4,0.31
5349.3,0.33
5351.2,0.33
5353.1,0.33
5355.0,0.33
5356.8,0.35
5358.7,0.33
5360.6,0.33
5362.6,0.31
5364.6,0.31
5366.5,0.33
5368.4,0.33
5370.4,0.31
5372.3,0.33
5374.3,0.31
5376.3,0.31
5378.3,0.31
5380.3,0.31
5382.3,0.31
5384.3,0.31
5386.3,0.31
5388.3,0.31
5390.4,0.30
5392.4,0.31
5394.4,0.31
5396.4,0.31
0.0,0.00
