1187.0,0.42
1188.0,0.00
2460.8,0.00
2461.8,0.45
2463.0,0.52
2464.4,0.45
2465.8,0.45
2467.2,0.45
2468.5,0.48
2469.8,0.48
2471.2,0.45
2472.6,0.45
2474.0,0.45
2475.4,0.45
2476.9,0.42
2478.5,0.39
2480.1,0.39
2481.7,0.39
2483.5,0.35
2485.3,0.35
2488.8,0.18
2490.7,0.33
2492.0,0.48
2493.3,0.48
2494.6,0.48
2495.9,0.48
2497.2,0.48
2498.5,0.48
2499.8,0.48
2501.2,0.45
2502.6,0.45
2504.0,0.45
2505.5,0.42
2507.0,0.42
2508.5,0.42
2510.0,0.42
2511.6,0.39
2513.2,0.39
2514.7,0.42
2516.3,0.39
2517.9,0.39
2519.5,0.39
2521.1,0.39
2522.7,0.39
2524.3,0.39
2525.9,0.39
2527.5,0.39
2529.1,0.39
2530.7,0.39
2532.2,0.42
2533.7,0.42
2535.2,0.42
2536.7,0.42
2538.2,0.42
2539.8,0.39
2541.3,0.42
2542.8,0.42
2544.3,0.42
2545.8,0.42
2547.4,0.39
2548.9,0.42
2550.5,0.39
2552.0,0.42
2553.6,0.39
2555.1,0.42
2556.6,0.42
2558.1,0.42
2559.6,0.42
2561.0,0.45
2562.5,0.42
2563.9,0.45
2565.4,0.42
2566.9,0.42
2568.4,0.42
2569.9,0.42
2571.5,0.39
2573.0,0.42
2574.6,0.39
2576.2,0.39
2577.8,0.39
2579.4,0.39
2580.9,0.42
2582.3,0.45
2583.6,0.48
2585.0,0.45
2586.3,0.48
2587.7,0.45
2589.0,0.48
2590.4,0.45
2591.7,0.48
2593.1,0.45
2594.4,0.48
2595.8,0.45
2597.2,0.45
2598.6,0.45
2600.1,0.42
2601.5,0.45
2602.9,0.45
2604.4,0.42
2605.9,0.42
2607.4,0.42
2608.9,0.42
2610.4,0.42
2611.9,0.42
2613.3,0.45
2614.7,0.45
2616.1,0.45
2617.5,0.45
2618.9,0.45
2620.3,0.45
2621.7,0.45
2623.0,0.48
2624.4,0.45
2625.8,0.45
2627.1,0.48
2628.5,0.45
2629.8,0.48
2631.1,0.48
2632.4,0.48
2633.7,0.48
2635.0,0.48
2636.4,0.45
2637.7,0.48
2639.1,0.45
2640.4,0.48
2641.8,0.45
2643.2,0.45
2644.6,0.45
2645.9,0.48
2647.2,0.48
2648.6,0.45
2650.0,0.45
2651.4,0.45
2652.9,0.42
2654.3,0.45
2655.7,0.45
2657.1,0.45
2658.5,0.45
2659.9,0.45
2661.3,0.45
2662.8,0.42
2664.2,0.45
2665.6,0.45
2667.1,0.42
2668.6,0.42
2670.0,0.45
2671.5,0.42
2673.0,0.42
2674.5,0.42
2676.1,0.39
2677.6,0.42
2679.1,0.42
2680.6,0.42
2682.2,0.39
2683.8,0.39
2685.3,0.42
2686.9,0.39
2688.4,0.42
2689.9,0.42
2691.4,0.42
2692.9,0.42
2694.3,0.45
2695.7,0.45
2697.2,0.42
2698.6,0.45
2700.0,0.45
2701.5,0.42
2703.0,0.42
2704.5,0.42
2706.0,0.42
2707.4,0.45
2708.9,0.42
2710.5,0.39
2712.0,0.42
2713.5,0.42
2715.0,0.42
2716.5,0.42
2718.0,0.42
2719.4,0.45
2720.9,0.42
2722.3,0.45
2723.8,0.42
2725.2,0.45
2726.7,0.42
2728.2,0.42
2729.7,0.42
2731.2,0.42
2732.6,0.45
2734.1,0.42
2735.6,0.42
2737.1,0.42
2738.6,0.42
2740.2,0.39
2741.7,0.42
2743.2,0.42
2744.8,0.39
2746.3,0.42
2747.8,0.42
2749.4,0.39
2750.9,0.42
2752.5,0.39
2754.0,0.42
2755.6,0.39
2757.1,0.42
2758.7,0.39
2760.2,0.42
2761.8,0.39
2763.4,0.39
2764.9,0.42
2766.5,0.39
2768.1,0.39
2769.6,0.42
2771.1,0.42
2772.6,0.42
2774.2,0.39
2775.7,0.42
2777.2,0.42
2778.8,0.39
2780.3,0.42
2781.9,0.39
2783.5,0.39
2785.0,0.42
2786.6,0.39
2788.1,0.42
2789.7,0.39
2791.2,0.42
2792.8,0.39
2794.3,0.42
2795.9,0.39
2797.4,0.42
2799.0,0.39
2800.5,0.42
2802.1,0.39
2803.6,0.42
2805.2,0.39
2806.7,0.42
2808.2,0.42
2809.8,0.39
2811.3,0.42
2812.9,0.39
2814.4,0.42
2816.0,0.39
2817.6,0.39
2819.2,0.39
2820.8,0.39
2822.4,0.39
2824.0,0.39
2825.6,0.39
2827.1,0.42
2828.7,0.39
2830.3,0.39
2831.9,0.39
2833.5,0.39
2835.0,0.42
2836.6,0.39
2838.2,0.39
2839.7,0.42
2841.3,0.39
2842.9,0.39
2844.4,0.42
2846.1,0.37
2847.9,0.35
2849.8,0.33
2851.7,0.33
2853.9,0.29
2856.1,0.29
2858.3,0.29
2860.6,0.27
2862.8,0.29
2865.1,0.27
2867.3,0.29
2869.6,0.27
2871.7,0.30
2873.6,0.33
2875.5,0.33
2877.2,0.37
2879.0,0.35
2880.8,0.35
2882.7,0.33
2884.5,0.35
2886.4,0.33
2888.2,0.35
2890.1,0.33
2891.9,0.35
2893.7,0.35
2895.5,0.35
2897.2,0.37
2898.9,0.37
2900.6,0.37
2902.3,0.37
2904.1,0.35
2905.9,0.35
2907.7,0.35
2909.4,0.37
2911.1,0.37
2912.8,0.37
2914.4,0.39
2916.1,0.37
2917.8,0.37
2919.5,0.37
2921.1,0.39
2922.7,0.39
2924.3,0.39
2926.0,0.37
2927.7,0.37
2929.3,0.39
2931.0,0.37
2932.6,0.39
2934.3,0.37
2935.9,0.39
2937.6,0.37
2939.2,0.39
2940.9,0.37
2942.6,0.37
2944.2,0.39
2945.9,0.37
2947.6,0.37
2949.2,0.39
2950.9,0.37
2952.6,0.37
2954.3,0.37
2956.0,0.37
2957.6,0.39
2959.2,0.39
2960.9,0.37
2962.5,0.39
2964.2,0.37
2965.8,0.39
2967.4,0.39
2969.1,0.37
2970.8,0.37
2972.4,0.39
2974.1,0.37
2975.8,0.37
2977.4,0.39
2979.0,0.39
2980.7,0.37
2982.3,0.39
2983.9,0.39
2985.6,0.37
2987.4,0.35
2989.1,0.37
2990.7,0.39
2992.4,0.37
2994.0,0.39
2995.7,0.37
2997.4,0.37
2999.1,0.37
3000.8,0.37
3002.5,0.37
3004.2,0.37
3006.0,0.35
3007.8,0.35
3009.7,0.33
3011.5,0.35
3013.4,0.33
3015.1,0.37
3016.9,0.35
3018.6,0.37
3020.4,0.35
3022.2,0.35
3024.0,0.35
3025.8,0.35
3027.6,0.35
3029.3,0.37
3031.1,0.35
3032.9,0.35
3034.7,0.35
3036.5,0.35
3038.3,0.35
3040.0,0.37
3041.8,0.35
3043.6,0.35
3045.3,0.37
3047.2,0.33
3048.9,0.37
3050.7,0.35
3052.5,0.35
3054.2,0.37
3056.0,0.35
3057.6,0.39
3059.3,0.37
3060.9,0.39
3062.6,0.37
3064.3,0.37
3066.0,0.37
3067.7,0.37
3069.4,0.37
3071.1,0.37
3072.8,0.37
3074.5,0.37
3076.2,0.37
3077.9,0.37
3079.6,0.37
3081.3,0.37
3083.0,0.37
3084.7,0.37
3086.4,0.37
3088.2,0.35
3089.9,0.37
3091.6,0.37
3093.3,0.37
3095.0,0.37
3096.7,0.37
3098.4,0.37
3100.1,0.37
3101.8,0.37
3103.6,0.35
3105.3,0.37
3106.9,0.39
3108.6,0.37
3110.3,0.37
3112.0,0.37
3113.7,0.37
3115.4,0.37
3117.1,0.37
3118.8,0.37
3120.5,0.37
3122.1,0.39
3123.7,0.39
3125.3,0.39
3127.0,0.37
3128.7,0.37
3130.4,0.37
3132.1,0.37
3133.9,0.35
3135.7,0.35
3137.4,0.37
3139.2,0.35
3140.9,0.37
3142.7,0.35
3144.4,0.37
3146.2,0.35
3147.9,0.37
3149.6,0.37
3151.3,0.37
3152.9,0.39
3154.7,0.35
3156.4,0.37
3158.1,0.37
3159.8,0.37
3161.6,0.35
3163.3,0.37
3165.0,0.37
3166.7,0.37
3168.3,0.39
3170.0,0.37
3171.8,0.35
3173.5,0.37
3175.2,0.37
3177.0,0.35
3178.7,0.37
3180.5,0.35
3182.3,0.35
3184.1,0.35
3185.9,0.35
3187.7,0.35
3189.5,0.35
3191.3,0.35
3193.1,0.35
3194.8,0.37
3196.6,0.35
3198.3,0.37
3200.1,0.35
3201.8,0.37
3203.6,0.35
3205.3,0.37
3207.0,0.37
3208.7,0.37
3210.4,0.37
3212.0,0.39
3213.5,0.42
3215.0,0.42
3216.5,0.42
3218.1,0.39
3219.9,0.35
3222.0,0.30
3224.1,0.30
3226.3,0.29
3228.6,0.27
3230.8,0.29
3233.1,0.27
3235.2,0.30
3237.3,0.30
3239.4,0.30
3241.3,0.33
3243.2,0.33
3245.1,0.33
3246.9,0.35
3248.7,0.35
3250.6,0.33
3252.4,0.35
3254.4,0.31
3256.4,0.31
3258.4,0.31
3260.4,0.31
3262.3,0.33
3264.2,0.33
3266.1,0.33
3268.0,0.33
3269.9,0.33
3271.9,0.31
3274.0,0.30
3276.1,0.30
3278.3,0.29
3280.4,0.30
3282.4,0.31
3284.4,0.31
3286.3,0.33
3288.2,0.33
3290.0,0.35
3291.9,0.33
3293.8,0.33
3295.6,0.35
3297.6,0.31
3299.5,0.33
3301.3,0.35
3303.2,0.33
3305.1,0.33
3307.0,0.33
3308.9,0.33
3310.7,0.35
3312.6,0.33
3314.5,0.33
3316.3,0.35
3318.1,0.35
3319.9,0.35
3321.6,0.37
3323.3,0.37
3325.1,0.35
3326.8,0.37
3328.6,0.35
3330.4,0.35
3332.1,0.37
3333.9,0.35
3335.7,0.35
3337.5,0.35
3339.4,0.33
3341.3,0.33
3343.2,0.33
3345.2,0.31
3347.1,0.33
3349.1,0.31
3350.9,0.35
3352.8,0.33
3354.6,0.35
3356.4,0.35
3358.3,0.33
3360.2,0.33
3362.1,0.33
3364.0,0.33
3365.9,0.33
3367.8,0.33
3369.8,0.31
3371.7,0.33
3373.6,0.33
3375.6,0.31
3377.6,0.31
3379.5,0.33
3381.3,0.35
3383.2,0.33
3385.0,0.35
3386.8,0.35
3388.7,0.33
3390.5,0.35
3392.3,0.35
3394.0,0.37
3395.8,0.35
3397.6,0.35
3399.4,0.35
3401.2,0.35
3403.0,0.35
3404.9,0.33
3406.8,0.33
3408.6,0.35
3410.4,0.35
3412.3,0.33
3414.1,0.35
3415.9,0.35
3417.7,0.35
3419.5,0.35
3421.3,0.35
3423.2,0.33
3425.1,0.33
3426.9,0.35
3428.8,0.33
3430.6,0.35
3432.4,0.35
3434.2,0.35
3436.1,0.33
3437.9,0.35
3439.8,0.33
3441.7,0.33
3443.5,0.35
3445.3,0.35
3447.1,0.35
3449.0,0.33
3450.8,0.35
3452.6,0.35
3454.4,0.35
3456.2,0.35
3458.0,0.35
3459.7,0.37
3461.5,0.35
3463.2,0.37
3465.0,0.35
3466.8,0.35
3468.6,0.35
3470.4,0.35
3472.3,0.33
3474.1,0.35
3475.9,0.35
3477.7,0.35
3479.5,0.35
3481.3,0.35
3483.2,0.33
3485.1,0.33
3486.9,0.35
3488.8,0.33
3490.6,0.35
3492.4,0.35
3494.2,0.35
3496.0,0.35
3497.8,0.35
3499.7,0.33
3501.5,0.35
3503.3,0.35
3505.1,0.35
3507.0,0.33
3508.9,0.33
3510.9,0.31
3512.8,0.33
3514.8,0.31
3516.7,0.33
3518.7,0.31
3520.7,0.31
3522.7,0.31
3524.7,0.31
3526.6,0.33
3528.5,0.33
3530.5,0.31
3532.4,0.33
3534.4,0.31
3536.3,0.33
3538.3,0.31
3540.3,0.31
3542.3,0.31
3544.3,0.31
3546.3,0.31
3548.3,0.31
3550.3,0.31
3552.2,0.33
3554.2,0.31
3556.2,0.31
3558.1,0.33
3560.1,0.31
3562.1,0.31
3564.0,0.33
3565.9,0.33
3567.8,0.33
3569.6,0.35
3571.4,0.35
3573.3,0.33
3575.2,0.33
3577.4,0.29
3579.6,0.29
3581.5,0.33
3583.5,0.31
3585.4,0.33
3587.4,0.31
3589.6,0.29
3591.9,0.27
3594.2,0.27
3596.6,0.26
0.0,0.00
