3.9,0.30
6.3,0.26
8.4,0.30
10.5,0.30
12.4,0.33
14.3,0.33
16.2,0.33
18.1,0.33
20.1,0.31
22.0,0.33
23.9,0.33
25.5,0.39
27.1,0.39
28.8,0.37
30.4,0.39
32.0,0.39
33.6,0.39
35.2,0.39
36.7,0.42
38.3,0.39
39.9,0.39
41.5,0.39
43.1,0.39
44.8,0.37
46.4,0.39
48.0,0.39
49.6,0.39
51.3,0.37
52.9,0.39
54.4,0.42
56.0,0.39
57.5,0.42
59.1,0.39
60.7,0.39
62.3,0.39
63.9,0.39
65.5,0.39
67.1,0.39
68.8,0.37
70.5,0.37
72.2,0.37
73.8,0.39
75.5,0.37
77.3,0.35
79.0,0.37
80.7,0.37
82.4,0.37
84.1,0.37
85.8,0.37
87.5,0.37
89.1,0.39
90.8,0.37
92.4,0.39
94.1,0.37
95.7,0.39
97.3,0.39
98.9,0.39
100.4,0.42
102.0,0.39
103.5,0.42
105.0,0.42
106.5,0.42
108.0,0.42
109.5,0.42
111.0,0.42
112.5,0.42
114.0,0.42
115.5,0.42
117.0,0.42
118.5,0.42
120.0,0.42
121.5,0.42
123.1,0.39
124.6,0.42
126.2,0.39
127.7,0.42
129.2,0.42
130.8,0.39
132.3,0.42
133.9,0.39
135.4,0.42
137.0,0.39
138.4,0.45
139.9,0.42
141.4,0.42
142.8,0.45
144.3,0.42
145.7,0.45
147.2,0.42
148.7,0.42
150.2,0.42
151.7,0.42
153.2,0.42
154.7,0.42
156.2,0.42
157.7,0.42
159.2,0.42
160.7,0.42
162.2,0.42
163.7,0.42
165.3,0.39
166.8,0.42
168.3,0.42
169.8,0.42
171.2,0.45
172.6,0.45
174.0,0.45
175.4,0.45
176.9,0.42
178.3,0.45
179.7,0.45
181.2,0.42
182.7,0.42
184.1,0.45
185.6,0.42
187.1,0.42
188.5,0.45
189.9,0.45
191.3,0.45
192.7,0.45
194.2,0.42
195.6,0.45
197.0,0.45
198.5,0.42
199.9,0.45
201.4,0.42
202.8,0.45
204.2,0.45
205.5,0.48
206.7,0.52
208.0,0.48
209.3,0.48
210.6,0.48
211.8,0.52
213.2,0.45
214.5,0.48
215.8,0.48
217.1,0.48
218.4,0.48
219.7,0.48
221.1,0.45
222.4,0.48
223.8,0.45
225.1,0.48
226.5,0.45
227.9,0.45
229.2,0.48
230.6,0.45
232.1,0.42
233.5,0.45
234.9,0.45
236.2,0.48
237.6,0.45
239.0,0.45
240.3,0.48
241.7,0.45
243.0,0.48
244.3,0.48
245.7,0.45
247.1,0.45
248.5,0.45
249.9,0.45
251.3,0.45
252.7,0.45
254.1,0.45
255.5,0.45
256.9,0.45
258.2,0.48
259.6,0.45
260.9,0.48
262.2,0.48
263.5,0.48
264.9,0.45
266.3,0.45
267.7,0.45
269.1,0.45
270.4,0.48
271.8,0.45
273.2,0.45
274.5,0.48
275.8,0.48
277.1,0.48
278.4,0.48
279.6,0.52
280.9,0.48
282.1,0.52
283.4,0.48
284.7,0.48
286.0,0.48
287.3,0.48
288.6,0.48
289.9,0.48
291.2,0.48
292.6,0.45
293.9,0.48
295.2,0.48
296.5,0.48
297.8,0.48
299.1,0.48
300.4,0.48
301.7,0.48
303.1,0.45
304.4,0.48
305.8,0.45
307.1,0.48
308.5,0.45
309.9,0.45
311.4,0.42
312.9,0.42
314.3,0.45
315.8,0.42
317.2,0.45
318.7,0.42
320.2,0.42
321.6,0.45
323.1,0.42
324.6,0.42
326.1,0.42
327.6,0.42
329.0,0.45
330.5,0.42
332.0,0.42
333.5,0.42
334.9,0.45
336.4,0.42
337.9,0.42
339.3,0.45
340.8,0.42
342.2,0.45
343.7,0.42
345.1,0.45
346.6,0.42
348.1,0.42
349.6,0.42
351.1,0.42
352.5,0.45
354.0,0.42
355.5,0.42
357.0,0.42
358.5,0.42
359.9,0.45
361.4,0.42
362.8,0.45
364.3,0.42
365.8,0.42
367.2,0.45
368.7,0.42
370.1,0.45
371.6,0.42
373.0,0.45
374.5,0.42
375.9,0.45
377.4,0.42
378.9,0.42
380.3,0.45
381.8,0.42
383.2,0.45
384.6,0.45
386.1,0.42
387.4,0.48
388.8,0.45
390.2,0.45
391.6,0.45
393.1,0.42
394.5,0.45
395.9,0.45
397.3,0.45
398.8,0.42
400.1,0.48
401.5,0.45
402.9,0.45
404.3,0.45
405.7,0.45
407.1,0.45
408.5,0.45
410.0,0.42
411.4,0.45
412.8,0.45
414.2,0.45
415.6,0.45
417.1,0.42
418.5,0.45
419.9,0.45
421.3,0.45
422.8,0.42
424.2,0.45
425.7,0.42
427.2,0.42
428.6,0.45
430.1,0.42
431.5,0.45
433.0,0.42
434.4,0.45
435.8,0.45
437.3,0.42
438.8,0.42
440.2,0.45
441.7,0.42
443.2,0.42
444.7,0.42
446.2,0.42
447.7,0.42
449.1,0.45
450.6,0.42
452.1,0.42
453.5,0.45
454.9,0.45
456.4,0.42
457.8,0.45
459.2,0.45
460.7,0.42
462.1,0.45
463.5,0.45
464.9,0.45
466.4,0.42
467.8,0.45
469.2,0.45
470.6,0.45
472.1,0.42
473.5,0.45
474.9,0.45
476.4,0.42
477.8,0.45
479.2,0.45
480.7,0.42
482.1,0.45
483.6,0.42
485.0,0.45
486.5,0.42
487.9,0.45
489.4,0.42
490.8,0.45
492.3,0.42
493.7,0.45
495.2,0.42
496.6,0.45
498.1,0.42
499.6,0.42
501.1,0.42
502.6,0.42
504.1,0.42
505.6,0.42
507.1,0.42
508.6,0.42
510.1,0.42
511.6,0.42
513.1,0.42
514.6,0.42
516.1,0.42
517.6,0.42
519.1,0.42
520.5,0.45
522.0,0.42
523.5,0.42
525.0,0.42
526.4,0.45
527.9,0.42
529.4,0.42
530.9,0.42
532.5,0.39
534.0,0.42
535.5,0.42
537.1,0.39
538.6,0.42
540.1,0.42
541.6,0.42
543.1,0.42
544.6,0.42
546.0,0.45
547.5,0.42
548.9,0.45
550.4,0.42
551.9,0.42
553.5,0.39
555.0,0.42
556.5,0.42
558.0,0.42
559.5,0.42
561.1,0.39
562.6,0.42
564.1,0.42
565.6,0.42
567.1,0.42
568.6,0.42
570.2,0.39
571.7,0.42
573.2,0.42
574.7,0.42
576.3,0.39
577.8,0.42
579.4,0.39
580.9,0.42
582.4,0.42
584.0,0.39
585.5,0.42
587.0,0.42
588.5,0.42
590.0,0.42
591.5,0.42
593.0,0.42
594.5,0.42
596.0,0.42
597.5,0.42
599.0,0.42
600.5,0.42
601.9,0.45
603.4,0.42
604.9,0.42
606.4,0.42
607.9,0.42
609.4,0.42
610.9,0.42
612.4,0.42
614.0,0.39
615.4,0.45
616.8,0.45
618.0,0.52
619.3,0.48
620.5,0.52
621.8,0.48
623.1,0.48
624.3,0.52
625.6,0.48
626.9,0.48
628.1,0.52
629.4,0.48
630.7,0.48
632.1,0.45
633.5,0.45
634.9,0.45
636.4,0.42
637.8,0.45
639.2,0.45
640.7,0.42
642.1,0.45
643.6,0.42
645.0,0.45
646.5,0.42
647.9,0.45
649.4,0.42
650.9,0.42
652.4,0.42
653.8,0.45
655.3,0.42
656.8,0.42
658.4,0.39
659.9,0.42
661.4,0.42
663.0,0.39
664.5,0.42
666.0,0.42
667.5,0.42
669.0,0.42
670.5,0.42
672.0,0.42
673.4,0.45
674.9,0.42
676.4,0.42
677.8,0.45
679.3,0.42
680.8,0.42
682.3,0.42
683.8,0.42
685.3,0.42
686.9,0.39
688.4,0.42
690.0,0.39
691.5,0.42
693.0,0.42
694.6,0.39
696.1,0.42
697.7,0.39
699.2,0.42
700.7,0.42
702.2,0.42
703.7,0.42
705.2,0.42
706.7,0.42
708.2,0.42
709.8,0.39
711.2,0.45
712.8,0.39
714.2,0.45
715.8,0.39
717.3,0.42
718.9,0.39
720.4,0.42
721.9,0.42
723.4,0.42
725.0,0.39
726.5,0.42
728.1,0.39
729.6,0.42
731.2,0.39
732.8,0.39
734.3,0.42
735.9,0.39
737.5,0.39
739.0,0.42
740.5,0.42
742.1,0.39
743.6,0.42
745.2,0.39
746.7,0.42
748.3,0.39
749.8,0.42
751.4,0.39
752.9,0.42
754.5,0.39
756.0,0.42
757.6,0.39
759.1,0.42
760.6,0.42
762.1,0.42
763.6,0.42
765.2,0.39
766.7,0.42
768.3,0.39
769.8,0.42
771.4,0.39
772.9,0.42
774.5,0.39
776.1,0.39
777.6,0.42
779.1,0.42
780.6,0.42
782.1,0.42
783.6,0.42
785.0,0.45
786.5,0.42
788.0,0.42
789.4,0.45
790.9,0.42
792.4,0.42
794.0,0.39
795.5,0.42
797.0,0.42
798.6,0.39
800.1,0.42
801.6,0.42
803.2,0.39
804.7,0.42
806.2,0.42
807.7,0.42
809.2,0.42
810.8,0.39
812.4,0.39
813.9,0.42
815.4,0.42
816.9,0.42
818.4,0.42
819.8,0.45
821.3,0.42
822.7,0.45
824.2,0.42
825.6,0.45
827.1,0.42
828.6,0.42
830.1,0.42
831.6,0.42
833.1,0.42
834.6,0.42
836.1,0.42
837.6,0.42
839.2,0.39
840.7,0.42
842.2,0.42
843.8,0.39
845.3,0.42
846.9,0.39
848.4,0.42
849.9,0.42
851.5,0.39
853.0,0.42
854.6,0.39
856.2,0.39
857.8,0.39
859.3,0.42
860.9,0.39
862.4,0.42
863.9,0.42
865.4,0.42
866.9,0.42
868.4,0.42
869.9,0.42
871.5,0.39
873.0,0.42
874.6,0.39
876.1,0.42
877.7,0.39
879.2,0.42
880.8,0.39
882.3,0.42
883.8,0.42
885.1,0.48
886.4,0.48
887.7,0.48
888.9,0.52
890.2,0.48
891.5,0.48
892.7,0.52
894.0,0.48
895.3,0.48
896.7,0.45
898.0,0.48
899.4,0.45
900.8,0.45
902.2,0.45
903.5,0.48
904.9,0.45
906.2,0.48
907.5,0.48
908.9,0.45
910.2,0.48
911.6,0.45
913.0,0.45
914.3,0.48
915.7,0.45
917.0,0.48
918.4,0.45
919.8,0.45
921.1,0.48
922.5,0.45
923.9,0.45
925.3,0.45
926.7,0.45
928.1,0.45
929.6,0.42
931.1,0.42
932.6,0.42
934.0,0.45
935.5,0.42
937.0,0.42
938.4,0.45
939.9,0.42
941.4,0.42
942.8,0.45
944.2,0.45
945.6,0.45
947.0,0.45
948.4,0.45
949.8,0.45
951.1,0.48
952.5,0.45
953.9,0.45
955.3,0.45
956.7,0.45
958.1,0.45
959.5,0.45
961.0,0.42
962.4,0.45
963.9,0.42
965.4,0.42
967.0,0.39
968.5,0.42
970.0,0.42
971.5,0.42
973.1,0.39
974.6,0.42
976.2,0.39
977.7,0.42
979.2,0.42
980.8,0.39
982.3,0.42
983.8,0.42
985.4,0.39
986.9,0.42
988.4,0.42
990.0,0.39
991.6,0.39
993.2,0.39
994.8,0.39
996.4,0.39
998.0,0.39
999.5,0.42
1001.0,0.42
1002.6,0.39
1004.1,0.42
1005.7,0.39
1007.2,0.42
1008.7,0.42
1010.2,0.42
1011.8,0.39
1013.3,0.42
1014.9,0.39
1016.4,0.42
1018.0,0.39
1019.5,0.42
1021.0,0.42
1022.6,0.39
1024.2,0.39
1025.7,0.42
1027.2,0.42
1028.8,0.39
1030.3,0.42
1031.8,0.42
1033.3,0.42
1034.8,0.42
1036.4,0.39
1037.9,0.42
1039.5,0.39
1041.1,0.39
1042.7,0.39
1044.2,0.42
1045.8,0.39
1047.4,0.39
1048.9,0.42
1050.5,0.39
1052.1,0.39
1053.7,0.39
1055.2,0.42
1056.7,0.42
1058.3,0.39
1059.8,0.42
1061.4,0.39
1062.9,0.42
1064.5,0.39
1066.0,0.42
1067.6,0.39
1069.2,0.39
1070.7,0.42
1072.2,0.42
1073.8,0.39
1075.4,0.39
1076.9,0.42
1078.5,0.39
1080.0,0.42
1081.6,0.39
1083.2,0.39
1084.8,0.39
1086.4,0.39
1088.0,0.39
1089.6,0.39
1091.2,0.39
1092.9,0.37
1094.5,0.39
1096.1,0.39
1097.7,0.39
1099.3,0.39
1100.9,0.39
1102.4,0.42
1104.0,0.39
1105.6,0.39
1107.1,0.42
1108.7,0.39
1110.2,0.42
1111.8,0.39
1113.3,0.42
1114.8,0.42
1116.4,0.39
1117.9,0.42
1119.5,0.39
1121.0,0.42
1122.6,0.39
1124.2,0.39
1125.7,0.42
1127.3,0.39
1128.8,0.42
1130.3,0.42
1131.9,0.39
1133.5,0.39
1135.0,0.42
1136.6,0.39
1138.2,0.39
1139.8,0.39
1141.4,0.39
1143.0,0.39
1144.6,0.39
1146.2,0.39
1147.8,0.39
1149.4,0.39
1151.0,0.39
1152.6,0.39
1154.2,0.39
1155.8,0.39
1157.4,0.39
1159.0,0.39
1160.5,0.42
1162.1,0.39
1163.7,0.39
1165.2,0.42
1166.8,0.39
1168.4,0.39
1170.0,0.39
1171.6,0.39
1173.2,0.39
1174.8,0.39
1176.4,0.39
1178.0,0.39
1179.6,0.39
1181.1,0.42
1182.7,0.39
1184.3,0.39
1185.9,0.39
1187.4,0.42
1189.0,0.39
1190.6,0.39
1192.2,0.39
1193.7,0.42
1195.2,0.42
1196.8,0.39
1198.3,0.42
1199.9,0.39
1201.5,0.39
1203.1,0.39
1204.7,0.39
1206.3,0.39
1207.9,0.39
1209.5,0.39
1211.1,0.39
1212.5,0.45
1213.8,0.48
1215.1,0.48
1216.4,0.48
1217.7,0.48
1219.0,0.48
1220.4,0.45
1221.7,0.48
1223.1,0.45
1224.5,0.45
1225.9,0.45
1227.4,0.42
1228.8,0.45
1230.3,0.42
1231.8,0.42
1233.3,0.42
1234.9,0.39
1236.4,0.42
1238.0,0.39
1239.5,0.42
1241.1,0.39
1242.7,0.39
1244.3,0.39
1245.9,0.39
1247.5,0.39
1249.2,0.37
1250.8,0.39
1252.4,0.39
1254.0,0.39
1255.7,0.37
1257.3,0.39
1259.0,0.37
1260.6,0.39
1262.2,0.39
1263.9,0.37
1265.5,0.39
1267.2,0.37
1268.8,0.39
1270.5,0.37
1272.1,0.39
1273.8,0.37
1275.4,0.39
1277.0,0.39
1278.7,0.37
1280.3,0.39
1282.0,0.37
1283.7,0.37
1285.4,0.37
1287.1,0.37
1288.8,0.37
1290.5,0.37
1292.1,0.39
1293.8,0.37
1295.5,0.37
1297.1,0.39
1298.7,0.39
1300.3,0.39
1302.0,0.37
1303.5,0.42
1305.2,0.37
1306.7,0.42
1308.3,0.39
1310.0,0.37
1311.6,0.39
1313.2,0.39
1314.9,0.37
1316.5,0.39
1318.2,0.37
1319.9,0.37
1321.5,0.39
1323.1,0.39
1324.7,0.39
1326.4,0.37
1328.0,0.39
1329.7,0.37
1331.3,0.39
1332.9,0.39
1334.6,0.37
1336.2,0.39
1337.9,0.37
1339.5,0.39
1341.2,0.37
1342.9,0.37
1344.6,0.37
1346.3,0.37
1348.0,0.37
1349.6,0.39
1351.3,0.37
1353.0,0.37
1354.7,0.37
1356.4,0.37
1358.1,0.37
1359.8,0.37
1361.5,0.37
1363.2,0.37
1364.9,0.37
1366.6,0.37
1368.3,0.37
1370.0,0.37
1371.7,0.37
1373.4,0.37
1375.1,0.37
1376.8,0.37
1378.5,0.37
1380.2,0.37
1382.0,0.35
1383.7,0.37
1385.4,0.37
1387.1,0.37
1388.8,0.37
1390.5,0.37
1392.2,0.37
1394.0,0.35
1395.7,0.37
1397.5,0.35
1399.3,0.35
1401.0,0.37
1402.8,0.35
1404.5,0.37
1406.2,0.37
1407.9,0.37
1409.7,0.35
1411.4,0.37
1413.1,0.37
1414.8,0.37
1416.5,0.37
1418.2,0.37
1419.9,0.37
1421.6,0.37
1423.2,0.39
1424.9,0.37
1426.5,0.39
1428.2,0.37
1429.9,0.37
1431.6,0.37
1433.2,0.39
1435.0,0.35
1436.7,0.37
1438.4,0.37
1440.1,0.37
1441.8,0.37
1443.5,0.37
1445.2,0.37
1446.9,0.37
1448.6,0.37
1450.3,0.37
1452.1,0.35
1453.8,0.37
1455.4,0.39
1457.1,0.37
1458.7,0.39
1460.4,0.37
1462.0,0.39
1463.7,0.37
1465.4,0.37
1467.1,0.37
1468.8,0.37
1470.5,0.37
1472.2,0.37
1473.9,0.37
1475.7,0.35
1477.3,0.39
1479.0,0.37
1480.6,0.39
1482.3,0.37
1483.9,0.39
1485.5,0.39
1487.2,0.37
1488.9,0.37
1490.6,0.37
1492.3,0.37
1494.0,0.37
1495.7,0.37
1497.4,0.37
1499.1,0.37
1500.8,0.37
1502.6,0.35
1504.3,0.37
1506.1,0.35
1507.8,0.37
1509.6,0.35
1511.3,0.37
1513.1,0.35
1514.8,0.37
1516.5,0.37
1518.2,0.37
1519.9,0.37
1521.6,0.37
1523.3,0.37
1525.0,0.37
1526.7,0.37
1528.5,0.35
1530.2,0.37
1532.0,0.35
1533.7,0.37
1535.5,0.35
1537.2,0.37
1538.9,0.37
1540.6,0.37
1542.3,0.37
1544.0,0.37
1545.7,0.37
1547.4,0.37
1549.2,0.35
1550.8,0.39
1552.5,0.37
1554.2,0.37
1556.0,0.35
1557.7,0.37
1559.4,0.37
1561.2,0.35
1562.9,0.37
1564.6,0.37
1566.3,0.37
1568.0,0.37
1569.4,0.45
1570.8,0.45
1572.2,0.45
1573.7,0.42
1575.2,0.42
1576.7,0.42
1578.2,0.42
1579.8,0.39
1581.3,0.42
1582.9,0.39
1584.4,0.42
1585.9,0.42
1587.4,0.42
1588.9,0.42
1590.5,0.39
1592.0,0.42
1593.6,0.39
1595.2,0.39
1596.8,0.39
1598.4,0.39
1600.1,0.37
1601.8,0.37
1603.6,0.35
1605.3,0.37
1607.0,0.37
1608.7,0.37
1610.3,0.39
1612.0,0.37
1613.7,0.37
1615.3,0.39
1617.0,0.37
1618.6,0.39
1620.2,0.39
1621.7,0.42
1623.3,0.39
1624.8,0.42
1626.3,0.42
1627.8,0.42
1629.3,0.42
1630.9,0.39
1632.5,0.39
1634.1,0.39
1635.8,0.37
1637.6,0.35
1639.3,0.37
1641.0,0.37
1642.7,0.37
1644.5,0.35
1646.3,0.35
1648.0,0.37
1649.8,0.35
1651.5,0.37
1653.3,0.35
1655.0,0.37
1656.8,0.35
1658.5,0.37
1660.3,0.35
1662.2,0.33
1664.0,0.35
1665.9,0.33
1667.7,0.35
1669.4,0.37
1671.1,0.37
1672.9,0.35
1674.7,0.35
1676.4,0.37
1678.2,0.35
1680.0,0.35
1681.8,0.35
1683.6,0.35
1685.5,0.33
1687.3,0.35
1689.1,0.35
1691.0,0.33
1692.8,0.35
1694.7,0.33
1696.6,0.33
1698.5,0.33
1700.3,0.35
1702.1,0.35
1704.0,0.33
1705.8,0.35
1707.5,0.37
1709.3,0.35
1711.1,0.35
1712.9,0.35
1714.7,0.35
1716.5,0.35
1718.3,0.35
1720.1,0.35
1721.9,0.35
1723.7,0.35
1725.5,0.35
1727.3,0.35
1729.2,0.33
1731.0,0.35
1732.9,0.33
1734.7,0.35
1736.5,0.35
1738.3,0.35
1740.2,0.33
1742.0,0.35
1743.8,0.35
1745.6,0.35
1747.4,0.35
1749.2,0.35
1751.0,0.35
1752.8,0.35
1754.6,0.35
1756.5,0.33
1758.3,0.35
1760.1,0.35
1761.9,0.35
1763.7,0.35
1765.5,0.35
1767.4,0.33
1769.2,0.35
1771.0,0.35
1772.9,0.33
1774.7,0.35
1776.6,0.33
1778.4,0.35
1780.2,0.35
1782.0,0.35
1783.8,0.35
1785.6,0.35
1787.5,0.33
1789.3,0.35
1791.1,0.35
1792.9,0.35
1794.8,0.33
1796.6,0.35
1798.4,0.35
1800.2,0.35
1802.1,0.33
1803.9,0.35
1805.8,0.33
1807.7,0.33
1809.5,0.35
1811.4,0.33
1813.2,0.35
1815.0,0.35
1816.8,0.35
1818.5,0.37
1820.3,0.35
1822.1,0.35
1823.9,0.35
1825.7,0.35
1827.5,0.35
1829.3,0.35
1831.1,0.35
1832.9,0.35
1834.8,0.33
1836.7,0.33
1838.6,0.33
1840.5,0.33
1842.3,0.35
1844.2,0.33
1846.0,0.35
1847.8,0.35
1849.6,0.35
1851.4,0.35
1853.2,0.35
1855.0,0.35
1856.9,0.33
1858.7,0.35
1860.6,0.33
1862.5,0.33
1864.3,0.35
1866.2,0.33
1868.1,0.33
1869.9,0.35
1871.7,0.35
1873.5,0.35
1875.3,0.35
1877.2,0.33
1878.9,0.37
1880.7,0.35
1882.5,0.35
1884.2,0.37
1886.0,0.35
1887.8,0.35
1889.6,0.35
1891.4,0.35
1893.3,0.33
1895.1,0.35
1896.9,0.35
1898.7,0.35
1900.6,0.33
1902.4,0.35
1904.2,0.35
1906.0,0.35
1907.8,0.35
1909.6,0.35
1911.4,0.35
1913.2,0.35
1915.0,0.35
1916.8,0.35
1918.6,0.35
1920.5,0.33
1922.3,0.35
1924.2,0.33
1926.0,0.35
1927.8,0.35
1929.7,0.33
1931.5,0.35
1933.3,0.35
1935.2,0.33
1937.0,0.35
1938.9,0.33
1940.7,0.35
1942.5,0.35
1944.4,0.33
1946.2,0.35
1948.0,0.35
1949.9,0.33
1951.7,0.35
1953.6,0.33
1955.5,0.33
1957.3,0.35
1959.2,0.33
1961.1,0.33
1963.0,0.33
1964.9,0.33
1966.8,0.33
1968.7,0.33
1970.5,0.35
1972.4,0.33
1974.3,0.33
1976.2,0.33
1978.1,0.33
1980.0,0.33
1982.0,0.31
1983.9,0.33
1985.8,0.33
1987.7,0.33
1989.7,0.31
1991.6,0.33
1993.5,0.33
1995.4,0.33
1997.2,0.35
1999.1,0.33
2001.0,0.33
2002.8,0.35
2004.7,0.33
2006.6,0.33
2008.5,0.33
2010.4,0.33
2012.3,0.33
2014.1,0.35
2015.9,0.35
2017.7,0.35
2019.5,0.35
2021.3,0.35
2023.1,0.35
2024.9,0.35
2026.7,0.35
2028.5,0.35
2030.3,0.35
2032.1,0.35
2033.9,0.35
2035.7,0.35
2037.6,0.33
2039.4,0.35
2041.3,0.33
2043.2,0.33
2045.1,0.33
2047.0,0.33
2048.9,0.33
2050.8,0.33
2052.7,0.33
2054.6,0.33
2056.4,0.35
2058.2,0.35
2060.0,0.35
2061.8,0.35
2063.6,0.35
2065.4,0.35
2067.2,0.35
2069.1,0.33
2070.9,0.35
2072.7,0.35
2074.6,0.33
2076.4,0.35
2078.2,0.35
2080.1,0.33
2082.0,0.33
2083.9,0.33
2085.8,0.33
2087.7,0.33
2089.7,0.31
2091.6,0.33
2093.5,0.33
2095.5,0.31
2097.4,0.33
2099.3,0.33
2101.2,0.33
2103.2,0.31
2105.1,0.33
2107.0,0.33
2108.9,0.33
2110.8,0.33
2112.6,0.35
2114.4,0.35
2116.3,0.33
2118.1,0.35
2119.9,0.35
2121.8,0.33
2123.7,0.33
2125.6,0.33
2127.5,0.33
2129.4,0.33
2131.4,0.31
2133.3,0.33
2135.2,0.33
2137.0,0.35
2138.9,0.33
2140.8,0.33
2142.7,0.33
2144.6,0.33
2146.5,0.33
2148.3,0.35
2150.2,0.33
2152.0,0.35
2153.8,0.35
2155.6,0.35
2157.5,0.33
2159.3,0.35
2161.3,0.31
2163.2,0.33
2165.2,0.31
2167.1,0.33
2169.1,0.31
2171.1,0.31
2173.0,0.33
2174.9,0.33
2176.8,0.33
2178.7,0.33
2180.6,0.33
2182.5,0.33
2184.4,0.33
2186.4,0.31
2188.4,0.31
2190.3,0.33
2192.3,0.31
2194.3,0.31
2196.3,0.31
2198.2,0.33
2200.1,0.33
2202.1,0.31
2203.9,0.35
2205.8,0.33
2207.7,0.33
2209.5,0.35
2211.4,0.33
2213.2,0.35
2215.1,0.33
2216.9,0.35
2218.8,0.33
2220.7,0.33
2222.6,0.33
2224.4,0.35
2226.2,0.35
2228.0,0.35
2229.8,0.35
2231.7,0.33
2233.5,0.35
2235.4,0.33
2237.2,0.35
2239.1,0.33
2240.9,0.35
2242.7,0.35
2244.6,0.33
2246.5,0.33
2248.3,0.35
2250.2,0.33
2252.1,0.33
2254.0,0.33
2255.9,0.33
2257.9,0.31
2259.8,0.33
2261.7,0.33
2263.6,0.33
2265.5,0.33
2267.4,0.33
2269.2,0.35
2271.2,0.31
2273.1,0.33
2275.0,0.33
2277.0,0.31
2278.9,0.33
2280.8,0.33
2282.7,0.33
2284.6,0.33
2286.5,0.33
2288.3,0.35
2290.2,0.33
2292.1,0.33
2293.9,0.35
2295.7,0.35
2297.6,0.33
2299.3,0.37
2301.1,0.35
2302.9,0.35
2304.7,0.35
2306.6,0.33
2308.2,0.39
2309.8,0.39
2311.5,0.37
2313.1,0.39
2314.7,0.39
2316.4,0.37
2318.0,0.39
2319.6,0.39
2321.2,0.39
2322.8,0.39
2324.4,0.39
2326.0,0.39
2327.6,0.39
2329.2,0.39
2330.9,0.37
2332.5,0.39
2334.2,0.37
2335.9,0.37
2337.7,0.35
2339.4,0.37
2341.2,0.35
2342.9,0.37
2344.7,0.35
2346.5,0.35
2348.3,0.35
2350.1,0.35
2351.9,0.35
2353.8,0.33
2355.6,0.35
2357.4,0.35
2359.2,0.35
2361.0,0.35
2362.8,0.35
2364.7,0.33
2366.6,0.33
2368.5,0.33
2370.4,0.33
2372.4,0.31
2374.3,0.33
2376.2,0.33
2378.0,0.35
2379.8,0.35
2381.6,0.35
2383.4,0.35
2385.2,0.35
2386.9,0.37
2388.7,0.35
2390.6,0.33
2392.4,0.35
2394.3,0.33
2396.2,0.33
2398.1,0.33
2399.9,0.35
2401.9,0.31
2403.8,0.33
2405.7,0.33
2407.3,0.39
2408.9,0.39
2410.4,0.42
2412.0,0.39
2413.5,0.42
2415.0,0.42
2416.6,0.39
2418.1,0.42
2419.8,0.37
2421.4,0.39
2423.2,0.35
2425.0,0.35
2426.9,0.33
2428.8,0.33
2430.7,0.33
2432.7,0.31
2434.7,0.31
2436.6,0.33
2438.6,0.31
2440.6,0.31
2442.6,0.31
2444.6,0.31
2446.6,0.31
2448.6,0.31
2450.7,0.30
2452.6,0.33
2454.6,0.31
2456.6,0.31
2458.6,0.31
2460.6,0.31
2462.7,0.30
2464.6,0.33
2466.6,0.31
2468.6,0.31
2470.6,0.31
2472.5,0.33
2474.5,0.31
2476.4,0.33
2478.4,0.31
2480.4,0.31
2482.5,0.30
2484.5,0.31
2486.5,0.31
2488.6,0.30
2490.6,0.31
2492.7,0.30
2494.7,0.31
2496.8,0.30
2498.8,0.31
2500.9,0.30
2502.9,0.31
2504.9,0.31
2507.0,0.30
2509.0,0.31
2511.0,0.31
2513.0,0.31
2515.1,0.30
2517.1,0.31
2519.1,0.31
2521.1,0.31
2523.1,0.31
2525.1,0.31
2527.0,0.33
2529.0,0.31
2531.0,0.31
2532.9,0.33
2534.9,0.31
2536.9,0.31
2538.8,0.33
2540.7,0.33
2542.6,0.33
2544.6,0.31
2546.5,0.33
2548.5,0.31
2550.4,0.33
2552.4,0.31
2554.3,0.33
2556.3,0.31
2558.2,0.33
2560.2,0.31
2562.1,0.33
2564.0,0.33
2566.0,0.31
2567.9,0.33
2569.8,0.33
2571.8,0.31
2573.7,0.33
2575.7,0.31
2577.7,0.31
2579.7,0.31
2581.7,0.31
2583.7,0.31
2585.7,0.31
2587.8,0.30
2589.8,0.31
2591.8,0.31
2593.8,0.31
2595.8,0.31
2597.7,0.33
2599.6,0.33
2601.6,0.31
2603.5,0.33
2605.5,0.31
2607.6,0.30
2609.6,0.31
2611.5,0.33
2613.5,0.31
2615.5,0.31
2617.5,0.31
2619.5,0.31
2621.5,0.31
2623.5,0.31
2625.5,0.31
2627.5,0.31
2629.5,0.31
2631.6,0.30
2633.6,0.31
2635.6,0.31
2637.6,0.31
2639.7,0.30
2641.7,0.31
2643.8,0.30
2645.9,0.30
2647.9,0.31
2650.0,0.30
2652.0,0.31
2654.0,0.31
2656.0,0.31
2658.1,0.30
2660.1,0.31
2662.2,0.30
2664.2,0.31
2666.3,0.30
2668.2,0.33
2670.2,0.31
2672.2,0.31
2674.2,0.31
2676.2,0.31
2678.2,0.31
2680.2,0.31
2682.2,0.31
2684.1,0.33
2686.1,0.31
2687.9,0.35
2689.8,0.33
2691.7,0.33
2693.6,0.33
2695.6,0.31
2697.5,0.33
2699.5,0.31
2701.4,0.33
2703.4,0.31
2705.4,0.31
2707.4,0.31
2709.5,0.30
2711.5,0.31
2713.5,0.31
2715.5,0.31
2717.5,0.31
2719.4,0.33
2721.4,0.31
2723.4,0.31
2725.3,0.33
2727.3,0.31
2729.2,0.33
2731.2,0.31
2733.2,0.31
2735.2,0.31
2737.2,0.31
2739.1,0.33
2741.1,0.31
2743.0,0.33
2745.0,0.31
2747.0,0.31
2748.9,0.33
2750.9,0.31
2752.8,0.33
2754.7,0.33
2756.5,0.35
2758.1,0.39
2759.7,0.39
2761.2,0.42
2762.8,0.39
2764.4,0.39
2766.1,0.37
2767.8,0.37
2769.5,0.37
2771.2,0.37
2772.9,0.37
2774.7,0.35
2776.5,0.35
2778.3,0.35
2780.2,0.33
2782.1,0.33
2784.0,0.33
2785.9,0.33
2787.9,0.31
2789.8,0.33
2791.8,0.31
2793.8,0.31
2795.7,0.33
2797.7,0.31
2799.8,0.30
2801.8,0.31
2803.8,0.31
2805.9,0.30
2807.9,0.31
2809.9,0.31
2812.0,0.30
2814.0,0.31
2816.0,0.31
2818.1,0.30
2820.1,0.31
2822.2,0.30
2824.2,0.31
2826.3,0.30
2828.3,0.31
2830.3,0.31
2832.4,0.30
2834.4,0.31
2836.5,0.30
2838.5,0.31
2840.5,0.31
2842.6,0.30
2844.6,0.31
2846.6,0.31
2848.7,0.30
2850.7,0.31
2852.7,0.31
2854.5,0.35
2856.2,0.37
2857.8,0.39
2859.3,0.42
2860.9,0.39
2862.5,0.39
2864.2,0.37
2865.8,0.39
2867.5,0.37
2869.2,0.37
2871.0,0.35
2872.7,0.37
2874.5,0.35
2876.3,0.35
2878.1,0.35
2879.8,0.37
2881.6,0.35
2883.3,0.37
2885.1,0.35
2887.0,0.33
2888.9,0.33
2890.8,0.33
2892.8,0.31
2894.8,0.31
2896.8,0.31
2898.8,0.31
2900.8,0.31
2902.8,0.31
2904.8,0.31
2906.8,0.31
2908.8,0.31
2910.8,0.31
2912.9,0.30
2914.8,0.33
2916.8,0.31
2918.8,0.31
2920.8,0.31
2922.8,0.31
2924.8,0.31
2926.9,0.30
2928.9,0.31
2930.9,0.31
2932.9,0.31
2934.9,0.31
2936.8,0.33
2938.8,0.31
2940.7,0.33
2942.7,0.31
2944.7,0.31
2946.7,0.31
2948.7,0.31
2950.7,0.31
2952.7,0.31
2954.7,0.31
2956.7,0.31
2958.7,0.31
2960.8,0.30
2962.8,0.31
2964.9,0.30
2967.0,0.30
2969.1,0.30
2971.2,0.30
2973.2,0.31
2975.2,0.31
2977.3,0.30
2979.4,0.30
2981.5,0.30
2983.5,0.31
2985.6,0.30
2987.6,0.31
2989.6,0.31
2991.7,0.30
2993.7,0.31
2995.7,0.31
2997.7,0.31
2999.7,0.31
3001.6,0.33
3003.6,0.31
3005.6,0.31
3007.7,0.30
3009.8,0.30
3011.9,0.30
3013.9,0.31
3015.9,0.31
3017.9,0.31
3019.9,0.31
3021.9,0.31
3023.8,0.33
3025.8,0.31
3027.8,0.31
3029.8,0.31
3031.8,0.31
3033.8,0.31
3035.7,0.33
3037.7,0.31
3039.7,0.31
3041.7,0.31
3043.8,0.30
3045.9,0.30
3047.9,0.31
3050.0,0.30
3052.1,0.30
3054.1,0.31
3056.2,0.30
3058.3,0.30
3060.4,0.30
3062.4,0.31
3064.5,0.30
3066.4,0.33
3068.1,0.37
3069.8,0.37
3071.4,0.39
3073.0,0.39
3074.6,0.39
3076.2,0.39
3077.8,0.39
3079.5,0.37
3081.2,0.37
3082.9,0.37
3084.6,0.37
3086.5,0.33
3088.4,0.33
3090.3,0.33
3092.2,0.33
3094.2,0.31
3096.1,0.33
3097.9,0.35
3099.8,0.33
3101.8,0.31
3103.7,0.33
3105.6,0.33
3107.6,0.31
3109.6,0.31
3111.6,0.31
3113.6,0.31
3115.6,0.31
3117.6,0.31
3119.5,0.33
3121.5,0.31
3123.4,0.33
3125.4,0.31
3127.4,0.31
3129.4,0.31
3131.4,0.31
3133.4,0.31
3135.3,0.33
3137.2,0.33
3139.1,0.33
3141.0,0.33
3142.8,0.35
3144.7,0.33
3146.6,0.33
3148.6,0.31
3150.6,0.31
3152.6,0.31
3154.6,0.31
3156.6,0.31
3158.5,0.33
3160.5,0.31
3162.4,0.33
3164.3,0.33
3166.3,0.31
3168.3,0.31
3170.3,0.31
3172.3,0.31
3174.4,0.30
3176.5,0.30
3178.6,0.30
3180.7,0.30
3182.8,0.30
3184.9,0.30
3187.0,0.30
3189.1,0.30
3191.1,0.31
3193.1,0.31
3195.2,0.30
3197.2,0.31
3199.2,0.31
3201.2,0.31
3203.2,0.31
3205.2,0.31
3207.2,0.31
3209.3,0.30
3211.3,0.31
3213.4,0.30
3215.4,0.31
3217.3,0.33
3219.3,0.31
3221.2,0.33
3223.1,0.33
3225.0,0.33
3227.1,0.30
3229.1,0.31
3231.2,0.30
3233.2,0.31
3235.3,0.30
3237.3,0.31
3239.3,0.31
3241.3,0.31
3243.3,0.31
3245.3,0.31
3247.4,0.30
3249.4,0.31
3251.4,0.31
3253.4,0.31
3255.4,0.31
3257.4,0.31
3259.3,0.33
3261.2,0.33
3263.0,0.35
3264.8,0.35
3266.7,0.33
3268.5,0.35
3270.4,0.33
3272.4,0.31
3274.4,0.31
3276.4,0.31
3278.4,0.31
3280.4,0.31
3282.4,0.31
3284.5,0.30
3286.5,0.31
3288.6,0.30
3290.6,0.31
3292.7,0.30
3294.7,0.31
3296.7,0.31
3298.7,0.31
3300.6,0.33
3302.5,0.33
3304.4,0.33
3306.3,0.33
3308.3,0.31
3310.3,0.31
3312.3,0.31
3314.3,0.31
3316.3,0.31
3318.3,0.31
3320.3,0.31
3322.3,0.31
3324.2,0.33
3326.1,0.33
3328.1,0.31
3330.1,0.31
3332.1,0.31
3334.1,0.31
3336.1,0.31
3338.1,0.31
3340.0,0.33
3342.0,0.31
3343.9,0.33
3345.9,0.31
3347.8,0.33
3349.8,0.31
3351.8,0.31
3353.9,0.30
3355.8,0.33
3357.8,0.31
3359.8,0.31
3361.8,0.31
3363.9,0.30
3365.9,0.31
3368.0,0.30
3370.0,0.31
3372.1,0.30
3374.2,0.30
3376.2,0.31
3378.3,0.30
3380.4,0.30
3382.4,0.31
3384.5,0.30
3386.6,0.30
3388.6,0.31
3390.7,0.30
3392.7,0.31
3394.8,0.30
3396.8,0.31
3398.8,0.31
3400.8,0.31
3402.8,0.31
3404.8,0.31
3406.8,0.31
3408.8,0.31
3410.8,0.31
3412.8,0.31
3414.8,0.31
3416.8,0.31
3418.9,0.30
3420.9,0.31
3422.9,0.31
3424.9,0.31
3427.0,0.30
3429.0,0.31
3431.0,0.31
3432.9,0.33
3435.0,0.30
3437.0,0.31
3439.0,0.31
3441.0,0.31
3443.0,0.31
3445.1,0.30
3447.1,0.31
3449.1,0.31
3451.1,0.31
3453.1,0.31
3455.1,0.31
3457.1,0.31
3459.0,0.33
3461.0,0.31
3462.9,0.33
3464.9,0.31
3466.9,0.31
3468.9,0.31
3471.0,0.30
3473.1,0.30
3475.1,0.31
3477.1,0.31
3479.0,0.33
3481.0,0.31
3483.0,0.31
3485.0,0.31
3486.9,0.33
3488.9,0.31
3490.8,0.33
3492.7,0.33
3494.6,0.33
3496.4,0.35
3498.3,0.33
3500.3,0.31
3502.2,0.33
3504.2,0.31
3506.2,0.31
3508.1,0.33
3510.1,0.31
3512.1,0.31
3514.2,0.30
3516.2,0.31
3518.3,0.30
3520.3,0.31
3522.4,0.30
3524.5,0.30
3526.6,0.30
3528.7,0.30
3530.8,0.30
3532.8,0.31
3534.9,0.30
3536.9,0.31
3538.8,0.33
3540.8,0.31
3542.7,0.33
3544.5,0.35
3546.4,0.33
3548.4,0.31
3550.3,0.33
3552.2,0.33
3554.1,0.33
3555.9,0.35
3557.8,0.33
3559.7,0.33
3561.5,0.35
3563.5,0.31
3565.4,0.33
3567.3,0.33
3569.3,0.31
3571.3,0.31
3573.3,0.31
3575.3,0.31
3577.3,0.31
3579.3,0.31
3581.3,0.31
3583.3,0.31
3585.3,0.31
3587.4,0.30
3589.4,0.31
3591.5,0.30
3593.5,0.31
3595.5,0.31
3597.5,0.31
3599.4,0.33
3601.4,0.31
3603.4,0.31
3605.4,0.31
3607.4,0.31
3609.4,0.31
3611.4,0.31
3613.4,0.31
3615.4,0.31
3617.4,0.31
3619.3,0.33
3621.2,0.33
3623.1,0.33
3625.1,0.31
3627.0,0.33
3628.9,0.33
3630.8,0.33
3632.7,0.33
3634.7,0.31
3636.6,0.33
3638.6,0.31
3640.6,0.31
3642.6,0.31
3644.5,0.33
3646.5,0.31
3648.4,0.33
3650.2,0.35
3651.9,0.37
3653.4,0.42
3655.0,0.39
3656.5,0.42
3658.1,0.39
3659.7,0.39
3661.3,0.39
3663.0,0.37
3664.7,0.37
3666.3,0.39
3668.0,0.37
3669.7,0.37
3671.3,0.39
3673.0,0.37
3674.7,0.37
3676.3,0.39
3677.9,0.39
3679.6,0.37
3681.3,0.37
3683.0,0.37
3684.7,0.37
3686.4,0.37
3688.2,0.35
3689.9,0.37
3691.8,0.33
3693.6,0.35
3695.5,0.33
3697.4,0.33
3699.4,0.31
3701.4,0.31
3703.4,0.31
3705.4,0.31
3707.3,0.33
3709.3,0.31
3711.2,0.33
3713.1,0.33
3715.0,0.33
3717.0,0.31
3718.9,0.33
3720.8,0.33
3722.7,0.33
3724.6,0.33
3726.5,0.33
3728.4,0.33
3730.4,0.31
3732.3,0.33
3734.3,0.31
3736.2,0.33
3738.2,0.31
3740.2,0.31
3742.2,0.31
3744.2,0.31
3746.2,0.31
3748.2,0.31
3750.2,0.31
3752.3,0.30
3754.3,0.31
3756.3,0.31
3758.3,0.31
3760.4,0.30
3762.4,0.31
3764.4,0.31
3766.4,0.31
3768.3,0.33
3770.2,0.33
3772.1,0.33
3774.1,0.31
3776.0,0.33
3778.0,0.31
3780.0,0.31
3782.0,0.31
3783.9,0.33
3785.9,0.31
3787.9,0.31
3789.9,0.31
3791.9,0.31
3793.9,0.31
3795.9,0.31
3797.9,0.31
3800.0,0.30
3802.0,0.31
3804.0,0.31
3806.0,0.31
3808.0,0.31
3810.0,0.31
3812.0,0.31
3814.0,0.31
3816.0,0.31
3818.0,0.31
3820.0,0.31
3822.0,0.31
3824.0,0.31
3825.9,0.33
3827.9,0.31
3829.8,0.33
3831.8,0.31
3833.8,0.31
3835.8,0.31
3837.7,0.33
3839.6,0.33
3841.6,0.31
3843.5,0.33
3845.4,0.33
3847.4,0.31
3849.3,0.33
3851.3,0.31
3853.3,0.31
3855.3,0.31
3857.4,0.30
3859.4,0.31
3861.3,0.33
3863.3,0.31
3865.3,0.31
3867.2,0.33
3869.2,0.31
3871.1,0.33
3873.1,0.31
3875.1,0.31
3877.1,0.31
3879.1,0.31
3881.1,0.31
3883.1,0.31
3885.1,0.31
3887.1,0.31
3889.2,0.30
3891.2,0.31
3893.2,0.31
3895.2,0.31
3897.2,0.31
3899.3,0.30
3901.3,0.31
3903.3,0.31
3905.3,0.31
3907.2,0.33
3909.1,0.33
3911.1,0.31
3913.0,0.33
3915.0,0.31
3916.9,0.33
3918.9,0.31
3920.9,0.31
3922.9,0.31
3924.8,0.33
3926.7,0.33
3928.7,0.31
3930.6,0.33
3932.6,0.31
3934.5,0.33
3936.4,0.33
3938.2,0.35
3940.1,0.33
3942.0,0.33
3944.0,0.31
3945.9,0.33
3947.8,0.33
3949.8,0.31
3951.8,0.31
3953.7,0.33
3955.8,0.30
3957.7,0.33
3959.7,0.31
3961.7,0.31
3963.8,0.30
3965.8,0.31
3967.8,0.31
3969.7,0.33
3971.7,0.31
3973.6,0.33
3975.6,0.31
3977.6,0.31
3979.5,0.33
3981.5,0.31
3983.4,0.33
3985.4,0.31
3987.4,0.31
3989.4,0.31
3991.4,0.31
3993.3,0.33
3995.3,0.31
3997.3,0.31
3999.3,0.31
4001.3,0.31
4003.3,0.31
4005.3,0.31
4007.3,0.31
4009.2,0.33
4011.2,0.31
4013.2,0.31
4015.1,0.33
4017.1,0.31
4019.0,0.33
4021.0,0.31
4023.0,0.31
4025.1,0.30
4027.2,0.30
4029.2,0.31
4031.2,0.31
4033.3,0.30
4035.3,0.31
4037.2,0.33
4039.2,0.31
4041.1,0.33
4043.0,0.33
4044.9,0.33
4046.9,0.31
4048.9,0.31
4050.9,0.31
4052.9,0.31
4054.9,0.31
4056.9,0.31
4058.9,0.31
4060.9,0.31
4062.8,0.33
4064.7,0.33
4066.6,0.33
4068.6,0.31
4070.5,0.33
4072.4,0.33
4074.4,0.31
4076.3,0.33
4078.3,0.31
4080.3,0.31
4082.3,0.31
4084.3,0.31
4086.3,0.31
4088.3,0.31
4090.3,0.31
4092.2,0.33
4094.1,0.33
4096.1,0.31
4097.9,0.35
4099.8,0.33
4101.7,0.33
4103.6,0.33
4105.5,0.33
4107.5,0.31
4109.5,0.31
4111.4,0.33
4113.3,0.33
4115.3,0.31
4117.3,0.31
4119.3,0.31
4121.3,0.31
4123.3,0.31
4125.2,0.33
4127.2,0.31
4129.2,0.31
4131.2,0.31
4133.1,0.33
4135.2,0.30
4137.2,0.31
4139.2,0.31
4141.2,0.31
4143.2,0.31
4145.3,0.30
4147.3,0.31
4149.3,0.31
4151.3,0.31
4153.3,0.31
4155.3,0.31
4157.3,0.31
4159.3,0.31
4161.2,0.33
4163.2,0.31
4165.2,0.31
4167.2,0.31
4169.3,0.30
4171.4,0.30
4173.4,0.31
4175.5,0.30
4177.6,0.30
4179.7,0.30
4181.7,0.31
4183.7,0.31
4185.7,0.31
4187.8,0.30
4189.8,0.31
4191.9,0.30
4193.9,0.31
4196.0,0.30
4198.1,0.30
4200.2,0.30
4202.3,0.30
4204.4,0.30
4206.5,0.30
4208.5,0.31
4210.6,0.30
4212.6,0.31
4214.5,0.33
4216.4,0.33
4218.4,0.31
4220.2,0.35
4222.1,0.33
4224.1,0.31
4225.9,0.35
4227.8,0.33
4229.7,0.33
4231.6,0.33
4233.5,0.33
4235.4,0.33
4237.3,0.33
4239.2,0.33
4241.1,0.33
4243.0,0.33
4245.0,0.31
4246.9,0.33
4248.9,0.31
4250.9,0.31
4252.9,0.31
4255.0,0.30
4257.1,0.30
4259.1,0.31
4261.2,0.30
4263.2,0.31
4265.2,0.31
4267.3,0.30
4269.3,0.31
4271.3,0.31
4273.4,0.30
4275.4,0.31
4277.4,0.31
4279.5,0.30
4281.5,0.31
4283.5,0.31
4285.6,0.30
4287.6,0.31
4289.7,0.30
4291.8,0.30
4293.8,0.31
4295.9,0.30
4297.9,0.31
4299.9,0.31
4301.9,0.31
4304.0,0.30
4306.0,0.31
4308.0,0.31
4310.0,0.31
4312.0,0.31
4314.0,0.31
4316.0,0.31
4318.0,0.31
4320.0,0.31
4322.0,0.31
4323.9,0.33
4325.9,0.31
4327.9,0.31
4329.8,0.33
4331.8,0.31
4333.7,0.33
4335.6,0.33
4337.6,0.31
4339.5,0.33
4341.3,0.35
4342.9,0.39
4344.5,0.39
4345.9,0.45
4347.3,0.45
4348.7,0.45
4350.2,0.42
4351.7,0.42
4353.3,0.39
4354.8,0.42
4356.4,0.39
4358.1,0.37
4359.8,0.37
4361.5,0.37
4363.2,0.37
4364.9,0.37
4366.6,0.37
4368.3,0.37
4370.0,0.37
4371.7,0.37
4373.5,0.35
4375.2,0.37
4377.0,0.35
4378.8,0.35
4380.6,0.35
4382.4,0.35
4384.3,0.33
4386.2,0.33
4388.0,0.35
4389.9,0.33
4391.8,0.33
4393.7,0.33
4395.6,0.33
4397.6,0.31
4399.5,0.33
4401.5,0.31
4403.5,0.31
4405.5,0.31
4407.6,0.30
4409.6,0.31
4411.5,0.33
4413.5,0.31
4415.5,0.31
4417.4,0.33
4419.3,0.33
4421.2,0.33
4423.2,0.31
4425.2,0.31
4427.1,0.33
4429.1,0.31
4431.1,0.31
4433.1,0.31
4435.1,0.31
4437.1,0.31
4439.1,0.31
4441.1,0.31
4443.1,0.31
4445.1,0.31
4447.1,0.31
4449.1,0.31
4451.0,0.33
4453.0,0.31
4454.9,0.33
4456.9,0.31
4458.8,0.33
4460.7,0.33
4462.6,0.33
4464.5,0.33
4466.4,0.33
4468.4,0.31
4470.3,0.33
4472.2,0.33
4474.2,0.31
4476.1,0.33
4478.0,0.33
4480.0,0.31
4481.9,0.33
4483.9,0.31
4485.8,0.33
4487.8,0.31
4489.7,0.33
4491.7,0.31
4493.6,0.33
4495.4,0.35
4497.3,0.33
4499.1,0.35
4501.0,0.33
4502.9,0.33
4504.8,0.33
4506.7,0.33
4508.6,0.33
4510.6,0.31
4512.5,0.33
4514.4,0.33
4516.3,0.33
4518.3,0.31
4520.2,0.33
4522.1,0.33
4524.1,0.31
4526.0,0.33
4528.0,0.31
4530.0,0.31
4531.9,0.33
4533.9,0.31
4535.8,0.33
4537.7,0.33
4539.7,0.31
4541.6,0.33
4543.5,0.33
4545.4,0.33
4547.3,0.33
4549.2,0.33
4551.1,0.33
4553.0,0.33
4554.9,0.33
4556.9,0.31
4558.8,0.33
4560.8,0.31
4562.8,0.31
4564.7,0.33
4566.6,0.33
4568.6,0.31
4570.5,0.33
4572.4,0.33
4574.3,0.33
4576.2,0.33
4578.2,0.31
4580.2,0.31
4582.2,0.31
4584.2,0.31
4586.2,0.31
4588.1,0.33
4590.1,0.31
4592.1,0.31
4594.0,0.33
4596.0,0.31
4597.9,0.33
4599.8,0.33
4601.7,0.33
4603.7,0.31
4605.6,0.33
4607.6,0.31
4609.6,0.31
4611.5,0.33
4613.5,0.31
4615.5,0.31
4617.6,0.30
4619.6,0.31
4621.6,0.31
4623.5,0.33
4625.4,0.33
4627.3,0.33
4629.2,0.33
4631.1,0.33
4632.9,0.35
4634.8,0.33
4636.7,0.33
4638.6,0.33
4640.5,0.33
4642.3,0.35
4644.2,0.33
4646.1,0.33
4648.0,0.33
4649.9,0.33
4651.9,0.31
4653.8,0.33
4655.8,0.31
4657.7,0.33
4659.6,0.33
4661.5,0.33
4663.5,0.31
4665.4,0.33
4667.4,0.31
4669.4,0.31
4671.4,0.31
4673.3,0.33
4675.3,0.31
4677.3,0.31
4679.2,0.33
4681.2,0.31
4683.1,0.33
4685.1,0.31
4687.1,0.31
4689.1,0.31
4691.0,0.33
4693.0,0.31
4695.0,0.31
4696.9,0.33
4698.9,0.31
4700.8,0.33
4702.7,0.33
4704.6,0.33
4706.4,0.35
4708.3,0.33
4710.2,0.33
4712.1,0.33
4714.0,0.33
4715.9,0.33
4717.8,0.33
4719.7,0.33
4721.6,0.33
4723.6,0.31
4725.5,0.33
4727.5,0.31
4729.4,0.33
4731.3,0.33
4733.2,0.33
4735.1,0.33
4737.1,0.31
4739.1,0.31
4741.0,0.33
4742.9,0.33
4744.8,0.33
4746.7,0.33
4748.6,0.33
4750.6,0.31
4752.5,0.33
4754.4,0.33
4756.4,0.31
4758.3,0.33
4760.2,0.33
4762.1,0.33
4764.1,0.31
4766.1,0.31
4768.0,0.33
4769.9,0.33
4771.7,0.35
4773.6,0.33
4775.6,0.31
4777.5,0.33
4779.4,0.33
4781.3,0.33
4783.2,0.33
4785.1,0.33
4787.0,0.33
4788.9,0.33
4790.8,0.33
4792.6,0.35
4794.5,0.33
4796.4,0.33
4798.3,0.33
4800.2,0.33
4802.0,0.35
4803.9,0.33
4805.8,0.33
4807.6,0.35
4809.4,0.35
4811.3,0.33
4813.1,0.35
4815.0,0.33
4816.8,0.35
4818.6,0.35
4820.5,0.33
4822.4,0.33
4824.3,0.33
4826.2,0.33
4828.1,0.33
4830.0,0.33
4831.9,0.33
4833.8,0.33
4835.6,0.35
4837.5,0.33
4839.3,0.35
4841.1,0.35
4842.9,0.35
4844.7,0.35
4846.5,0.35
4848.4,0.33
4850.3,0.33
4852.1,0.35
4854.1,0.31
4856.0,0.33
4857.9,0.33
4859.8,0.33
4861.7,0.33
4863.5,0.35
4865.4,0.33
4867.2,0.35
4869.1,0.33
4870.9,0.35
4872.8,0.33
4874.8,0.31
4876.7,0.33
4878.6,0.33
4880.5,0.33
4882.4,0.33
4884.3,0.33
4886.2,0.33
4888.1,0.33
4889.9,0.35
4891.6,0.37
4893.2,0.39
4894.7,0.42
4896.2,0.42
4897.7,0.42
4899.2,0.42
4900.7,0.42
4902.2,0.42
4903.8,0.39
4905.3,0.42
4906.8,0.42
4908.3,0.42
4909.9,0.39
4911.6,0.37
4913.3,0.37
4915.0,0.37
4916.7,0.37
4918.3,0.39
4920.0,0.37
4921.6,0.39
4923.2,0.39
4924.9,0.37
4926.6,0.37
4928.3,0.37
4930.1,0.35
4931.7,0.39
4933.3,0.39
4934.9,0.39
4936.5,0.39
4938.0,0.42
4939.6,0.39
4941.2,0.39
4942.9,0.37
4944.5,0.39
4946.1,0.39
4947.8,0.37
4949.5,0.37
4951.2,0.37
4953.0,0.35
4954.8,0.35
4956.5,0.37
4958.3,0.35
4960.0,0.37
4961.7,0.37
4963.4,0.37
4965.2,0.35
4966.9,0.37
4968.7,0.35
4970.5,0.35
4972.3,0.35
4974.1,0.35
4975.9,0.35
4977.7,0.35
4979.5,0.35
4981.2,0.37
4982.9,0.37
4984.7,0.35
4986.4,0.37
4988.1,0.37
4989.8,0.37
4991.6,0.35
4993.4,0.35
4995.2,0.35
4996.9,0.37
4998.8,0.33
5000.6,0.35
5002.5,0.33
5004.3,0.35
5006.1,0.35
5007.9,0.35
5009.7,0.35
5011.6,0.33
5013.5,0.33
5015.4,0.33
5017.3,0.33
5019.3,0.31
5021.2,0.33
5023.1,0.33
5025.0,0.33
5026.9,0.33
5028.8,0.33
5030.7,0.33
5032.5,0.35
5034.4,0.33
5036.3,0.33
5038.3,0.31
5040.2,0.33
5042.2,0.31
5044.1,0.33
5046.1,0.31
5048.0,0.33
5050.0,0.31
5051.9,0.33
5053.9,0.31
5055.8,0.33
5057.6,0.35
5059.5,0.33
5061.4,0.33
5063.3,0.33
5065.2,0.33
5067.1,0.33
5069.0,0.33
5071.0,0.31
5072.9,0.33
5074.8,0.33
5076.7,0.33
5078.6,0.33
5080.5,0.33
5082.4,0.33
5084.2,0.35
5086.1,0.33
5087.9,0.35
5089.7,0.35
5091.6,0.33
5093.4,0.35
5095.3,0.33
5097.1,0.35
5099.0,0.33
5100.8,0.35
5102.7,0.33
5104.6,0.33
5106.5,0.33
5108.5,0.31
5110.4,0.33
5112.3,0.33
5114.2,0.33
5116.1,0.33
5118.0,0.33
5119.8,0.35
5121.6,0.35
5123.4,0.35
5125.3,0.33
5127.2,0.33
5129.1,0.33
5130.9,0.35
5132.8,0.33
5134.6,0.35
5136.4,0.35
5138.1,0.37
5139.9,0.35
5141.8,0.33
5143.6,0.35
5145.5,0.33
5147.4,0.33
5149.3,0.33
5151.2,0.33
5153.1,0.33
5155.0,0.33
5156.9,0.33
5158.8,0.33
5160.8,0.31
5162.7,0.33
5164.6,0.33
5166.4,0.35
5168.3,0.33
5170.1,0.35
5172.0,0.33
5173.9,0.33
5175.8,0.33
5177.6,0.35
5179.5,0.33
5181.3,0.35
5183.2,0.33
5185.1,0.33
5187.0,0.33
5188.9,0.33
5190.8,0.33
5192.7,0.33
5194.6,0.33
5196.5,0.33
5198.3,0.35
5200.2,0.33
5202.0,0.35
5203.9,0.33
5205.7,0.35
5207.6,0.33
5209.4,0.35
5211.2,0.35
5213.1,0.33
5214.9,0.35
5216.7,0.35
5218.6,0.33
5220.5,0.33
5222.4,0.33
5224.2,0.35
5226.1,0.33
5228.0,0.33
5229.9,0.33
5231.8,0.33
5233.7,0.33
5235.6,0.33
5237.4,0.35
5239.3,0.33
5241.1,0.35
5243.0,0.33
5244.9,0.33
5246.8,0.33
5248.7,0.33
5250.6,0.33
5252.5,0.33
5254.4,0.33
5256.4,0.31
5258.2,0.35
5260.1,0.33
5261.9,0.35
5263.7,0.35
5265.6,0.33
5267.4,0.35
5269.0,0.39
5270.5,0.42
5272.0,0.42
5273.5,0.42
5275.0,0.42
5276.5,0.42
5278.0,0.42
5279.6,0.39
5281.2,0.39
5282.8,0.39
5284.5,0.37
5286.2,0.37
5287.9,0.37
5289.7,0.35
5291.5,0.35
5293.4,0.33
5295.2,0.35
5297.1,0.33
5299.0,0.33
5300.8,0.35
5302.7,0.33
5304.5,0.35
5306.3,0.35
5308.1,0.35
5309.9,0.35
5311.7,0.35
5313.6,0.33
5315.5,0.33
5317.4,0.33
5319.2,0.35
5321.1,0.33
5323.0,0.33
5324.9,0.33
5326.8,0.33
5328.7,0.33
5330.7,0.31
5332.6,0.33
5334.6,0.31
5336.6,0.31
5338.5,0.33
5340.4,0.33
5342.3,0.33
5344.2,0.33
5346.1,0.33
5348.0,0.33
5349.9,0.33
5351.9,0.31
5353.8,0.33
5355.7,0.33
5357.6,0.33
5359.5,0.33
5361.4,0.33
5363.3,0.33
5365.2,0.33
5367.0,0.35
5368.9,0.33
5370.8,0.33
5372.6,0.35
5374.5,0.33
5376.4,0.33
5378.2,0.35
5380.1,0.33
5382.0,0.33
5383.8,0.35
5385.4,0.39
5386.9,0.42
5388.4,0.42
5389.8,0.45
5391.3,0.42
5392.8,0.42
5394.3,0.42
5395.9,0.39
0.0,0.00
