6.5,0.19
7.5,0.00
67.0,0.00
68.0,0.10
69.0,0.00
107.5,0.00
108.5,0.35
110.1,0.39
111.8,0.37
113.6,0.35
116.2,0.24
119.3,0.20
121.1,0.35
122.8,0.37
124.4,0.39
126.0,0.39
127.6,0.39
129.2,0.39
130.8,0.39
132.3,0.42
133.8,0.42
135.3,0.42
136.8,0.42
138.2,0.45
139.7,0.42
141.2,0.42
142.6,0.45
144.2,0.39
145.8,0.39
147.4,0.39
149.1,0.37
150.8,0.37
152.5,0.37
154.3,0.35
156.2,0.33
158.0,0.35
160.0,0.31
161.9,0.33
163.7,0.35
165.6,0.33
167.4,0.35
169.1,0.37
170.8,0.37
172.5,0.37
174.1,0.39
175.7,0.39
177.3,0.39
179.0,0.37
180.7,0.37
182.3,0.39
184.0,0.37
185.7,0.37
187.3,0.39
189.0,0.37
190.5,0.42
192.1,0.39
193.7,0.39
195.4,0.37
197.1,0.37
198.8,0.37
200.5,0.37
202.2,0.37
203.9,0.37
205.7,0.35
207.5,0.35
209.3,0.35
211.0,0.37
212.6,0.39
214.3,0.37
215.9,0.39
217.5,0.39
219.1,0.39
220.7,0.39
222.2,0.42
223.8,0.39
225.4,0.39
226.9,0.42
228.5,0.39
230.1,0.39
231.6,0.42
233.1,0.42
234.6,0.42
236.2,0.39
237.7,0.42
239.3,0.39
240.8,0.42
242.3,0.42
243.8,0.42
245.2,0.45
246.6,0.45
248.0,0.45
249.4,0.45
250.8,0.45
252.3,0.42
253.7,0.45
255.2,0.42
256.6,0.45
258.1,0.42
259.6,0.42
261.0,0.45
262.5,0.42
263.9,0.45
265.4,0.42
266.9,0.42
268.4,0.42
269.8,0.45
271.2,0.45
272.7,0.42
274.1,0.45
275.5,0.45
276.8,0.48
278.2,0.45
279.6,0.45
280.9,0.48
282.4,0.42
283.9,0.42
285.4,0.42
286.9,0.42
288.3,0.45
289.8,0.42
291.3,0.42
292.8,0.42
294.2,0.45
295.7,0.42
297.2,0.42
298.6,0.45
300.1,0.42
301.6,0.42
303.0,0.45
304.4,0.45
305.9,0.42
307.3,0.45
308.8,0.42
310.2,0.45
311.9,0.37
313.5,0.39
315.2,0.37
316.8,0.39
318.4,0.39
320.0,0.39
321.5,0.42
322.9,0.45
324.4,0.42
325.9,0.42
327.4,0.42
328.9,0.42
330.4,0.42
332.0,0.39
333.5,0.42
335.1,0.39
336.7,0.39
338.2,0.42
339.8,0.39
341.4,0.39
343.0,0.39
344.5,0.42
346.0,0.42
347.5,0.42
349.0,0.42
350.5,0.42
351.9,0.45
353.4,0.42
354.9,0.42
356.3,0.45
357.8,0.42
359.3,0.42
360.7,0.45
362.2,0.42
363.7,0.42
365.1,0.45
366.6,0.42
368.1,0.42
369.7,0.39
371.2,0.42
372.7,0.42
374.2,0.42
375.7,0.42
377.2,0.42
378.7,0.42
380.3,0.39
381.8,0.42
383.4,0.39
385.0,0.39
386.5,0.42
388.1,0.39
389.6,0.42
391.2,0.39
392.7,0.42
394.3,0.39
395.8,0.42
397.3,0.42
398.8,0.42
400.3,0.42
401.8,0.42
403.4,0.39
404.8,0.45
406.3,0.42
407.8,0.42
409.3,0.42
410.8,0.42
412.4,0.39
413.9,0.42
415.4,0.42
417.0,0.39
418.5,0.42
420.1,0.39
421.6,0.42
423.1,0.42
424.6,0.42
426.1,0.42
427.7,0.39
429.2,0.42
430.8,0.39
432.3,0.42
433.9,0.39
435.4,0.42
436.9,0.42
438.4,0.42
439.9,0.42
441.4,0.42
442.8,0.45
444.3,0.42
445.8,0.42
447.4,0.39
448.9,0.42
450.4,0.42
452.0,0.39
453.5,0.42
455.1,0.39
456.6,0.42
458.1,0.42
459.6,0.42
461.1,0.42
462.5,0.45
464.0,0.42
465.5,0.42
467.0,0.42
468.5,0.42
470.0,0.42
471.6,0.39
473.1,0.42
474.6,0.42
476.0,0.45
477.5,0.42
479.0,0.42
480.5,0.42
482.0,0.42
483.6,0.39
485.1,0.42
486.6,0.42
488.1,0.42
489.7,0.39
491.2,0.42
492.8,0.39
494.3,0.42
495.9,0.39
497.4,0.42
499.0,0.39
500.5,0.42
502.1,0.39
503.6,0.42
505.1,0.42
506.6,0.42
508.2,0.39
509.7,0.42
511.2,0.42
512.8,0.39
514.3,0.42
515.9,0.39
517.5,0.39
519.1,0.39
520.7,0.39
522.3,0.39
523.9,0.39
525.5,0.39
527.1,0.39
528.7,0.39
530.2,0.42
531.8,0.39
533.4,0.39
535.0,0.39
536.5,0.42
538.1,0.39
539.7,0.39
541.2,0.42
542.8,0.39
544.4,0.39
546.0,0.39
547.5,0.42
549.0,0.42
550.5,0.42
552.1,0.39
553.6,0.42
555.2,0.39
556.7,0.42
558.2,0.42
559.7,0.42
561.2,0.42
562.8,0.39
564.3,0.42
565.9,0.39
567.5,0.39
569.0,0.42
570.6,0.39
572.2,0.39
573.7,0.42
575.3,0.39
576.9,0.39
578.5,0.39
580.1,0.39
581.7,0.39
583.3,0.39
584.9,0.39
586.6,0.37
588.2,0.39
589.8,0.39
591.4,0.39
593.0,0.39
594.6,0.39
596.1,0.42
597.8,0.37
599.4,0.39
601.0,0.39
602.7,0.37
604.3,0.39
605.9,0.39
607.5,0.39
609.1,0.39
610.7,0.39
612.3,0.39
613.9,0.39
615.5,0.39
617.1,0.39
618.7,0.39
620.3,0.39
622.0,0.37
623.7,0.37
625.4,0.37
627.0,0.39
628.6,0.39
630.2,0.39
631.8,0.39
633.3,0.42
634.9,0.39
636.5,0.39
638.1,0.39
639.8,0.37
641.5,0.37
643.1,0.39
644.7,0.39
646.3,0.39
647.9,0.39
649.5,0.39
651.0,0.42
652.6,0.39
654.1,0.42
655.7,0.39
657.2,0.42
658.8,0.39
660.3,0.42
661.9,0.39
663.4,0.42
665.0,0.39
666.6,0.39
668.2,0.39
669.9,0.37
671.5,0.39
673.2,0.37
674.9,0.37
676.6,0.37
678.3,0.37
680.0,0.37
681.7,0.37
683.4,0.37
685.0,0.39
686.7,0.37
688.4,0.37
690.1,0.37
691.8,0.37
693.4,0.39
695.1,0.37
696.8,0.37
698.5,0.37
700.1,0.39
701.8,0.37
703.4,0.39
705.1,0.37
706.8,0.37
708.4,0.39
710.1,0.37
711.8,0.37
713.5,0.37
715.1,0.39
716.8,0.37
718.5,0.37
720.1,0.39
721.7,0.39
723.3,0.39
724.9,0.39
726.6,0.37
728.2,0.39
729.8,0.39
731.4,0.39
733.1,0.37
734.7,0.39
736.4,0.37
738.0,0.39
739.6,0.39
741.3,0.37
742.9,0.39
744.5,0.39
746.2,0.37
747.8,0.39
749.4,0.39
751.0,0.39
752.6,0.39
754.3,0.37
755.9,0.39
757.5,0.39
759.1,0.39
760.7,0.39
762.4,0.37
764.0,0.39
765.6,0.39
767.3,0.37
769.0,0.37
770.6,0.39
772.3,0.37
773.9,0.39
775.5,0.39
777.1,0.39
778.7,0.39
780.3,0.39
782.0,0.37
783.6,0.39
785.2,0.39
786.8,0.39
788.4,0.39
790.0,0.39
791.7,0.37
793.3,0.39
794.9,0.39
796.6,0.37
798.2,0.39
799.9,0.37
801.5,0.39
803.2,0.37
804.8,0.39
806.5,0.37
808.1,0.39
809.8,0.37
811.4,0.39
813.0,0.39
814.7,0.37
816.4,0.37
818.0,0.39
819.6,0.39
821.2,0.39
822.8,0.39
824.4,0.39
826.0,0.39
827.6,0.39
829.2,0.39
830.8,0.39
832.4,0.39
834.0,0.39
835.6,0.39
837.2,0.39
838.9,0.37
840.5,0.39
842.1,0.39
843.8,0.37
845.4,0.39
847.0,0.39
848.6,0.39
850.2,0.39
851.8,0.39
853.3,0.42
854.9,0.39
856.5,0.39
858.1,0.39
859.7,0.39
861.3,0.39
862.9,0.39
864.5,0.39
866.1,0.39
867.6,0.42
869.2,0.39
870.8,0.39
872.3,0.42
873.8,0.42
875.4,0.39
876.9,0.42
878.5,0.39
880.1,0.39
881.6,0.42
883.2,0.39
884.7,0.42
886.3,0.39
887.9,0.39
889.5,0.39
891.1,0.39
892.7,0.39
894.3,0.39
895.9,0.39
897.4,0.42
899.0,0.39
900.6,0.39
902.2,0.39
903.8,0.39
905.5,0.37
907.1,0.39
908.7,0.39
910.4,0.37
912.0,0.39
913.6,0.39
915.3,0.37
916.9,0.39
918.5,0.39
920.0,0.42
921.6,0.39
923.2,0.39
924.8,0.39
926.3,0.42
927.9,0.39
929.5,0.39
931.0,0.42
932.6,0.39
934.2,0.39
935.8,0.39
937.3,0.42
938.9,0.39
940.5,0.39
942.1,0.39
943.7,0.39
945.3,0.39
946.8,0.42
948.4,0.39
950.1,0.37
952.0,0.33
954.0,0.31
955.9,0.33
957.6,0.37
959.4,0.35
961.0,0.39
962.6,0.39
964.2,0.39
965.9,0.37
967.5,0.39
969.2,0.37
970.8,0.39
972.5,0.37
974.2,0.37
975.8,0.39
977.5,0.37
979.1,0.39
980.9,0.35
982.7,0.35
984.5,0.35
986.3,0.35
988.0,0.37
989.8,0.35
991.5,0.37
993.2,0.37
995.0,0.35
996.8,0.35
998.7,0.33
1000.6,0.33
1002.5,0.33
1004.4,0.33
1006.3,0.33
1008.2,0.33
1010.1,0.33
1012.0,0.33
1013.9,0.33
1015.8,0.33
1017.7,0.33
1019.6,0.33
1021.6,0.31
1023.5,0.33
1025.5,0.31
1027.3,0.35
1029.2,0.33
1031.0,0.35
1032.9,0.33
1034.8,0.33
1036.7,0.33
1038.5,0.35
1040.4,0.33
1042.3,0.33
1044.2,0.33
1046.0,0.35
1047.8,0.35
1049.6,0.35
1051.5,0.33
1053.3,0.35
1055.1,0.35
1056.8,0.37
1058.6,0.35
1060.5,0.33
1062.5,0.31
1064.5,0.31
1066.5,0.31
1068.5,0.31
1070.5,0.31
1072.4,0.33
1074.3,0.33
1076.3,0.31
1078.2,0.33
1080.1,0.33
1082.0,0.33
1084.0,0.31
1085.9,0.33
1087.8,0.33
1089.7,0.33
1091.5,0.35
1093.3,0.35
1095.2,0.33
1097.2,0.31
1099.3,0.30
1101.3,0.31
1103.3,0.31
1105.2,0.33
1107.0,0.35
1108.9,0.33
1110.7,0.35
1112.5,0.35
1114.3,0.35
1116.2,0.33
1118.2,0.31
1120.1,0.33
1122.0,0.33
1123.9,0.33
1125.9,0.31
1127.8,0.33
1129.8,0.31
1131.6,0.35
1133.4,0.35
1135.2,0.35
1136.9,0.37
1138.7,0.35
1140.4,0.37
1142.1,0.37
1143.8,0.37
1145.6,0.35
1147.3,0.37
1149.0,0.37
1150.8,0.35
1152.5,0.37
1154.2,0.37
1155.9,0.37
1157.7,0.35
1159.4,0.37
1161.2,0.35
1162.9,0.37
1164.6,0.37
1166.3,0.37
1168.0,0.37
1169.7,0.37
1171.4,0.37
1173.1,0.37
1174.9,0.35
1176.6,0.37
1178.3,0.37
1179.9,0.39
1181.6,0.37
1183.3,0.37
1185.0,0.37
1186.7,0.37
1188.4,0.37
1190.1,0.37
1191.8,0.37
1193.6,0.35
1195.3,0.37
1197.0,0.37
1198.8,0.35
1200.5,0.37
1202.2,0.37
1203.8,0.39
1205.5,0.37
1207.0,0.42
1208.6,0.39
1210.3,0.37
1211.9,0.39
1213.6,0.37
1215.2,0.39
1216.8,0.39
1218.4,0.39
1220.0,0.39
1221.5,0.42
1223.1,0.39
1224.7,0.39
1226.3,0.39
1227.8,0.42
1229.4,0.39
1230.9,0.42
1232.4,0.42
1233.9,0.42
1235.4,0.42
1237.0,0.39
1238.6,0.39
1240.2,0.39
1241.9,0.37
1243.5,0.39
1245.0,0.42
1246.7,0.37
1248.3,0.39
1250.0,0.37
1251.6,0.39
1253.3,0.37
1254.9,0.39
1256.5,0.39
1258.1,0.39
1259.7,0.39
1261.3,0.39
1262.8,0.42
1264.5,0.37
1266.1,0.39
1267.7,0.39
1269.3,0.39
1270.9,0.39
1272.5,0.39
1274.1,0.39
1275.7,0.39
1277.2,0.42
1278.7,0.42
1280.2,0.42
1281.8,0.39
1283.3,0.42
1285.0,0.37
1286.6,0.39
1288.2,0.39
1289.9,0.37
1291.5,0.39
1293.2,0.37
1294.7,0.42
1296.3,0.39
1297.8,0.42
1299.4,0.39
1301.0,0.39
1302.5,0.42
1304.0,0.42
1305.5,0.42
1307.0,0.42
1308.6,0.39
1310.1,0.42
1311.7,0.39
1313.2,0.42
1314.8,0.39
1316.5,0.37
1318.1,0.39
1319.7,0.39
1321.3,0.39
1323.0,0.37
1324.6,0.39
1326.2,0.39
1327.9,0.37
1329.5,0.39
1331.1,0.39
1332.8,0.37
1334.4,0.39
1336.0,0.39
1337.6,0.39
1339.2,0.39
1340.8,0.39
1342.5,0.37
1344.2,0.37
1345.8,0.39
1347.5,0.37
1349.1,0.39
1350.8,0.37
1352.4,0.39
1354.1,0.37
1355.8,0.37
1357.4,0.39
1359.0,0.39
1360.6,0.39
1362.2,0.39
1363.7,0.42
1365.3,0.39
1366.8,0.42
1368.3,0.42
1369.9,0.39
1371.4,0.42
1373.0,0.39
1374.5,0.42
1376.1,0.39
1377.7,0.39
1379.3,0.39
1380.9,0.39
1382.5,0.39
1384.1,0.39
1385.7,0.39
1387.3,0.39
1388.9,0.39
1390.5,0.39
1392.1,0.39
1393.7,0.39
1395.3,0.39
1397.0,0.37
1398.5,0.42
1400.1,0.39
1401.7,0.39
1403.2,0.42
1404.7,0.42
1406.3,0.39
1407.8,0.42
1409.3,0.42
1410.9,0.39
1412.5,0.39
1414.0,0.42
1415.6,0.39
1417.2,0.39
1418.8,0.39
1420.4,0.39
1422.0,0.39
1423.6,0.39
1425.2,0.39
1426.8,0.39
1428.4,0.39
1429.9,0.42
1431.5,0.39
1433.1,0.39
1434.8,0.37
1436.3,0.42
1437.9,0.39
1439.4,0.42
1441.0,0.39
1442.5,0.42
1444.1,0.39
1445.6,0.42
1447.2,0.39
1448.7,0.42
1450.3,0.39
1452.0,0.37
1453.6,0.39
1455.2,0.39
1456.8,0.39
1458.4,0.39
1460.0,0.39
1461.7,0.37
1463.3,0.39
1464.9,0.39
1466.5,0.39
1468.1,0.39
1469.7,0.39
1471.3,0.39
1472.9,0.39
1474.5,0.39
1476.1,0.39
1477.8,0.37
1479.4,0.39
1481.0,0.39
1482.6,0.39
1484.2,0.39
1485.8,0.39
1487.4,0.39
1489.0,0.39
1490.6,0.39
1492.2,0.39
1493.8,0.39
1495.4,0.39
1496.9,0.42
1498.4,0.42
1499.9,0.42
1501.4,0.42
1502.9,0.42
1504.4,0.42
1506.0,0.39
1507.5,0.42
1509.1,0.39
1510.7,0.39
1512.3,0.39
1513.8,0.42
1515.4,0.39
1517.0,0.39
1518.6,0.39
1520.2,0.39
1521.8,0.39
1523.4,0.39
1525.0,0.39
1526.6,0.39
1528.2,0.39
1529.8,0.39
1531.3,0.42
1533.0,0.37
1534.6,0.39
1536.2,0.39
1537.9,0.37
1539.5,0.39
1541.1,0.39
1542.7,0.39
1544.2,0.42
1545.8,0.39
1547.4,0.39
1549.0,0.39
1550.5,0.42
1552.1,0.39
1553.6,0.42
1555.1,0.42
1556.6,0.42
1558.1,0.42
1559.6,0.42
1561.2,0.39
1562.7,0.42
1564.3,0.39
1565.8,0.42
1567.4,0.39
1569.0,0.39
1570.6,0.39
1572.2,0.39
1573.9,0.37
1575.5,0.39
1577.1,0.39
1578.7,0.39
1580.3,0.39
1582.0,0.37
1583.6,0.39
1585.2,0.39
1586.8,0.39
1588.4,0.39
1590.0,0.39
1591.5,0.42
1593.1,0.39
1594.8,0.37
1596.3,0.42
1597.9,0.39
1599.5,0.39
1601.0,0.42
1602.6,0.39
1604.1,0.42
1605.7,0.39
1607.2,0.42
1608.7,0.42
1610.3,0.39
1611.9,0.39
1613.5,0.39
1615.1,0.39
1616.7,0.39
1618.3,0.39
1619.9,0.39
1621.5,0.39
1623.1,0.39
1624.7,0.39
1626.2,0.42
1627.8,0.39
1629.4,0.39
1631.0,0.39
1632.6,0.39
1634.2,0.39
1635.7,0.42
1637.3,0.39
1638.8,0.42
1640.3,0.42
1641.8,0.42
1643.3,0.42
1644.8,0.42
1646.3,0.42
1647.8,0.42
1649.4,0.39
1650.9,0.42
1652.5,0.39
1654.0,0.42
1655.6,0.39
1657.2,0.39
1658.8,0.39
1660.4,0.39
1662.0,0.39
1663.7,0.37
1665.2,0.42
1666.8,0.39
1668.5,0.37
1670.1,0.39
1671.7,0.39
1673.2,0.42
1674.8,0.39
1676.4,0.39
1678.0,0.39
1679.6,0.39
1681.2,0.39
1682.8,0.39
1684.4,0.39
1685.9,0.42
1687.5,0.39
1689.0,0.42
1690.5,0.42
1692.0,0.42
1693.6,0.39
1695.2,0.39
1696.8,0.39
1698.3,0.42
1700.0,0.37
1701.6,0.39
1703.3,0.37
1704.9,0.39
1706.5,0.39
1708.0,0.42
1709.6,0.39
1711.2,0.39
1712.8,0.39
1714.3,0.42
1715.9,0.39
1717.4,0.42
1719.0,0.39
1720.5,0.42
1722.1,0.39
1723.7,0.39
1725.2,0.42
1726.8,0.39
1728.3,0.42
1729.8,0.42
1731.3,0.42
1732.8,0.42
1734.5,0.37
1736.3,0.35
1738.1,0.35
1739.9,0.35
1741.7,0.35
1743.4,0.37
1745.0,0.39
1746.7,0.37
1748.3,0.39
1750.0,0.37
1751.6,0.39
1753.2,0.39
1754.8,0.39
1756.3,0.42
1757.9,0.39
1759.5,0.39
1761.1,0.39
1762.8,0.37
1764.5,0.37
1766.3,0.35
1768.1,0.35
1769.8,0.37
1771.5,0.37
1773.2,0.37
1774.9,0.37
1776.6,0.37
1778.3,0.37
1780.1,0.35
1781.8,0.37
1783.5,0.37
1785.2,0.37
1786.8,0.39
1788.5,0.37
1790.2,0.37
1791.8,0.39
1793.5,0.37
1795.2,0.37
1797.0,0.35
1798.7,0.37
1800.5,0.35
1802.2,0.37
1803.9,0.37
1805.6,0.37
1807.2,0.39
1808.9,0.37
1810.5,0.39
1812.2,0.37
1813.8,0.39
1815.5,0.37
1817.1,0.39
1818.7,0.39
1820.3,0.39
1822.0,0.37
1823.6,0.39
1825.2,0.39
1826.8,0.39
1828.5,0.37
1830.1,0.39
1831.7,0.39
1833.3,0.39
1834.9,0.39
1836.5,0.39
1838.2,0.37
1839.8,0.39
1841.4,0.39
1842.9,0.42
1844.5,0.39
1846.1,0.39
1847.7,0.39
1849.3,0.39
1850.8,0.42
1852.4,0.39
1854.0,0.39
1855.6,0.39
1857.2,0.39
1858.8,0.39
1860.4,0.39
1862.0,0.39
1863.6,0.39
1865.2,0.39
1866.8,0.39
1868.4,0.39
1869.9,0.42
1871.4,0.42
1872.9,0.42
1874.4,0.42
1875.9,0.42
1877.4,0.42
1878.9,0.42
1880.4,0.42
1882.0,0.39
1883.5,0.42
1885.1,0.39
1886.7,0.39
1888.4,0.37
1890.0,0.39
1891.5,0.42
1893.1,0.39
1894.7,0.39
1896.3,0.39
1897.9,0.39
1899.5,0.39
1901.1,0.39
1902.7,0.39
1904.3,0.39
1905.9,0.39
1907.5,0.39
1909.1,0.39
1910.7,0.39
1912.3,0.39
1913.8,0.42
1915.4,0.39
1916.9,0.42
1918.5,0.39
1920.0,0.42
1921.6,0.39
1923.1,0.42
1924.7,0.39
1926.3,0.39
1927.9,0.39
1929.5,0.39
1931.2,0.37
1932.8,0.39
1934.4,0.39
1936.0,0.39
1937.6,0.39
1939.1,0.42
1940.6,0.42
1942.2,0.39
1943.8,0.39
1945.4,0.39
1947.0,0.39
1948.6,0.39
1950.2,0.39
1951.8,0.39
1953.4,0.39
1954.9,0.42
1956.5,0.39
1958.0,0.42
1959.5,0.42
1961.1,0.39
1962.6,0.42
1964.2,0.39
1965.8,0.39
1967.3,0.42
1968.9,0.39
1970.5,0.39
1972.1,0.39
1973.7,0.39
1975.3,0.39
1976.9,0.39
1978.5,0.39
1980.0,0.42
1981.5,0.42
1983.1,0.39
1984.6,0.42
1986.1,0.42
1987.6,0.42
1989.2,0.39
1990.7,0.42
1992.2,0.42
1993.8,0.39
1995.3,0.42
1996.9,0.39
1998.4,0.42
2000.0,0.39
2001.6,0.39
2003.1,0.42
2004.7,0.39
2006.3,0.39
2007.9,0.39
2009.5,0.39
2011.1,0.39
2012.7,0.39
2014.2,0.42
2015.8,0.39
2017.3,0.42
2018.9,0.39
2020.4,0.42
2022.0,0.39
2023.5,0.42
2025.1,0.39
2026.7,0.39
2028.3,0.39
2029.9,0.39
2031.5,0.39
2033.1,0.39
2034.8,0.37
2036.4,0.39
2038.1,0.37
2039.7,0.39
2041.3,0.39
2043.0,0.37
2044.6,0.39
2046.2,0.39
2047.8,0.39
2049.4,0.39
2051.1,0.37
2052.7,0.39
2054.3,0.39
2055.9,0.39
2057.6,0.37
2059.2,0.39
2060.9,0.37
2062.5,0.39
2064.2,0.37
2065.8,0.39
2067.5,0.37
2069.2,0.37
2070.8,0.39
2072.4,0.39
2074.0,0.39
2075.6,0.39
2077.2,0.39
2078.7,0.42
2080.3,0.39
2081.8,0.42
2083.4,0.39
2084.9,0.42
2086.4,0.42
2087.9,0.42
2089.5,0.39
2091.1,0.39
2092.7,0.39
2094.2,0.42
2095.8,0.39
2097.4,0.39
2099.1,0.37
2100.7,0.39
2102.3,0.39
2103.9,0.39
2105.6,0.37
2107.2,0.39
2108.7,0.42
2110.3,0.39
2111.9,0.39
2113.5,0.39
2115.1,0.39
2116.8,0.37
2118.4,0.39
2120.0,0.39
2121.6,0.39
2123.1,0.42
2124.7,0.39
2126.3,0.39
2127.9,0.39
2129.5,0.39
2131.1,0.39
2132.7,0.39
2134.2,0.42
2135.8,0.39
2137.3,0.42
2138.9,0.39
2140.4,0.42
2142.0,0.39
2143.6,0.39
2145.2,0.39
2146.8,0.39
2148.4,0.39
2150.0,0.39
2151.6,0.39
2153.2,0.39
2154.8,0.39
2156.3,0.42
2157.8,0.42
2159.4,0.39
2160.9,0.42
2162.4,0.42
2163.8,0.45
2165.3,0.42
2166.8,0.42
2168.4,0.39
2169.9,0.42
2171.4,0.42
2173.0,0.39
2174.5,0.42
2176.1,0.39
2177.6,0.42
2179.1,0.42
2180.7,0.39
2182.2,0.42
2183.8,0.39
2185.4,0.39
2186.9,0.42
2188.5,0.39
2190.0,0.42
2191.6,0.39
2193.1,0.42
2194.6,0.42
2196.1,0.42
2197.6,0.42
2199.2,0.39
2200.7,0.42
2202.3,0.39
2203.8,0.42
2205.4,0.39
2207.0,0.39
2208.5,0.42
2210.1,0.39
2211.7,0.39
2213.2,0.42
2214.8,0.39
2216.3,0.42
2217.8,0.42
2219.3,0.42
2220.8,0.42
2222.2,0.45
2223.7,0.42
2225.2,0.42
2226.7,0.42
2228.2,0.42
2229.7,0.42
2231.2,0.42
2232.7,0.42
2234.2,0.42
2235.7,0.42
2237.2,0.42
2238.6,0.45
2240.2,0.39
2241.7,0.42
2243.2,0.42
2244.7,0.42
2246.3,0.39
2247.8,0.42
2249.4,0.39
2250.9,0.42
2252.5,0.39
2254.1,0.39
2255.7,0.39
2257.2,0.42
2258.8,0.39
2260.3,0.42
2261.9,0.39
2263.4,0.42
2264.9,0.42
2266.4,0.42
2268.0,0.39
2269.5,0.42
2271.0,0.42
2272.5,0.42
2274.0,0.42
2275.5,0.42
2277.0,0.42
2278.6,0.39
2280.1,0.42
2281.6,0.42
2283.1,0.42
2284.6,0.42
2286.1,0.42
2287.6,0.42
2289.1,0.42
2290.5,0.45
2292.0,0.42
2293.5,0.42
2295.0,0.42
2296.6,0.39
2298.1,0.42
2299.7,0.39
2301.2,0.42
2302.8,0.39
2304.3,0.42
2305.9,0.39
2307.5,0.39
2309.0,0.42
2310.6,0.39
2312.1,0.42
2313.7,0.39
2315.2,0.42
2316.7,0.42
2318.2,0.42
2319.7,0.42
2321.3,0.39
2322.8,0.42
2324.4,0.39
2325.9,0.42
2327.5,0.39
2329.1,0.39
2330.7,0.39
2332.3,0.39
2333.9,0.39
2335.5,0.39
2337.0,0.42
2338.6,0.39
2340.1,0.42
2341.7,0.39
2343.2,0.42
2344.7,0.42
2346.3,0.39
2347.8,0.42
2349.3,0.42
2350.8,0.42
2352.4,0.39
2353.9,0.42
2355.4,0.42
2357.0,0.39
2358.5,0.42
2360.0,0.42
2361.4,0.45
2362.8,0.45
2364.3,0.42
2365.8,0.42
2367.4,0.39
2369.2,0.35
2370.9,0.37
2372.6,0.37
2374.3,0.37
2376.0,0.37
2377.6,0.39
2379.2,0.39
2380.8,0.39
2382.3,0.42
2383.8,0.42
2385.4,0.39
2387.1,0.37
2388.7,0.39
2390.3,0.39
2391.9,0.39
2393.5,0.39
2395.2,0.37
2396.8,0.39
2398.4,0.39
2400.1,0.37
2401.8,0.37
2403.5,0.37
2405.2,0.37
2406.9,0.37
2408.6,0.37
2410.3,0.37
2412.0,0.37
2413.7,0.37
2415.4,0.37
2417.2,0.35
2418.9,0.37
2420.6,0.37
2422.4,0.35
2424.1,0.37
2425.8,0.37
2427.5,0.37
2429.2,0.37
2431.0,0.35
2432.8,0.35
2434.6,0.35
2436.4,0.35
2438.1,0.37
2439.8,0.37
2441.5,0.37
2443.2,0.37
2445.0,0.35
2446.8,0.35
2448.7,0.33
2450.5,0.35
2452.3,0.35
2454.1,0.35
2455.8,0.37
2457.4,0.39
2459.0,0.39
2460.6,0.39
2462.2,0.39
2463.9,0.37
2465.6,0.37
2467.3,0.37
2469.0,0.37
2470.7,0.37
2472.4,0.37
2474.1,0.37
2475.7,0.39
2477.4,0.37
2479.0,0.39
2480.7,0.37
2482.3,0.39
2483.9,0.39
2485.5,0.39
2487.1,0.39
2488.7,0.39
2490.3,0.39
2491.9,0.39
2493.4,0.42
2494.9,0.42
2496.5,0.39
2498.0,0.42
2499.6,0.39
2501.2,0.39
2502.8,0.39
2504.4,0.39
2506.0,0.39
2507.6,0.39
2509.2,0.39
2510.8,0.39
2512.4,0.39
2514.0,0.39
2515.6,0.39
2517.2,0.39
2518.8,0.39
2520.4,0.39
2522.0,0.39
2523.6,0.39
2525.2,0.39
2526.8,0.39
2528.4,0.39
2530.0,0.39
2531.6,0.39
2533.2,0.39
2534.7,0.42
2536.3,0.39
2537.9,0.39
2539.4,0.42
2541.0,0.39
2542.6,0.39
2544.1,0.42
2545.7,0.39
2547.2,0.42
2548.8,0.39
2550.3,0.42
2551.9,0.39
2553.4,0.42
2555.0,0.39
2556.6,0.39
2558.1,0.42
2559.7,0.39
2561.2,0.42
2562.8,0.39
2564.3,0.42
2565.8,0.42
2567.3,0.42
2568.8,0.42
2570.3,0.42
2571.9,0.39
2573.4,0.42
2575.0,0.39
2576.5,0.42
2578.1,0.39
2579.6,0.42
2581.2,0.39
2582.8,0.39
2584.3,0.42
2585.9,0.39
2587.5,0.39
2589.1,0.39
2590.7,0.39
2592.2,0.42
2593.8,0.39
2595.4,0.39
2596.9,0.42
2598.5,0.39
2600.0,0.42
2601.6,0.39
2603.1,0.42
2604.6,0.42
2606.1,0.42
2607.7,0.39
2609.2,0.42
2610.7,0.42
2612.3,0.39
2613.8,0.42
2615.3,0.42
2616.8,0.42
2618.4,0.39
2619.9,0.42
2621.5,0.39
2623.0,0.42
2624.6,0.39
2626.2,0.39
2627.8,0.39
2629.3,0.42
2630.8,0.42
2632.3,0.42
2633.8,0.42
2635.3,0.42
2636.8,0.42
2638.3,0.42
2639.8,0.42
2641.3,0.42
2642.9,0.39
2644.4,0.42
2645.9,0.42
2647.4,0.42
2648.9,0.42
2650.5,0.39
2652.0,0.42
2653.6,0.39
2655.1,0.42
2656.6,0.42
2658.1,0.42
2659.6,0.42
2661.1,0.42
2662.6,0.42
2664.1,0.42
2665.6,0.42
2667.1,0.42
2668.6,0.42
2670.1,0.42
2671.6,0.42
2673.1,0.42
2674.6,0.42
2676.1,0.42
2677.6,0.42
2679.0,0.45
2680.5,0.42
2682.0,0.42
2683.6,0.39
2685.1,0.42
2686.6,0.42
2688.1,0.42
2689.6,0.42
2691.1,0.42
2692.6,0.42
2694.2,0.39
2695.7,0.42
2697.3,0.39
2698.9,0.39
2700.5,0.39
2702.1,0.39
2703.7,0.39
2705.3,0.39
2706.9,0.39
2708.6,0.37
2710.2,0.39
2711.8,0.39
2713.4,0.39
2715.0,0.39
2716.7,0.37
2718.2,0.42
2719.8,0.39
2721.5,0.37
2723.1,0.39
2724.7,0.39
2726.3,0.39
2727.9,0.39
2729.5,0.39
2731.1,0.39
2732.6,0.42
2734.2,0.39
2735.8,0.39
2737.4,0.39
2738.9,0.42
2740.5,0.39
2742.1,0.39
2743.6,0.42
2745.2,0.39
2746.7,0.42
2748.2,0.42
2749.7,0.42
2751.2,0.42
2752.8,0.39
2754.4,0.39
2756.0,0.39
2757.6,0.39
2759.2,0.39
2760.8,0.39
2762.4,0.39
2764.0,0.39
2765.6,0.39
2767.1,0.42
2768.7,0.39
2770.3,0.39
2771.8,0.42
2773.4,0.39
2775.0,0.39
2776.5,0.42
2778.1,0.39
2779.6,0.42
2781.2,0.39
2782.7,0.42
2784.3,0.39
2785.8,0.42
2787.4,0.39
2788.9,0.42
2790.5,0.39
2792.1,0.39
2793.6,0.42
2795.2,0.39
2796.7,0.42
2798.3,0.39
2799.8,0.42
2801.3,0.42
2802.9,0.39
2804.5,0.39
2806.1,0.39
2807.6,0.42
2809.2,0.39
2810.7,0.42
2812.3,0.39
2813.8,0.42
2815.3,0.42
2816.8,0.42
2818.3,0.42
2819.9,0.39
2821.5,0.39
2823.1,0.39
2824.7,0.39
2826.2,0.42
2827.8,0.39
2829.4,0.39
2830.9,0.42
2832.5,0.39
2834.1,0.39
2835.7,0.39
2837.3,0.39
2838.8,0.42
2840.4,0.39
2841.9,0.42
2843.5,0.39
2845.0,0.42
2846.5,0.42
2848.1,0.39
2849.6,0.42
2851.1,0.42
2852.7,0.39
2854.2,0.42
2855.8,0.39
2857.3,0.42
2858.8,0.42
2860.3,0.42
2861.9,0.39
2863.5,0.39
2865.0,0.42
2866.5,0.42
2868.0,0.42
2869.5,0.42
2871.0,0.42
2872.5,0.42
2874.0,0.42
2875.4,0.45
2876.9,0.42
2878.4,0.42
2879.9,0.42
2881.4,0.42
2882.9,0.42
2884.6,0.37
2886.2,0.39
2887.9,0.37
2889.6,0.37
2891.3,0.37
2892.9,0.39
2894.6,0.37
2896.1,0.42
2897.7,0.39
2899.3,0.39
2900.9,0.39
2902.5,0.39
2904.1,0.39
2905.7,0.39
2907.3,0.39
2908.9,0.39
2910.5,0.39
2912.1,0.39
2913.7,0.39
2915.3,0.39
2916.9,0.39
2918.4,0.42
2920.0,0.39
2921.5,0.42
2923.0,0.42
2924.4,0.45
2925.9,0.42
2927.4,0.42
2928.9,0.42
2930.4,0.42
2931.8,0.45
2933.2,0.45
2934.7,0.42
2936.1,0.45
2937.6,0.42
2939.0,0.45
2940.5,0.42
2942.1,0.39
2943.6,0.42
2945.2,0.39
2946.8,0.39
2948.3,0.42
2949.9,0.39
2951.5,0.39
2953.1,0.39
2954.7,0.39
2956.3,0.39
2957.9,0.39
2959.5,0.39
2961.1,0.39
2962.7,0.39
2964.3,0.39
2965.8,0.42
2967.4,0.39
2969.0,0.39
2970.6,0.39
2972.2,0.39
2973.8,0.39
2975.3,0.42
2976.9,0.39
2978.4,0.42
2980.0,0.39
2981.6,0.39
2983.2,0.39
2984.7,0.42
2986.3,0.39
2987.8,0.42
2989.4,0.39
2990.9,0.42
2992.5,0.39
2994.1,0.39
2995.6,0.42
2997.2,0.39
2998.7,0.42
3000.2,0.42
3001.7,0.42
3003.2,0.42
3004.7,0.42
3006.2,0.42
3007.7,0.42
3009.2,0.42
3010.7,0.42
3012.3,0.39
3013.8,0.42
3015.4,0.39
3016.9,0.42
3018.4,0.42
3020.0,0.39
3021.6,0.39
3023.1,0.42
3024.7,0.39
3026.2,0.42
3027.7,0.42
3029.1,0.45
3030.6,0.42
3032.1,0.42
3033.5,0.45
3035.0,0.42
3036.4,0.45
3038.0,0.39
3039.6,0.39
3041.1,0.42
3042.6,0.42
3044.1,0.42
3045.6,0.42
3047.1,0.42
3048.6,0.42
3050.1,0.42
3051.7,0.39
3053.2,0.42
3054.8,0.39
3056.4,0.39
3058.1,0.37
3059.7,0.39
3061.2,0.42
3062.8,0.39
3064.5,0.37
3066.2,0.37
3067.8,0.39
3069.4,0.39
3071.1,0.37
3072.7,0.39
3074.4,0.37
3076.0,0.39
3077.6,0.39
3079.2,0.39
3080.8,0.39
3082.4,0.39
3084.0,0.39
3085.7,0.37
3087.3,0.39
3089.0,0.37
3090.7,0.37
3092.4,0.37
3094.1,0.37
3095.7,0.39
3097.4,0.37
3098.9,0.42
3100.4,0.42
3102.0,0.39
3103.7,0.37
3105.3,0.39
3107.0,0.37
3108.6,0.39
3110.1,0.42
3111.7,0.39
3113.2,0.42
3114.7,0.42
3116.2,0.42
3117.8,0.39
3119.4,0.39
3121.0,0.39
3122.7,0.37
3124.3,0.39
3126.0,0.37
3127.6,0.39
3129.2,0.39
3130.8,0.39
3132.4,0.39
3133.9,0.42
3135.5,0.39
3137.0,0.42
3138.6,0.39
3140.1,0.42
3141.7,0.39
3143.2,0.42
3144.7,0.42
3146.2,0.42
3147.8,0.39
3149.3,0.42
3150.9,0.39
3152.4,0.42
3154.0,0.39
3155.6,0.39
3157.1,0.42
3158.7,0.39
3160.3,0.39
3161.9,0.39
3163.4,0.42
3165.0,0.39
3166.6,0.39
3168.1,0.42
3169.7,0.39
3171.2,0.42
3172.7,0.42
3174.2,0.42
3175.7,0.42
3177.2,0.42
3178.7,0.42
3180.2,0.42
3181.8,0.39
3183.3,0.42
3184.8,0.42
3186.3,0.42
3187.8,0.42
3189.3,0.42
3190.9,0.39
3192.4,0.42
3193.9,0.42
3195.4,0.42
3196.9,0.42
3198.4,0.42
3200.0,0.39
3201.5,0.42
3203.1,0.39
3204.7,0.39
3206.2,0.42
3207.7,0.42
3209.3,0.39
3210.8,0.42
3212.3,0.42
3213.9,0.39
3215.4,0.42
3216.9,0.42
3218.4,0.42
3219.9,0.42
3221.4,0.42
3222.9,0.42
3224.4,0.42
3225.9,0.42
3227.4,0.42
3228.9,0.42
3230.3,0.45
3231.9,0.39
3233.4,0.42
3234.9,0.42
3236.5,0.39
3238.1,0.39
3239.6,0.42
3241.2,0.39
3242.8,0.39
3244.4,0.39
3246.0,0.39
3247.6,0.39
3249.1,0.42
3250.7,0.39
3252.3,0.39
3253.8,0.42
3255.4,0.39
3257.0,0.39
3258.6,0.39
3260.2,0.39
3261.8,0.39
3263.3,0.42
3264.9,0.39
3266.4,0.42
3268.0,0.39
3269.6,0.39
3271.1,0.42
3272.7,0.39
3274.2,0.42
3275.8,0.39
3277.4,0.39
3278.9,0.42
3280.5,0.39
3282.0,0.42
3283.6,0.39
3285.1,0.42
3286.6,0.42
3288.2,0.39
3289.7,0.42
3291.2,0.42
3292.8,0.39
3294.3,0.42
3295.9,0.39
3297.4,0.42
3299.0,0.39
3300.5,0.42
3302.1,0.39
3303.6,0.42
3305.2,0.39
3306.7,0.42
3308.2,0.42
3309.8,0.39
3311.3,0.42
3312.9,0.39
3314.4,0.42
3315.9,0.42
3317.5,0.39
3319.0,0.42
3320.6,0.39
3322.2,0.39
3323.8,0.39
3325.4,0.39
3327.0,0.39
3328.6,0.39
3330.2,0.39
3331.7,0.42
3333.3,0.39
3334.8,0.42
3336.2,0.45
3337.7,0.42
3339.2,0.42
3340.7,0.42
3342.2,0.42
3343.7,0.42
3345.2,0.42
3346.7,0.42
3348.2,0.42
3349.7,0.42
3351.3,0.39
3352.9,0.39
3354.4,0.42
3356.0,0.39
3357.5,0.42
3359.1,0.39
3360.6,0.42
3362.1,0.42
3363.6,0.42
3365.1,0.42
3366.6,0.42
3368.1,0.42
3369.7,0.39
3371.2,0.42
3372.7,0.42
3374.1,0.45
3375.6,0.42
3377.1,0.42
3378.6,0.42
3380.1,0.42
3381.6,0.42
3383.1,0.42
3384.6,0.42
3386.0,0.45
3387.5,0.42
3389.0,0.42
3390.5,0.42
3392.0,0.42
3393.6,0.39
3395.1,0.42
3396.6,0.42
3398.2,0.39
3399.7,0.42
3401.2,0.42
3402.8,0.39
3404.3,0.42
3405.9,0.39
3407.4,0.42
3409.0,0.39
3410.5,0.42
3412.1,0.39
3413.6,0.42
3415.2,0.39
3416.7,0.42
3418.2,0.42
3419.7,0.42
3421.2,0.42
3422.7,0.42
3424.2,0.42
3425.8,0.39
3427.6,0.35
3429.4,0.35
3431.2,0.35
3432.9,0.37
3434.5,0.39
3436.1,0.39
3437.6,0.42
3439.1,0.42
3440.7,0.39
3442.2,0.42
3443.7,0.42
3445.3,0.39
3446.8,0.42
3448.3,0.42
3449.8,0.42
3451.3,0.42
3452.8,0.42
3454.3,0.42
3455.8,0.42
3457.2,0.45
3458.7,0.42
3460.2,0.42
3461.7,0.42
3463.2,0.42
3464.7,0.42
3466.2,0.42
3467.7,0.42
3469.2,0.42
3470.6,0.45
3472.1,0.42
3473.6,0.42
3475.1,0.42
3476.6,0.42
3478.1,0.42
3479.6,0.42
3481.0,0.45
3482.5,0.42
3483.9,0.45
3485.4,0.42
3486.8,0.45
3488.3,0.42
3489.7,0.45
3491.2,0.42
3492.7,0.42
3494.2,0.42
3495.7,0.42
3497.3,0.39
3498.8,0.42
3500.3,0.42
3501.9,0.39
3503.4,0.42
3504.9,0.42
3506.4,0.42
3508.0,0.39
3509.5,0.42
3511.0,0.42
3512.5,0.42
3514.0,0.42
3515.5,0.42
3516.9,0.45
3518.4,0.42
3519.9,0.42
3521.3,0.45
3522.8,0.42
3524.3,0.42
3525.8,0.42
3527.3,0.42
3528.8,0.42
3530.3,0.42
3531.8,0.42
3533.3,0.42
3534.8,0.42
3536.3,0.42
3537.8,0.42
3539.2,0.45
3540.7,0.42
3542.2,0.42
3543.6,0.45
3545.1,0.42
3546.6,0.42
3548.1,0.42
3549.6,0.42
3551.0,0.45
3552.5,0.42
3554.0,0.42
3555.5,0.42
3557.0,0.42
3558.4,0.45
3559.9,0.42
3561.3,0.45
3562.8,0.42
3564.4,0.39
3565.9,0.42
3567.4,0.42
3568.8,0.45
3570.3,0.42
3571.8,0.42
3573.2,0.45
3574.7,0.42
3576.1,0.45
3577.5,0.45
3578.9,0.45
3580.4,0.42
3581.8,0.45
3583.3,0.42
3584.8,0.42
3586.2,0.45
3587.7,0.42
3589.2,0.42
3590.7,0.42
3592.1,0.45
3593.6,0.42
3595.1,0.42
3596.6,0.42
3598.1,0.42
3599.6,0.42
3601.1,0.42
3602.5,0.45
3604.0,0.42
3605.4,0.45
3606.9,0.42
3608.3,0.45
3609.8,0.42
3611.2,0.45
3612.7,0.42
3614.2,0.42
3615.7,0.42
3617.2,0.42
3618.7,0.42
3620.1,0.45
3621.5,0.45
3623.0,0.42
3624.5,0.42
3626.0,0.42
3627.5,0.42
3629.0,0.42
3630.5,0.42
3632.0,0.42
3633.5,0.42
3635.0,0.42
3636.5,0.42
3637.9,0.45
3639.4,0.42
3640.9,0.42
3642.4,0.42
3643.9,0.42
3645.4,0.42
3646.9,0.42
3648.4,0.42
3649.9,0.42
3651.3,0.45
3652.8,0.42
3654.3,0.42
3655.8,0.42
3657.2,0.45
3658.7,0.42
3660.2,0.42
3661.7,0.42
3663.2,0.42
3664.7,0.42
3666.2,0.42
3667.6,0.45
3669.1,0.42
3670.5,0.45
3671.9,0.45
3673.4,0.42
3674.8,0.45
3676.2,0.45
3677.7,0.42
3679.2,0.42
3680.7,0.42
3682.2,0.42
3683.7,0.42
3685.2,0.42
3686.7,0.42
3688.2,0.42
3689.7,0.42
3691.2,0.42
3692.7,0.42
3694.2,0.42
3695.7,0.42
3697.2,0.42
3698.7,0.42
3700.2,0.42
3701.7,0.42
3703.1,0.45
3704.6,0.42
3706.1,0.42
3707.6,0.42
3709.0,0.45
3710.5,0.42
3712.0,0.42
3713.4,0.45
3714.9,0.42
3716.5,0.39
3718.2,0.37
3719.9,0.37
3721.4,0.42
3723.0,0.39
3724.6,0.39
3726.3,0.37
3727.9,0.39
3729.4,0.42
3731.0,0.39
3732.6,0.39
3734.1,0.42
3735.7,0.39
3737.2,0.42
3738.8,0.39
3740.4,0.39
3741.9,0.42
3743.5,0.39
3744.9,0.45
3746.4,0.42
3747.9,0.42
3749.4,0.42
3750.9,0.42
3752.4,0.42
3754.0,0.39
3755.5,0.42
3757.1,0.39
3758.6,0.42
3760.2,0.39
3761.8,0.39
3763.4,0.39
3764.9,0.42
3766.6,0.37
3768.2,0.39
3769.7,0.42
3771.2,0.42
3772.7,0.42
3774.2,0.42
3775.7,0.42
3777.1,0.45
3778.6,0.42
3780.1,0.42
3781.6,0.42
3783.1,0.42
3784.6,0.42
3786.0,0.45
3787.5,0.42
3788.9,0.45
3790.4,0.42
3791.9,0.42
3793.4,0.42
3794.9,0.42
3796.4,0.42
3797.9,0.42
3799.4,0.42
3800.9,0.42
3802.4,0.42
3803.8,0.45
3805.3,0.42
3806.8,0.42
3808.3,0.42
3809.7,0.45
3811.2,0.42
3812.7,0.42
3814.2,0.42
3815.6,0.45
3817.1,0.42
3818.6,0.42
3820.0,0.45
3821.5,0.42
3822.9,0.45
3824.4,0.42
3825.8,0.45
3827.3,0.42
3828.8,0.42
3830.3,0.42
3831.8,0.42
3833.2,0.45
3834.8,0.39
3836.3,0.42
3837.8,0.42
3839.3,0.42
3840.8,0.42
3842.3,0.42
3843.8,0.42
3845.3,0.42
3846.8,0.42
3848.3,0.42
3849.8,0.42
3851.3,0.42
3852.8,0.42
3854.3,0.42
3855.8,0.42
3857.3,0.42
3858.8,0.42
3860.3,0.42
3861.9,0.39
3863.4,0.42
3864.9,0.42
3866.5,0.39
3868.0,0.42
3869.5,0.42
3871.1,0.39
3872.6,0.42
3874.2,0.39
3875.7,0.42
3877.2,0.42
3878.7,0.42
3880.2,0.42
3881.7,0.42
3883.2,0.42
3884.7,0.42
3886.2,0.42
3887.7,0.42
3889.2,0.42
3890.7,0.42
3892.1,0.45
3893.5,0.45
3895.0,0.42
3896.4,0.45
3897.9,0.42
3899.3,0.45
3900.8,0.42
3902.3,0.42
3903.8,0.42
3905.3,0.42
3906.8,0.42
3908.3,0.42
3909.8,0.42
3911.3,0.42
3912.8,0.42
3914.4,0.39
3915.9,0.42
3917.4,0.42
3919.0,0.39
3920.5,0.42
3922.0,0.42
3923.5,0.42
3925.0,0.42
3926.4,0.45
3927.9,0.42
3929.4,0.42
3930.9,0.42
3932.4,0.42
3933.9,0.42
3935.4,0.42
3936.8,0.45
3938.3,0.42
3939.8,0.42
3941.2,0.45
3942.7,0.42
3944.2,0.42
3945.7,0.42
3947.2,0.42
3948.7,0.42
3950.2,0.42
3951.7,0.42
3953.2,0.42
3954.6,0.45
3956.1,0.42
3957.5,0.45
3958.9,0.45
3960.4,0.42
3961.9,0.42
3963.4,0.42
3964.9,0.42
3966.5,0.39
3968.0,0.42
3969.5,0.42
3971.0,0.42
3972.6,0.39
3974.1,0.42
3975.6,0.42
3977.1,0.42
3978.7,0.39
3980.2,0.42
3981.8,0.39
3983.3,0.42
3984.8,0.42
3986.3,0.42
3987.8,0.42
3989.3,0.42
3990.8,0.42
3992.2,0.45
3993.7,0.42
3995.1,0.45
3996.5,0.45
3998.0,0.42
3999.4,0.45
4000.8,0.45
4002.3,0.42
4003.7,0.45
4005.1,0.45
4006.6,0.42
4008.1,0.42
4009.5,0.45
4011.0,0.42
4012.5,0.42
4014.1,0.39
4015.6,0.42
4017.1,0.42
4018.5,0.45
4020.0,0.42
4021.5,0.42
4023.0,0.42
4024.4,0.45
4025.9,0.42
4027.3,0.45
4028.7,0.45
4030.1,0.45
4031.5,0.45
4032.9,0.45
4034.4,0.42
4035.8,0.45
4037.3,0.42
4038.8,0.42
4040.3,0.42
4041.8,0.42
4043.2,0.45
4044.7,0.42
4046.2,0.42
4047.7,0.42
4049.1,0.45
4050.6,0.42
4052.1,0.42
4053.6,0.42
4055.1,0.42
4056.6,0.42
4058.1,0.42
4059.6,0.42
4061.1,0.42
4062.6,0.42
4064.0,0.45
4065.5,0.42
4067.0,0.42
4068.5,0.42
4070.0,0.42
4071.5,0.42
4073.0,0.42
4074.4,0.45
4075.9,0.42
4077.4,0.42
4078.9,0.42
4080.4,0.42
4081.9,0.42
4083.4,0.42
4085.0,0.39
4086.5,0.42
4088.0,0.42
4089.5,0.42
4091.0,0.42
4092.5,0.42
4094.0,0.42
4095.5,0.42
4096.9,0.45
4098.4,0.42
4099.8,0.45
4101.3,0.42
4102.7,0.45
4104.1,0.45
4105.6,0.42
4107.0,0.45
4108.5,0.42
4109.9,0.45
4111.4,0.42
4112.9,0.42
4114.3,0.45
4115.8,0.42
4117.2,0.45
4118.7,0.42
4120.1,0.45
4121.6,0.42
4123.1,0.42
4124.6,0.42
4126.1,0.42
4127.5,0.45
4129.0,0.42
4130.5,0.42
4131.9,0.45
4133.4,0.42
4134.9,0.42
4136.3,0.45
4137.8,0.42
4139.2,0.45
4140.7,0.42
4142.1,0.45
4143.6,0.42
4145.0,0.45
4146.4,0.45
4147.8,0.45
4149.2,0.45
4150.6,0.45
4152.0,0.45
4153.4,0.45
4154.8,0.45
4156.3,0.42
4157.7,0.45
4159.2,0.42
4160.7,0.42
4162.1,0.45
4163.6,0.42
4165.0,0.45
4166.4,0.45
4167.8,0.45
4169.2,0.45
4170.6,0.45
4172.1,0.42
4173.5,0.45
4174.9,0.45
4176.3,0.45
4177.6,0.48
4179.0,0.45
4180.4,0.45
4181.8,0.45
4183.2,0.45
4184.6,0.45
4186.0,0.45
4187.4,0.45
4188.8,0.45
4190.2,0.45
4191.5,0.48
4192.9,0.45
4194.3,0.45
4195.7,0.45
4197.1,0.45
4198.6,0.42
4200.1,0.42
4201.6,0.42
4203.0,0.45
4204.5,0.42
4206.0,0.42
4207.4,0.45
4208.9,0.42
4210.4,0.42
4211.9,0.42
4213.3,0.45
4214.8,0.42
4216.2,0.45
4217.7,0.42
4219.1,0.45
4220.6,0.42
4222.0,0.45
4223.5,0.42
4224.9,0.45
4226.4,0.42
4227.8,0.45
4229.3,0.42
4230.8,0.42
4232.3,0.42
4233.7,0.45
4235.2,0.42
4236.7,0.42
4238.1,0.45
4239.5,0.45
4241.0,0.42
4242.4,0.45
4243.8,0.45
4245.2,0.45
4246.6,0.45
4248.1,0.42
4249.5,0.45
4250.9,0.45
4252.4,0.42
4253.8,0.45
4255.2,0.45
4256.7,0.42
4258.1,0.45
4259.5,0.45
4261.0,0.42
4262.4,0.45
4263.9,0.42
4265.3,0.45
4266.7,0.45
4268.1,0.45
4269.5,0.45
4270.9,0.45
4272.4,0.42
4273.8,0.45
4275.2,0.45
4276.6,0.45
4278.1,0.42
4279.5,0.45
4280.9,0.45
4282.3,0.45
4283.7,0.45
4285.1,0.45
4286.5,0.45
4287.9,0.45
4289.3,0.45
4290.8,0.42
4292.2,0.45
4293.6,0.45
4295.0,0.45
4296.4,0.45
4297.8,0.45
4299.2,0.45
4300.6,0.45
4302.1,0.42
4303.5,0.45
4304.9,0.45
4306.4,0.42
4307.9,0.42
4309.4,0.42
4310.9,0.42
4312.4,0.42
4314.0,0.39
4315.5,0.42
4316.9,0.45
4318.4,0.42
4319.9,0.42
4321.3,0.45
4322.7,0.45
4324.1,0.45
4325.6,0.42
4327.0,0.45
4328.4,0.45
4329.8,0.45
4331.2,0.45
4332.6,0.45
4334.0,0.45
4335.4,0.45
4336.8,0.45
4338.1,0.48
4339.4,0.48
4340.8,0.45
4342.2,0.45
4343.6,0.45
4345.0,0.45
4346.4,0.45
4347.9,0.42
4349.4,0.42
4350.9,0.42
4352.3,0.45
4353.8,0.42
4355.3,0.42
4356.7,0.45
4358.2,0.42
4359.6,0.45
4361.0,0.45
4362.5,0.42
4364.0,0.42
4365.5,0.42
4367.0,0.42
4368.5,0.42
4370.0,0.42
4371.5,0.42
4373.0,0.42
4374.6,0.39
4376.1,0.42
4377.7,0.39
4379.3,0.39
4380.9,0.39
4382.5,0.39
4384.2,0.37
4385.9,0.37
4387.5,0.39
4389.1,0.39
4390.7,0.39
4392.3,0.39
4393.8,0.42
4395.3,0.42
4396.8,0.42
4398.3,0.42
4399.8,0.42
4401.2,0.45
4402.7,0.42
4404.1,0.45
4405.6,0.42
4407.0,0.45
4408.5,0.42
4410.0,0.42
4411.5,0.42
4413.1,0.39
4414.7,0.39
4416.3,0.39
4417.9,0.39
4419.6,0.37
4421.2,0.39
4422.8,0.39
4424.4,0.39
4425.9,0.42
4427.4,0.42
4429.0,0.39
4430.5,0.42
4432.0,0.42
4433.5,0.42
4434.9,0.45
4436.4,0.42
4437.9,0.42
4439.3,0.45
4440.8,0.42
4442.2,0.45
4443.7,0.42
4445.1,0.45
4446.6,0.42
4448.1,0.42
4449.6,0.42
4451.0,0.45
4452.5,0.42
4453.9,0.45
4455.4,0.42
4456.8,0.45
4458.2,0.45
4459.7,0.42
4461.2,0.42
4462.6,0.45
4464.1,0.42
4465.5,0.45
4467.0,0.42
4468.4,0.45
4469.9,0.42
4471.3,0.45
4472.7,0.45
4474.1,0.45
4475.6,0.42
4477.0,0.45
4478.5,0.42
4480.0,0.42
4481.5,0.42
4483.0,0.42
4484.5,0.42
4485.9,0.45
4487.4,0.42
4488.9,0.42
4490.4,0.42
4491.9,0.42
4493.4,0.42
4494.9,0.42
4496.3,0.45
4497.8,0.42
4499.2,0.45
4500.6,0.45
4502.1,0.42
4503.5,0.45
4505.0,0.42
4506.4,0.45
4507.9,0.42
4509.4,0.42
4510.9,0.42
4512.3,0.45
4513.8,0.42
4515.3,0.42
4516.7,0.45
4518.1,0.45
4519.6,0.42
4521.0,0.45
4522.4,0.45
4523.8,0.45
4525.3,0.42
4526.7,0.45
4528.2,0.42
4529.6,0.45
4531.1,0.42
4532.5,0.45
4533.9,0.45
4535.4,0.42
4536.8,0.45
4538.3,0.42
4539.7,0.45
4541.2,0.42
4542.6,0.45
4544.1,0.42
4545.5,0.45
4547.0,0.42
4548.5,0.42
4550.0,0.42
4551.5,0.42
4553.0,0.42
4554.4,0.45
4555.9,0.42
4557.3,0.45
4558.8,0.42
4560.2,0.45
4561.7,0.42
4563.2,0.42
4564.6,0.45
4566.1,0.42
4567.6,0.42
4569.1,0.42
4570.6,0.42
4572.1,0.42
4573.5,0.45
4575.0,0.42
4576.4,0.45
4577.9,0.42
4579.3,0.45
4580.8,0.42
4582.2,0.45
4583.7,0.42
4585.2,0.42
4586.7,0.42
4588.2,0.42
4589.6,0.45
4591.1,0.42
4592.6,0.42
4594.1,0.42
4595.5,0.45
4597.0,0.42
4598.4,0.45
4599.9,0.42
4601.4,0.42
4602.9,0.42
4604.4,0.42
4606.0,0.39
4607.5,0.42
4609.0,0.42
4610.5,0.42
4612.0,0.42
4613.5,0.42
4615.0,0.42
4616.5,0.42
4617.9,0.45
4619.4,0.42
4620.9,0.42
4622.4,0.42
4623.8,0.45
4625.3,0.42
4626.7,0.45
4628.1,0.45
4629.6,0.42
4631.0,0.45
4632.4,0.45
4633.8,0.45
4635.2,0.45
4636.6,0.45
4638.0,0.45
4639.4,0.45
4640.9,0.42
4642.4,0.42
4643.9,0.42
4645.3,0.45
4646.8,0.42
4648.3,0.42
4649.8,0.42
4651.2,0.45
4652.7,0.42
4654.2,0.42
4655.7,0.42
4657.2,0.42
4658.7,0.42
4660.2,0.42
4661.6,0.45
4663.1,0.42
4664.5,0.45
4666.0,0.42
4667.5,0.42
4668.9,0.45
4670.4,0.42
4671.9,0.42
4673.3,0.45
4674.7,0.45
4676.1,0.45
4677.5,0.45
4679.0,0.42
4680.4,0.45
4681.9,0.42
4683.4,0.42
4684.9,0.42
4686.4,0.42
4687.9,0.42
4689.3,0.45
4690.9,0.39
4692.4,0.42
4693.9,0.42
4695.4,0.42
4696.9,0.42
4698.4,0.42
4699.9,0.42
4701.3,0.45
4702.8,0.42
4704.3,0.42
4705.7,0.45
4707.2,0.42
4708.7,0.42
4710.1,0.45
4711.6,0.42
4713.1,0.42
4714.5,0.45
4715.9,0.45
4717.3,0.45
4718.8,0.42
4720.2,0.45
4721.7,0.42
4723.1,0.45
4724.6,0.42
4726.1,0.42
4727.7,0.39
4729.2,0.42
4730.7,0.42
4732.3,0.39
4733.8,0.42
4735.4,0.39
4736.9,0.42
4738.5,0.39
4740.0,0.42
4741.5,0.42
4743.0,0.42
4744.6,0.39
4746.1,0.42
4747.6,0.42
4749.2,0.39
4750.9,0.37
4752.6,0.37
4754.3,0.37
4755.9,0.39
4757.6,0.37
4759.1,0.42
4760.6,0.42
4762.1,0.42
4763.6,0.42
4765.1,0.42
4766.6,0.42
4768.1,0.42
4769.5,0.45
4771.0,0.42
4772.4,0.45
4773.8,0.45
4775.2,0.45
4776.7,0.42
4778.1,0.45
4779.5,0.45
4780.9,0.45
4782.3,0.45
4783.7,0.45
4785.1,0.45
4786.5,0.45
4787.9,0.45
4789.3,0.45
4790.7,0.45
4792.1,0.45
4793.6,0.42
4795.1,0.42
4796.6,0.42
4798.1,0.42
4799.6,0.42
4801.1,0.42
4802.5,0.45
4804.0,0.42
4805.5,0.42
4807.0,0.42
4808.5,0.42
4809.9,0.45
4811.4,0.42
4812.8,0.45
4814.3,0.42
4815.7,0.45
4817.1,0.45
4818.5,0.45
4819.9,0.45
4821.3,0.45
4822.8,0.42
4824.2,0.45
4825.6,0.45
4827.1,0.42
4828.5,0.45
4829.9,0.45
4831.4,0.42
4832.8,0.45
4834.3,0.42
4835.8,0.42
4837.3,0.42
4838.7,0.45
4840.2,0.42
4841.7,0.42
4843.1,0.45
4844.6,0.42
4846.0,0.45
4847.4,0.45
4848.9,0.42
4850.3,0.45
4851.7,0.45
4853.1,0.45
4854.5,0.45
4855.9,0.45
4857.3,0.45
4858.7,0.45
4860.1,0.45
4861.5,0.45
4862.9,0.45
4864.4,0.42
4865.8,0.45
4867.2,0.45
4868.7,0.42
4870.1,0.45
4871.5,0.45
4873.0,0.42
4874.4,0.45
4875.8,0.45
4877.3,0.42
4878.7,0.45
4880.1,0.45
4881.6,0.42
4883.1,0.42
4884.6,0.42
4886.0,0.45
4887.5,0.42
4888.9,0.45
4890.3,0.45
4891.7,0.45
4893.1,0.45
4894.6,0.42
4896.0,0.45
4897.4,0.45
4898.8,0.45
4900.3,0.42
4901.7,0.45
4903.1,0.45
4904.6,0.42
4906.0,0.45
4907.4,0.45
4908.8,0.45
4910.3,0.42
4911.7,0.45
4913.2,0.42
4914.7,0.42
4916.1,0.45
4917.5,0.45
4919.0,0.42
4920.4,0.45
4921.8,0.45
4923.2,0.45
4924.6,0.45
4926.0,0.45
4927.4,0.45
4928.9,0.42
4930.3,0.45
4931.7,0.45
4933.1,0.45
4934.5,0.45
4935.9,0.45
4937.3,0.45
4938.8,0.42
4940.2,0.45
4941.6,0.45
4943.1,0.42
4944.6,0.42
4946.0,0.45
4947.5,0.42
4948.9,0.45
4950.3,0.45
4951.7,0.45
4953.1,0.45
4954.6,0.42
4956.0,0.45
4957.4,0.45
4958.9,0.42
4960.3,0.45
4961.8,0.42
4963.3,0.42
4964.7,0.45
4966.2,0.42
4967.6,0.45
4969.1,0.42
4970.5,0.45
4972.0,0.42
4973.4,0.45
4974.9,0.42
4976.4,0.42
4977.8,0.45
4979.3,0.42
4980.8,0.42
4982.2,0.45
4983.7,0.42
4985.2,0.42
4986.7,0.42
4988.1,0.45
4989.6,0.42
4991.1,0.42
4992.5,0.45
4994.0,0.42
4995.5,0.42
4996.9,0.45
4998.4,0.42
4999.9,0.42
5001.4,0.42
5002.8,0.45
5004.3,0.42
5005.8,0.42
5007.3,0.42
5008.7,0.45
5010.2,0.42
5011.7,0.42
5013.2,0.42
5014.7,0.42
5016.2,0.42
5017.7,0.42
5019.1,0.45
5020.6,0.42
5022.1,0.42
5023.5,0.45
5025.0,0.42
5026.4,0.45
5027.9,0.42
5029.3,0.45
5030.8,0.42
5032.2,0.45
5033.7,0.42
5035.1,0.45
5036.6,0.42
5038.1,0.42
5039.5,0.45
5041.0,0.42
5042.4,0.45
5043.9,0.42
5045.4,0.42
5046.9,0.42
5048.3,0.45
5049.8,0.42
5051.2,0.45
5052.7,0.42
5054.2,0.42
5055.6,0.45
5057.1,0.42
5058.6,0.42
5060.0,0.45
5061.4,0.45
5062.9,0.42
5064.3,0.45
5065.7,0.45
5067.2,0.42
5068.7,0.42
5070.2,0.42
5071.7,0.42
5073.1,0.45
5074.6,0.42
5076.1,0.42
5077.6,0.42
5079.1,0.42
5080.6,0.42
5082.0,0.45
5083.5,0.42
5084.9,0.45
5086.3,0.45
5087.8,0.42
5089.2,0.45
5090.7,0.42
5092.1,0.45
5093.6,0.42
5095.1,0.42
5096.6,0.42
5098.0,0.45
5099.5,0.42
5100.9,0.45
5102.4,0.42
5103.9,0.42
5105.4,0.42
5106.8,0.45
5108.3,0.42
5109.8,0.42
5111.3,0.42
5112.8,0.42
5114.3,0.42
5115.8,0.42
5117.3,0.42
5119.0,0.37
5120.7,0.37
5122.5,0.35
5124.2,0.37
5125.8,0.39
5127.4,0.39
5128.9,0.42
5130.4,0.42
5131.9,0.42
5133.3,0.45
5134.7,0.45
5136.1,0.45
5137.4,0.48
5138.8,0.45
5140.1,0.48
5141.4,0.48
5142.8,0.45
5144.2,0.45
5145.6,0.45
5147.0,0.45
5148.5,0.42
5150.0,0.42
5151.5,0.42
5153.0,0.42
5154.5,0.42
5156.0,0.42
5157.4,0.45
5158.9,0.42
5160.3,0.45
5161.7,0.45
5163.1,0.45
5164.5,0.45
5165.9,0.45
5167.3,0.45
5168.8,0.42
5170.3,0.42
5171.7,0.45
5173.2,0.42
5174.6,0.45
5176.0,0.45
5177.5,0.42
5179.0,0.42
5180.5,0.42
5182.0,0.42
5183.5,0.42
5184.9,0.45
5186.4,0.42
5187.9,0.42
5189.4,0.42
5190.8,0.45
5192.3,0.42
5193.7,0.45
5195.2,0.42
5196.6,0.45
5198.1,0.42
5199.5,0.45
5201.0,0.42
5202.5,0.42
5204.0,0.42
5205.5,0.42
5206.9,0.45
5208.4,0.42
5209.9,0.42
5211.4,0.42
5212.9,0.42
5214.4,0.42
5215.9,0.42
5217.4,0.42
5218.8,0.45
5220.3,0.42
5221.7,0.45
5223.1,0.45
5224.5,0.45
5226.0,0.42
5227.4,0.45
5228.8,0.45
5230.2,0.45
5231.6,0.45
5233.0,0.45
5234.4,0.45
5235.8,0.45
5237.2,0.45
5238.6,0.45
5240.0,0.45
5241.4,0.45
5242.8,0.45
5244.2,0.45
5245.6,0.45
5247.1,0.42
5248.5,0.45
5250.0,0.42
5251.4,0.45
5252.9,0.42
5254.4,0.42
5255.8,0.45
5257.2,0.45
5258.7,0.42
5260.1,0.45
5261.6,0.42
5263.0,0.45
5264.5,0.42
5265.9,0.45
5267.4,0.42
5268.9,0.42
5270.3,0.45
5271.8,0.42
5273.2,0.45
5274.6,0.45
5276.1,0.42
5277.6,0.42
5279.0,0.45
5280.5,0.42
5282.0,0.42
5283.4,0.45
5284.9,0.42
5286.3,0.45
5287.8,0.42
5289.2,0.45
5290.6,0.45
5292.1,0.42
5293.5,0.45
5294.9,0.45
5296.4,0.42
5297.9,0.42
5299.3,0.45
5300.8,0.42
5302.3,0.42
5303.8,0.42
5305.3,0.42
5306.8,0.42
5308.3,0.42
5309.8,0.42
5311.3,0.42
5312.8,0.42
5314.2,0.45
5315.7,0.42
5317.2,0.42
5318.7,0.42
5320.1,0.45
5321.6,0.42
5323.0,0.45
5324.4,0.45
5325.8,0.45
5327.2,0.45
5328.7,0.42
5330.1,0.45
5331.5,0.45
5332.9,0.45
5334.3,0.45
5335.8,0.42
5337.2,0.45
5338.6,0.45
5340.0,0.45
5341.5,0.42
5342.9,0.45
5344.4,0.42
5345.9,0.42
5347.4,0.42
5348.9,0.42
5350.3,0.45
5351.8,0.42
5353.3,0.42
5354.8,0.42
5356.2,0.45
5357.7,0.42
5359.1,0.45
5360.6,0.42
5362.1,0.42
5363.6,0.42
5365.1,0.42
5366.5,0.45
5368.0,0.42
5369.6,0.39
5371.1,0.42
5372.5,0.45
5374.0,0.42
5375.4,0.45
5376.9,0.42
5378.4,0.42
5379.8,0.45
5381.3,0.42
5382.7,0.45
5384.1,0.45
5385.6,0.42
5387.0,0.45
5388.4,0.45
5389.9,0.42
5391.3,0.45
5392.8,0.42
5394.3,0.42
5395.8,0.42
5397.3,0.42
0.0,0.00
