840.0,0.48
841.5,0.42
843.0,0.42
844.5,0.42
846.0,0.42
847.8,0.35
850.3,0.25
853.1,0.22
855.5,0.26
857.5,0.31
859.6,0.30
861.8,0.29
863.8,0.31
865.7,0.33
867.3,0.39
868.8,0.42
870.5,0.37
872.2,0.37
873.9,0.37
875.6,0.37
877.2,0.39
878.8,0.39
880.4,0.39
882.0,0.39
883.6,0.39
885.2,0.39
886.8,0.39
888.4,0.39
889.9,0.42
891.4,0.42
892.9,0.42
894.4,0.42
896.0,0.39
897.5,0.42
899.0,0.42
900.5,0.42
901.9,0.45
903.4,0.42
904.8,0.45
906.2,0.45
907.7,0.42
909.2,0.42
910.6,0.45
912.1,0.42
913.6,0.42
915.1,0.42
916.6,0.42
918.1,0.42
919.5,0.45
921.1,0.39
922.6,0.42
924.2,0.39
925.7,0.42
927.1,0.45
928.6,0.42
930.0,0.45
931.4,0.45
932.8,0.45
934.3,0.42
935.7,0.45
937.2,0.42
938.7,0.42
940.3,0.39
942.0,0.37
943.6,0.39
945.3,0.37
946.9,0.39
948.6,0.37
950.3,0.37
951.9,0.39
953.5,0.39
955.0,0.42
956.6,0.39
958.2,0.39
959.9,0.37
961.6,0.37
963.2,0.39
964.9,0.37
966.5,0.39
968.0,0.42
969.6,0.39
971.2,0.39
972.8,0.39
974.4,0.39
975.9,0.42
977.4,0.42
978.9,0.42
980.3,0.45
981.7,0.45
983.2,0.42
984.6,0.45
986.1,0.42
987.5,0.45
989.0,0.42
990.5,0.42
992.1,0.39
993.6,0.42
995.2,0.39
996.9,0.37
998.4,0.42
999.9,0.42
1001.5,0.39
1003.0,0.42
1004.5,0.42
1006.0,0.42
1007.5,0.42
1009.1,0.39
1010.7,0.39
1012.2,0.42
1013.8,0.39
1015.4,0.39
1017.1,0.37
1018.7,0.39
1020.4,0.37
1022.0,0.39
1023.8,0.35
1025.5,0.37
1027.4,0.33
1029.3,0.33
1031.0,0.37
1032.8,0.35
1034.5,0.37
1036.1,0.39
1037.8,0.37
1039.5,0.37
1041.2,0.37
1042.9,0.37
1044.5,0.39
1046.1,0.39
1047.8,0.37
1049.4,0.39
1051.1,0.37
1052.7,0.39
1054.3,0.39
1055.9,0.39
1057.5,0.39
1059.2,0.37
1060.9,0.37
1062.5,0.39
1064.2,0.37
1065.8,0.39
1067.5,0.37
1069.1,0.39
1070.8,0.37
1072.5,0.37
1074.1,0.39
1075.8,0.37
1077.4,0.39
1079.0,0.39
1080.7,0.37
1082.3,0.39
1084.0,0.37
1085.6,0.39
1087.3,0.37
1089.0,0.37
1090.7,0.37
1092.4,0.37
1094.2,0.35
1096.0,0.35
1097.7,0.37
1099.4,0.37
1101.1,0.37
1102.8,0.37
1104.6,0.35
1106.3,0.37
1108.0,0.37
1109.6,0.39
1111.3,0.37
1113.0,0.37
1114.6,0.39
1116.4,0.35
1118.2,0.35
1119.9,0.37
1121.7,0.35
1123.4,0.37
1125.2,0.35
1127.0,0.35
1128.8,0.35
1130.5,0.37
1132.2,0.37
1134.0,0.35
1135.8,0.35
1137.5,0.37
1139.2,0.37
1141.0,0.35
1142.7,0.37
1144.3,0.39
1146.0,0.37
1147.6,0.39
1149.3,0.37
1150.9,0.39
1152.5,0.39
1154.2,0.37
1156.0,0.35
1157.7,0.37
1159.5,0.35
1161.4,0.33
1163.2,0.35
1165.0,0.35
1166.8,0.35
1168.6,0.35
1170.3,0.37
1172.0,0.37
1173.7,0.37
1175.5,0.35
1177.2,0.37
1179.0,0.35
1180.9,0.33
1182.7,0.35
1184.6,0.33
1186.4,0.35
1188.3,0.33
1190.1,0.35
1191.9,0.35
1193.6,0.37
1195.3,0.37
1197.0,0.37
1198.8,0.35
1200.7,0.33
1202.6,0.33
1204.4,0.35
1206.3,0.33
1208.1,0.35
1209.9,0.35
1211.8,0.33
1213.7,0.33
1215.7,0.31
1217.7,0.31
1219.6,0.33
1221.5,0.33
1223.2,0.37
1225.0,0.35
1226.7,0.37
1228.4,0.37
1230.2,0.35
1232.0,0.35
1233.8,0.35
1235.7,0.33
1237.7,0.31
1239.7,0.31
1241.9,0.29
1244.0,0.30
1246.3,0.27
1248.4,0.30
1250.4,0.31
1252.3,0.33
1254.3,0.31
1256.2,0.33
1258.2,0.31
1260.2,0.31
1262.0,0.35
1264.0,0.31
1265.9,0.33
1267.8,0.33
1269.8,0.31
1271.8,0.31
1273.7,0.33
1275.6,0.33
1277.5,0.33
1279.4,0.33
1281.2,0.35
1283.1,0.33
1285.0,0.33
1286.8,0.35
1288.8,0.31
1290.6,0.35
1292.6,0.31
1294.5,0.33
1296.5,0.31
1298.5,0.31
1300.6,0.30
1302.5,0.33
1304.4,0.33
1306.2,0.35
1308.0,0.35
1309.8,0.35
1311.7,0.33
1313.5,0.35
1315.4,0.33
1317.3,0.33
1319.3,0.31
1321.3,0.31
1323.1,0.35
1325.0,0.33
1326.9,0.33
1328.8,0.33
1330.7,0.33
1332.7,0.31
1334.9,0.29
1337.1,0.29
1339.2,0.30
1341.3,0.30
1343.4,0.30
1345.4,0.31
1347.4,0.31
1349.3,0.33
1351.2,0.33
1353.0,0.35
1354.7,0.37
1356.6,0.33
1358.5,0.33
1360.4,0.33
1362.4,0.31
1364.5,0.30
1366.5,0.31
1368.5,0.31
1370.6,0.30
1372.7,0.30
1374.7,0.31
1376.7,0.31
1378.6,0.33
1380.5,0.33
1382.5,0.31
1384.5,0.31
1386.6,0.30
1388.7,0.30
1391.0,0.27
1393.4,0.26
1396.0,0.24
1398.5,0.25
1401.2,0.23
1403.5,0.27
1405.7,0.29
1408.0,0.27
1410.3,0.27
1412.8,0.25
1415.3,0.25
1418.0,0.23
1420.6,0.24
1423.0,0.26
1425.6,0.24
1428.3,0.23
1431.1,0.22
1433.8,0.23
1436.4,0.24
1439.3,0.22
1442.1,0.22
1444.9,0.22
1447.6,0.23
1450.3,0.23
1453.0,0.23
1455.8,0.22
1458.7,0.22
1461.5,0.22
1464.2,0.23
1466.9,0.23
1469.5,0.24
1472.2,0.23
1474.9,0.23
1477.9,0.21
1480.8,0.22
1483.7,0.22
1486.4,0.23
1489.2,0.22
1492.2,0.21
1495.2,0.21
1498.4,0.20
1501.4,0.21
1504.2,0.22
1507.1,0.22
1510.1,0.21
1512.8,0.23
1515.2,0.26
1517.7,0.25
1520.1,0.26
1522.3,0.29
1524.6,0.27
1526.8,0.29
1529.1,0.27
1531.4,0.27
1533.9,0.25
1536.3,0.26
1538.4,0.30
1540.5,0.30
1542.3,0.35
1544.1,0.35
1545.9,0.35
1547.6,0.37
1549.2,0.39
1550.8,0.39
1552.5,0.37
1554.1,0.39
1555.8,0.37
1557.4,0.39
1559.2,0.35
1560.9,0.37
1562.7,0.35
1564.5,0.35
1566.3,0.35
1568.0,0.37
1569.8,0.35
1571.5,0.37
1573.3,0.35
1575.1,0.35
1576.9,0.35
1578.8,0.33
1580.9,0.30
1583.2,0.27
1585.4,0.29
1587.6,0.29
1589.7,0.30
1592.0,0.27
1594.2,0.29
1596.4,0.29
1598.7,0.27
1600.8,0.30
1603.0,0.29
1605.2,0.29
1607.3,0.30
1609.4,0.30
1611.4,0.31
1613.4,0.31
1615.6,0.29
1617.6,0.31
1619.7,0.30
1622.0,0.27
1624.2,0.29
1626.4,0.29
1628.7,0.27
1631.1,0.26
1633.4,0.27
1635.8,0.26
1638.0,0.29
1640.2,0.29
1642.2,0.31
1644.2,0.31
1646.3,0.30
1648.4,0.30
1650.5,0.30
1652.8,0.27
1655.1,0.27
1657.5,0.26
1659.8,0.27
1661.9,0.30
1664.0,0.30
1666.1,0.30
1668.1,0.31
1670.1,0.31
1672.2,0.30
1674.3,0.30
1676.3,0.31
1678.4,0.30
1680.4,0.31
1682.5,0.30
1684.8,0.27
1687.1,0.27
1689.4,0.27
1691.6,0.29
1693.9,0.27
1696.2,0.27
1698.5,0.27
1700.6,0.30
1702.8,0.29
1704.8,0.31
1707.0,0.29
1709.3,0.27
1711.6,0.27
1713.9,0.27
1716.1,0.29
1718.2,0.30
1720.5,0.27
1722.7,0.29
1724.9,0.29
1727.1,0.29
1729.3,0.29
1731.6,0.27
1733.9,0.27
1736.2,0.27
1738.3,0.30
1740.5,0.29
1742.6,0.30
1744.8,0.29
1747.1,0.27
1749.3,0.29
1751.6,0.27
1753.9,0.27
1756.1,0.29
1758.3,0.29
1760.5,0.29
1762.7,0.29
1764.8,0.30
1767.0,0.29
1769.2,0.29
1771.4,0.29
1773.5,0.30
1775.8,0.27
1778.0,0.29
1780.1,0.30
1782.3,0.29
1784.7,0.26
1787.1,0.26
1789.5,0.26
1791.9,0.26
1794.4,0.25
1796.9,0.25
1799.7,0.22
1802.9,0.20
1806.2,0.19
1809.2,0.21
1812.3,0.20
1815.3,0.21
1818.2,0.22
1820.8,0.24
1823.3,0.25
1825.7,0.26
1828.0,0.27
1830.4,0.26
1832.6,0.29
1835.0,0.26
1837.7,0.23
1840.2,0.25
1842.8,0.24
1845.4,0.24
1847.8,0.26
1850.3,0.25
1852.7,0.26
1855.1,0.26
1857.7,0.24
1860.2,0.25
1862.8,0.24
1865.2,0.26
1867.5,0.27
1869.8,0.27
1872.1,0.27
1874.5,0.26
1877.0,0.25
1879.4,0.26
1881.9,0.25
1884.3,0.26
1886.6,0.27
1888.8,0.29
1891.2,0.26
1893.5,0.27
1895.8,0.27
1898.2,0.26
1900.7,0.25
1903.2,0.25
1905.7,0.25
1908.1,0.26
1910.7,0.24
1913.4,0.23
1915.8,0.26
1918.2,0.26
1920.5,0.27
1922.9,0.26
1925.2,0.27
1927.3,0.30
1929.6,0.27
1931.8,0.29
1934.0,0.29
1936.2,0.29
1938.4,0.29
1940.7,0.27
1943.1,0.26
1945.4,0.27
1947.7,0.27
1950.0,0.27
1952.3,0.27
1954.6,0.27
1956.9,0.27
1959.2,0.27
1961.6,0.26
1963.9,0.27
1966.1,0.29
1968.4,0.27
1970.6,0.29
1973.1,0.25
1975.5,0.26
1978.0,0.25
1980.4,0.26
1982.8,0.26
1985.1,0.27
1987.4,0.27
1989.6,0.29
1991.7,0.30
1993.9,0.29
1996.2,0.27
1998.5,0.27
2000.9,0.26
2003.2,0.27
2005.4,0.29
2007.7,0.27
2009.9,0.29
2012.4,0.25
2014.8,0.26
2017.2,0.26
2019.5,0.27
2022.0,0.25
2024.4,0.26
2026.8,0.26
2029.1,0.27
2031.4,0.27
2033.8,0.26
2036.2,0.26
2038.8,0.24
2041.4,0.24
2043.8,0.26
2046.2,0.26
2048.5,0.27
2050.8,0.27
2053.0,0.29
2055.2,0.29
2057.5,0.27
2060.1,0.24
2062.6,0.25
2064.8,0.29
2066.9,0.30
2069.1,0.29
2071.4,0.27
2073.8,0.26
2076.3,0.25
2078.9,0.24
2081.4,0.25
2084.0,0.24
2086.5,0.25
2088.9,0.26
2091.4,0.25
2093.8,0.26
2096.1,0.27
2098.2,0.30
2100.4,0.29
2102.5,0.30
2104.6,0.30
2106.8,0.29
2109.2,0.26
2111.6,0.26
2114.1,0.25
2116.5,0.26
2118.8,0.27
2121.1,0.27
2123.5,0.26
2125.8,0.27
2128.2,0.26
2130.8,0.24
2133.4,0.24
2135.8,0.26
2138.2,0.26
2140.6,0.26
2143.0,0.26
2145.2,0.29
2147.5,0.27
2149.9,0.26
2152.3,0.26
2154.5,0.29
2156.8,0.27
2159.0,0.29
2161.3,0.27
2163.6,0.27
2165.8,0.29
2168.1,0.27
2170.4,0.27
2172.8,0.26
2175.2,0.26
2177.5,0.27
2179.9,0.26
2182.3,0.26
2184.6,0.27
2186.6,0.31
2188.6,0.31
2190.6,0.31
2192.6,0.31
2194.6,0.31
2196.8,0.29
2198.9,0.30
2201.1,0.29
2203.3,0.29
2205.4,0.30
2207.7,0.27
2209.9,0.29
2212.2,0.27
2214.5,0.27
2216.8,0.27
2219.2,0.26
2221.5,0.27
2223.9,0.26
2226.4,0.25
2228.7,0.27
2230.9,0.29
2233.2,0.27
2235.6,0.26
2238.0,0.26
2240.4,0.26
2243.0,0.24
2245.3,0.27
2247.7,0.26
2250.1,0.26
2252.7,0.24
2255.3,0.24
2258.2,0.22
2261.0,0.22
2264.0,0.21
2267.0,0.21
2269.9,0.22
2273.0,0.20
2275.9,0.22
2278.9,0.21
2281.9,0.21
2285.3,0.18
2288.3,0.21
2291.3,0.21
2294.4,0.20
2297.5,0.20
2300.6,0.20
2303.7,0.20
2306.9,0.20
2310.1,0.20
2313.2,0.20
2316.4,0.20
2319.9,0.18
2323.3,0.18
2326.7,0.18
2330.2,0.18
2333.4,0.20
2336.8,0.18
2340.2,0.18
2343.3,0.20
2346.5,0.20
2349.9,0.18
2353.1,0.20
2356.7,0.17
2360.3,0.17
2363.8,0.18
2367.3,0.18
2371.2,0.16
2375.4,0.15
2379.7,0.15
2383.8,0.15
2387.7,0.16
2391.3,0.17
2394.6,0.19
2397.9,0.19
2401.1,0.20
2404.1,0.21
2406.9,0.22
2409.7,0.22
2412.9,0.20
2416.0,0.20
2419.0,0.21
2422.0,0.21
2424.8,0.22
2427.6,0.22
2430.4,0.22
2433.2,0.22
2436.0,0.22
2439.0,0.21
2441.8,0.22
2444.6,0.22
2447.3,0.23
2450.0,0.23
2452.7,0.23
2455.5,0.22
2458.3,0.22
2461.3,0.21
2464.5,0.20
2467.6,0.20
2470.8,0.20
2473.8,0.21
2476.9,0.20
2480.2,0.19
2483.6,0.18
2486.7,0.20
2489.8,0.20
2492.8,0.21
2495.7,0.22
2498.9,0.20
2502.2,0.19
2505.4,0.20
2508.6,0.20
2511.8,0.20
2515.1,0.19
2518.3,0.20
2521.6,0.19
2524.8,0.20
2527.8,0.21
2530.7,0.22
2533.8,0.20
2536.9,0.20
2540.1,0.20
2543.3,0.20
2546.4,0.20
2549.4,0.21
2552.8,0.18
2555.8,0.21
2558.6,0.22
2561.4,0.22
2564.1,0.23
2566.9,0.22
2569.7,0.22
2572.5,0.22
2575.2,0.23
2577.8,0.24
2580.4,0.24
2582.9,0.25
2585.4,0.25
2587.9,0.25
2590.2,0.27
2592.6,0.26
2595.3,0.23
2597.8,0.25
2600.4,0.24
2602.8,0.26
2605.2,0.26
2607.8,0.24
2610.1,0.27
2612.4,0.27
2614.7,0.27
2617.0,0.27
2619.2,0.29
2621.7,0.25
2624.0,0.27
2626.3,0.27
2628.7,0.26
2631.1,0.26
2633.5,0.26
2635.9,0.26
2638.3,0.26
2640.7,0.26
2643.0,0.27
2645.3,0.27
2647.4,0.30
2649.5,0.30
2651.7,0.29
2654.0,0.27
2656.5,0.25
2658.8,0.27
2661.2,0.26
2663.4,0.29
2665.8,0.26
2668.2,0.26
2670.5,0.27
2673.0,0.25
2675.5,0.25
2677.8,0.27
2680.1,0.27
2682.5,0.26
2684.8,0.27
2687.0,0.29
2689.3,0.27
2691.6,0.27
2694.0,0.26
2696.6,0.24
2699.2,0.24
2701.9,0.23
2704.5,0.24
2707.0,0.25
2709.5,0.25
2712.0,0.25
2714.3,0.27
2716.7,0.26
2719.0,0.27
2721.4,0.26
2723.7,0.27
2726.1,0.26
2728.5,0.26
2731.0,0.25
2733.4,0.26
2735.9,0.25
2738.4,0.25
2740.9,0.25
2743.2,0.27
2745.5,0.27
2747.9,0.26
2750.2,0.27
2752.6,0.26
2755.0,0.26
2757.3,0.27
2759.6,0.27
2761.8,0.29
2764.1,0.27
2766.4,0.27
2768.7,0.27
2771.0,0.27
2773.5,0.25
2776.0,0.25
2778.4,0.26
2780.8,0.26
2783.3,0.25
2785.8,0.25
2788.2,0.26
2790.7,0.25
2793.1,0.26
2795.5,0.26
2798.1,0.24
2800.7,0.24
2803.4,0.23
2805.9,0.25
2808.5,0.24
2811.0,0.25
2813.6,0.24
2816.0,0.26
2818.4,0.26
2820.9,0.25
2823.2,0.27
2825.6,0.26
2828.0,0.26
2830.4,0.26
2832.8,0.26
2835.1,0.27
2837.4,0.27
2839.9,0.25
2842.5,0.24
2845.1,0.24
2847.6,0.25
2850.1,0.25
2852.6,0.25
2855.1,0.25
2857.5,0.26
2859.8,0.27
2862.0,0.29
2864.2,0.29
2866.4,0.29
2868.5,0.30
2870.5,0.31
2872.6,0.30
2874.7,0.30
2876.9,0.29
2879.2,0.27
2881.5,0.27
2883.9,0.26
2886.4,0.25
2888.9,0.25
2891.4,0.25
2894.0,0.24
2896.5,0.25
2899.1,0.24
2901.8,0.23
2904.3,0.25
2906.9,0.24
2909.3,0.26
2912.0,0.23
2914.7,0.23
2917.5,0.22
2920.3,0.22
2923.1,0.22
2925.9,0.22
2928.7,0.22
2931.4,0.23
2934.2,0.22
2937.1,0.22
2940.3,0.20
2943.4,0.20
2946.3,0.22
2949.3,0.21
2952.2,0.22
2955.5,0.19
2959.3,0.17
2963.0,0.17
2966.6,0.17
2969.8,0.20
2973.1,0.19
2976.8,0.17
2980.5,0.17
2984.5,0.16
2988.4,0.16
2992.1,0.17
2996.1,0.16
3000.1,0.16
3004.0,0.16
3007.8,0.17
3011.4,0.17
3015.1,0.17
3018.9,0.17
3022.5,0.17
3026.2,0.17
3029.9,0.17
3033.5,0.17
3036.8,0.19
3040.3,0.18
3043.8,0.18
3047.4,0.17
3051.1,0.17
3055.1,0.16
3059.0,0.16
3062.8,0.17
3066.4,0.17
3069.9,0.18
3073.3,0.18
3077.1,0.17
3080.8,0.17
3084.4,0.17
3087.9,0.18
3091.1,0.20
3094.5,0.18
3097.8,0.19
3101.2,0.18
3104.6,0.18
3107.8,0.20
3110.8,0.21
3113.6,0.22
3116.5,0.22
3119.4,0.22
3122.3,0.22
3125.3,0.21
3128.2,0.22
3131.0,0.22
3133.9,0.22
3137.0,0.20
3139.8,0.22
3142.8,0.21
3145.7,0.22
3148.5,0.22
3151.4,0.22
3154.6,0.20
3157.8,0.20
3160.9,0.20
3163.8,0.22
3166.6,0.22
3169.3,0.23
3171.8,0.25
3174.5,0.23
3177.3,0.22
3180.1,0.22
3183.0,0.22
3186.0,0.21
3189.0,0.21
3191.8,0.22
3194.7,0.22
3197.4,0.23
3200.0,0.24
3202.6,0.24
3205.2,0.24
3207.8,0.24
3210.4,0.24
3213.3,0.22
3216.1,0.22
3218.9,0.22
3221.6,0.23
3224.1,0.25
3226.8,0.23
3229.6,0.22
3232.4,0.22
3235.2,0.22
3238.1,0.22
3241.0,0.22
3243.8,0.22
3246.7,0.22
3249.6,0.22
3252.6,0.21
3255.7,0.20
3258.7,0.21
3261.5,0.22
3264.3,0.22
3266.8,0.25
3269.4,0.24
3272.1,0.23
3274.9,0.22
3277.5,0.24
3280.3,0.22
3283.0,0.23
3285.9,0.22
3289.0,0.20
3292.0,0.21
3294.9,0.22
3297.7,0.22
3300.7,0.21
3303.4,0.23
3306.1,0.23
3308.6,0.25
3311.3,0.23
3313.9,0.24
3316.6,0.23
3319.5,0.22
3322.5,0.21
3325.5,0.21
3328.6,0.20
3331.8,0.20
3334.9,0.20
3337.9,0.21
3340.7,0.22
3343.6,0.22
3346.3,0.23
3348.9,0.24
3351.7,0.22
3354.6,0.22
3357.5,0.22
3360.3,0.22
3362.9,0.24
3365.6,0.23
3368.1,0.25
3370.7,0.24
3373.3,0.24
3376.0,0.23
3378.8,0.22
3381.3,0.25
3383.9,0.24
3386.6,0.23
3389.4,0.22
3392.3,0.22
3396.5,0.15
3400.1,0.17
3403.1,0.21
3405.9,0.22
3408.5,0.24
3410.9,0.26
3413.4,0.25
3415.9,0.25
3418.6,0.23
3421.4,0.22
3424.1,0.23
3426.7,0.24
3429.4,0.23
3432.1,0.23
3435.2,0.20
3438.1,0.22
3440.7,0.24
3443.3,0.24
3446.0,0.23
3448.7,0.23
3451.3,0.24
3454.0,0.23
3456.9,0.22
3459.1,0.29
3461.2,0.30
3463.3,0.30
3465.4,0.30
3467.8,0.26
3470.2,0.26
3472.6,0.26
3474.9,0.27
3477.2,0.27
3479.6,0.26
3481.9,0.27
3484.0,0.30
3486.2,0.29
3488.5,0.27
3491.0,0.25
3493.7,0.23
3496.5,0.22
3499.5,0.21
3502.7,0.20
3505.9,0.20
3508.9,0.21
3511.7,0.22
3514.6,0.22
3517.6,0.21
3520.7,0.20
3523.9,0.20
3527.3,0.18
3530.4,0.20
3533.7,0.19
3537.0,0.19
3540.6,0.17
3544.0,0.18
3547.3,0.19
3550.8,0.18
3554.0,0.20
3557.0,0.21
3560.4,0.18
3564.9,0.14
3568.8,0.16
3572.6,0.17
3576.3,0.17
3579.6,0.19
3583.2,0.17
3587.1,0.16
3590.7,0.17
3594.0,0.19
3597.6,0.17
3601.0,0.18
3604.3,0.19
3607.8,0.18
3611.1,0.19
3614.6,0.18
3618.0,0.18
3621.9,0.16
3626.0,0.15
3630.0,0.16
3633.8,0.17
3638.0,0.15
3642.1,0.15
3646.2,0.15
3650.2,0.16
3654.0,0.17
3657.8,0.17
3661.9,0.15
3666.0,0.15
3669.9,0.16
3673.5,0.17
3677.2,0.17
3681.1,0.16
3684.8,0.17
3688.3,0.18
3692.1,0.17
3695.9,0.17
3699.7,0.17
3703.7,0.16
3707.5,0.17
3711.3,0.17
3714.9,0.17
3718.4,0.18
3721.9,0.18
3725.4,0.18
3729.3,0.16
3733.1,0.17
3736.8,0.17
3740.6,0.17
3744.2,0.17
3747.5,0.19
3751.2,0.17
3754.7,0.18
3758.3,0.17
3761.8,0.18
3765.8,0.16
3769.6,0.17
3773.3,0.17
3776.9,0.17
3780.5,0.17
3784.2,0.17
3787.7,0.18
3791.3,0.17
3794.8,0.18
3798.8,0.16
3802.9,0.15
3806.5,0.17
3809.9,0.18
3813.3,0.18
3816.3,0.21
3819.5,0.20
3822.8,0.19
3826.4,0.17
3829.9,0.18
3833.4,0.18
3837.2,0.17
3841.0,0.17
3844.8,0.17
3848.7,0.16
3852.5,0.17
3856.3,0.17
3860.4,0.15
3864.8,0.14
3869.1,0.15
3873.2,0.15
3877.0,0.17
3880.8,0.17
3885.4,0.14
3889.8,0.14
3893.4,0.17
3896.9,0.18
3900.3,0.18
3903.9,0.17
3907.9,0.16
3911.6,0.17
3914.9,0.19
3918.4,0.18
3922.0,0.17
3925.7,0.17
3929.5,0.17
3933.7,0.15
3937.5,0.17
3941.1,0.17
3944.6,0.18
3947.9,0.19
3951.3,0.18
3954.8,0.18
3958.6,0.17
3962.4,0.17
3966.3,0.16
3969.9,0.17
3973.7,0.17
3977.3,0.17
3981.2,0.16
3985.1,0.16
3988.8,0.17
3992.5,0.17
3996.2,0.17
3999.6,0.18
4003.2,0.17
4007.1,0.16
4011.0,0.16
4014.7,0.17
4018.1,0.18
4021.6,0.18
4025.1,0.18
4028.9,0.17
4032.7,0.17
4036.4,0.17
4040.2,0.17
4044.1,0.16
4047.8,0.17
4051.4,0.17
4054.9,0.18
4058.9,0.16
4062.7,0.17
4066.5,0.17
4070.2,0.17
4073.7,0.18
4077.0,0.19
4080.5,0.18
4084.2,0.17
4087.7,0.18
4091.5,0.17
4095.4,0.16
4099.2,0.17
4103.3,0.15
4107.1,0.17
4110.5,0.18
4113.7,0.20
4116.9,0.20
4119.6,0.23
4122.0,0.26
4124.2,0.29
4126.5,0.27
4128.7,0.29
4131.2,0.25
4134.1,0.22
4136.8,0.23
4139.2,0.26
4141.5,0.27
4143.7,0.29
4145.8,0.30
4147.7,0.33
4149.6,0.33
4151.8,0.29
4154.0,0.29
4156.0,0.31
4158.0,0.31
4160.1,0.30
4162.1,0.31
4163.9,0.35
4165.9,0.31
4167.8,0.33
4169.7,0.33
4171.6,0.33
4173.5,0.33
4175.4,0.33
4177.3,0.33
4179.3,0.31
4181.4,0.30
4183.7,0.27
4186.3,0.24
4189.0,0.23
4191.4,0.26
4193.9,0.25
4196.4,0.25
4198.9,0.25
4201.5,0.24
4204.2,0.23
4207.0,0.22
4209.7,0.23
4212.2,0.25
4214.8,0.24
4217.4,0.24
4220.1,0.23
4222.8,0.23
4225.3,0.25
4227.7,0.26
4230.1,0.26
4232.6,0.25
4235.3,0.23
4238.0,0.23
4240.6,0.24
4243.3,0.23
4246.0,0.23
4248.6,0.24
4251.2,0.24
4253.8,0.24
4256.3,0.25
4259.0,0.23
4262.0,0.21
4265.1,0.20
4268.2,0.20
4271.4,0.20
4274.6,0.20
4277.7,0.20
4280.7,0.21
4283.9,0.20
4287.2,0.19
4290.4,0.20
4293.7,0.19
4297.3,0.17
4301.7,0.14
4306.0,0.15
4309.7,0.17
4313.5,0.17
4317.0,0.18
4320.6,0.17
4324.5,0.16
4328.2,0.17
4331.6,0.18
4334.7,0.20
4338.3,0.17
4342.7,0.14
4346.5,0.17
4350.0,0.18
4353.1,0.20
4356.1,0.21
4359.0,0.22
4362.0,0.21
4365.4,0.18
4368.7,0.19
4371.8,0.20
4374.9,0.20
4378.0,0.20
4381.1,0.20
4384.5,0.18
4387.7,0.20
4390.5,0.22
4393.4,0.22
4396.4,0.21
4399.5,0.20
4402.7,0.20
4405.8,0.20
4409.0,0.20
4412.2,0.20
4415.4,0.20
4421.0,0.11
4436.5,0.17
4439.7,0.20
4443.1,0.18
4446.5,0.18
4449.6,0.20
4452.8,0.20
4456.0,0.20
4459.3,0.19
4462.8,0.18
4466.2,0.18
4469.3,0.20
4472.8,0.18
4476.2,0.18
4479.7,0.18
4483.1,0.18
4486.2,0.20
4489.4,0.20
4492.3,0.22
4495.2,0.22
4498.3,0.20
4501.7,0.18
4505.1,0.18
4508.4,0.19
4511.8,0.18
4515.5,0.17
4519.2,0.17
4522.9,0.17
4526.5,0.17
4529.9,0.18
4533.4,0.18
4536.7,0.19
4539.8,0.20
4543.0,0.20
4546.5,0.18
4549.6,0.20
4552.9,0.19
4556.3,0.18
4559.6,0.19
4563.0,0.18
4566.1,0.20
4568.9,0.22
4571.8,0.22
4574.6,0.22
4577.3,0.23
4580.3,0.21
4583.4,0.20
4586.4,0.21
4589.6,0.20
4592.8,0.20
4596.0,0.20
4599.0,0.21
4602.3,0.19
4605.7,0.18
4608.8,0.20
4612.2,0.18
4613.2,0.00
4636.1,0.00
4637.1,0.17
4641.2,0.15
4646.0,0.13
4650.3,0.15
4654.5,0.15
4658.3,0.17
4662.3,0.16
4666.3,0.16
4670.3,0.16
4674.2,0.16
4678.2,0.16
4682.0,0.17
4685.9,0.16
4690.3,0.14
4694.8,0.14
4699.0,0.15
4703.0,0.16
4707.3,0.15
4711.3,0.16
4715.0,0.17
4718.8,0.17
4722.6,0.17
4726.4,0.17
4729.8,0.18
4733.4,0.17
4736.6,0.20
4739.9,0.19
4743.7,0.17
4747.1,0.18
4750.3,0.20
4753.5,0.20
4756.9,0.18
4760.4,0.18
4763.9,0.18
4767.3,0.18
4771.2,0.16
4775.1,0.16
4778.8,0.17
4782.3,0.18
4785.7,0.18
4789.1,0.18
4792.5,0.18
4795.9,0.18
4799.5,0.17
4804.3,0.13
4807.5,0.20
4810.4,0.22
4812.9,0.25
4815.3,0.26
4817.6,0.27
4819.8,0.29
4821.8,0.31
4823.8,0.31
4825.9,0.30
4827.8,0.33
4829.7,0.33
4831.5,0.35
4833.3,0.35
4835.1,0.35
4836.8,0.37
4838.7,0.33
4840.5,0.35
4842.4,0.33
4844.2,0.35
4845.9,0.37
4847.6,0.37
4849.4,0.35
4851.3,0.33
4853.1,0.35
4854.8,0.37
4856.4,0.39
4858.1,0.37
4859.8,0.37
4861.5,0.37
4863.4,0.33
4865.3,0.33
4867.4,0.30
4869.5,0.30
4871.6,0.30
4873.8,0.29
4876.3,0.25
4878.9,0.24
4881.7,0.22
4884.5,0.22
4887.3,0.22
4890.0,0.23
4892.7,0.23
4895.3,0.24
4898.1,0.22
4900.8,0.23
4903.5,0.23
4906.2,0.23
4908.8,0.24
4911.5,0.23
4914.4,0.22
4917.1,0.23
4919.6,0.25
4922.3,0.23
4925.1,0.22
4927.9,0.22
4930.9,0.21
4934.1,0.20
4937.4,0.19
4941.6,0.15
4942.6,0.00
4989.1,0.00
4990.1,0.12
4994.5,0.14
4998.5,0.16
5002.2,0.17
5005.8,0.17
5009.1,0.19
5012.3,0.20
5015.5,0.20
5019.1,0.17
5022.7,0.17
5027.0,0.15
5031.2,0.15
5035.3,0.15
5039.3,0.16
5043.4,0.15
5047.3,0.16
5051.2,0.16
5055.0,0.17
5058.7,0.17
5062.5,0.17
5066.0,0.18
5069.3,0.19
5072.4,0.20
5075.4,0.21
5078.5,0.20
5081.7,0.20
5084.9,0.20
5088.2,0.19
5091.4,0.20
5094.4,0.21
5097.6,0.20
5101.0,0.18
5104.5,0.18
5107.8,0.19
5111.0,0.20
5114.3,0.19
5117.4,0.20
5121.2,0.17
5125.8,0.14
5130.1,0.15
5146.8,0.17
5150.0,0.20
5152.9,0.22
5155.8,0.22
5159.0,0.20
5162.4,0.18
5165.9,0.18
5169.1,0.20
5172.3,0.20
5176.7,0.14
5177.7,0.00
5226.5,0.00
5227.5,0.12
5232.2,0.13
5236.4,0.15
5240.8,0.14
5245.6,0.13
5250.6,0.13
0.0,0.00
