1027.7,0.42
1029.1,0.45
1030.5,0.45
1032.0,0.42
1033.7,0.37
1038.4,0.13
1040.4,0.31
1052.1,0.33
1054.2,0.30
1056.5,0.27
1058.8,0.27
1060.8,0.31
1062.9,0.30
1065.0,0.30
1067.1,0.30
1069.2,0.30
1071.4,0.29
1073.7,0.27
1076.0,0.27
1078.2,0.29
1080.4,0.29
1082.8,0.26
1085.2,0.26
1087.5,0.27
1089.8,0.27
1092.2,0.26
1094.5,0.27
1096.8,0.27
1099.2,0.26
1101.5,0.27
1104.0,0.25
1106.4,0.26
1108.9,0.25
1111.1,0.29
1113.2,0.30
1115.2,0.31
1116.9,0.37
1118.7,0.35
1120.4,0.37
1122.2,0.35
1124.0,0.35
1125.8,0.35
1127.6,0.35
1129.4,0.35
1131.2,0.35
1132.9,0.37
1134.6,0.37
1136.3,0.37
1138.0,0.37
1139.6,0.39
1141.3,0.37
1142.8,0.42
1144.4,0.39
1146.0,0.39
1147.6,0.39
1149.2,0.39
1150.8,0.39
1152.3,0.42
1153.8,0.42
1155.4,0.39
1156.9,0.42
1158.5,0.39
1160.1,0.39
1161.7,0.39
1163.3,0.39
1164.8,0.42
1166.5,0.37
1168.0,0.42
1169.7,0.37
1171.3,0.39
1173.0,0.37
1174.5,0.42
1176.1,0.39
1177.7,0.39
1179.2,0.42
1180.7,0.42
1182.2,0.42
1183.7,0.42
1185.2,0.42
1186.8,0.39
1188.3,0.42
1189.9,0.39
1191.5,0.39
1193.1,0.39
1194.7,0.39
1196.2,0.42
1197.8,0.39
1199.3,0.42
1200.9,0.39
1202.4,0.42
1204.0,0.39
1205.5,0.42
1207.0,0.42
1208.5,0.42
1210.0,0.42
1211.5,0.42
1213.0,0.42
1214.6,0.39
1216.1,0.42
1217.6,0.42
1219.2,0.39
1220.7,0.42
1222.3,0.39
1223.8,0.42
1225.3,0.42
1226.8,0.42
1228.3,0.42
1229.8,0.42
1231.3,0.42
1232.8,0.42
1234.2,0.45
1235.7,0.42
1237.2,0.42
1238.7,0.42
1240.2,0.42
1241.7,0.42
1243.2,0.42
1244.8,0.39
1246.3,0.42
1247.8,0.42
1249.3,0.42
1250.8,0.42
1252.3,0.42
1253.8,0.42
1255.3,0.42
1256.9,0.39
1258.4,0.42
1260.0,0.39
1261.6,0.39
1263.1,0.42
1264.7,0.39
1266.2,0.42
1267.7,0.42
1269.2,0.42
1270.7,0.42
1272.2,0.42
1273.8,0.39
1275.2,0.45
1276.8,0.39
1278.2,0.45
1279.7,0.42
1281.2,0.42
1282.7,0.42
1284.2,0.42
1285.6,0.45
1287.1,0.42
1288.6,0.42
1290.1,0.42
1291.6,0.42
1293.1,0.42
1294.6,0.42
1296.1,0.42
1297.6,0.42
1299.1,0.42
1300.5,0.45
1302.0,0.42
1303.5,0.42
1305.0,0.42
1306.5,0.42
1308.0,0.42
1309.5,0.42
1311.0,0.42
1312.4,0.45
1313.9,0.42
1315.4,0.42
1316.8,0.45
1318.3,0.42
1319.7,0.45
1321.2,0.42
1322.6,0.45
1324.1,0.42
1325.5,0.45
1327.1,0.39
1328.5,0.45
1330.1,0.39
1331.7,0.39
1333.2,0.42
1334.7,0.42
1336.2,0.42
1337.7,0.42
1339.2,0.42
1340.7,0.42
1342.2,0.42
1343.8,0.39
1345.2,0.45
1346.7,0.42
1348.2,0.42
1349.6,0.45
1351.1,0.42
1352.5,0.45
1354.0,0.42
1355.4,0.45
1356.9,0.42
1358.5,0.39
1360.0,0.42
1361.5,0.42
1363.1,0.39
1364.7,0.39
1366.2,0.42
1367.8,0.39
1369.3,0.42
1370.8,0.42
1372.3,0.42
1373.8,0.42
1375.2,0.45
1376.7,0.42
1378.3,0.39
1379.8,0.42
1381.4,0.39
1382.9,0.42
1384.5,0.39
1386.0,0.42
1387.5,0.42
1389.0,0.42
1390.6,0.39
1392.1,0.42
1393.6,0.42
1395.1,0.42
1396.7,0.39
1398.2,0.42
1399.8,0.39
1401.3,0.42
1402.8,0.42
1404.4,0.39
1405.9,0.42
1407.5,0.39
1409.0,0.42
1410.6,0.39
1412.1,0.42
1413.6,0.42
1415.1,0.42
1416.6,0.42
1418.1,0.42
1419.7,0.39
1421.2,0.42
1422.8,0.39
1424.3,0.42
1425.8,0.42
1427.4,0.39
1428.8,0.45
1430.3,0.42
1431.8,0.42
1433.3,0.42
1434.7,0.45
1436.2,0.42
1437.8,0.39
1439.3,0.42
1440.9,0.39
1442.4,0.42
1444.0,0.39
1445.5,0.42
1447.0,0.42
1448.5,0.42
1450.0,0.42
1451.6,0.39
1453.1,0.42
1454.6,0.42
1456.0,0.45
1457.5,0.42
1459.0,0.42
1460.4,0.45
1461.9,0.42
1463.4,0.42
1464.8,0.45
1466.3,0.42
1467.8,0.42
1469.2,0.45
1470.6,0.45
1472.1,0.42
1473.5,0.45
1475.0,0.42
1476.5,0.42
1478.0,0.42
1479.5,0.42
1481.0,0.42
1482.5,0.42
1484.1,0.39
1485.6,0.42
1487.2,0.39
1488.8,0.39
1490.4,0.39
1492.0,0.39
1493.6,0.39
1495.2,0.39
1496.8,0.39
1498.4,0.39
1500.0,0.39
1501.6,0.39
1503.2,0.39
1504.8,0.39
1506.4,0.39
1507.9,0.42
1509.5,0.39
1511.0,0.42
1512.5,0.42
1514.0,0.42
1515.6,0.39
1517.1,0.42
1518.6,0.42
1520.2,0.39
1521.8,0.39
1523.3,0.42
1524.9,0.39
1526.5,0.39
1528.1,0.39
1529.7,0.39
1531.3,0.39
1532.9,0.39
1534.5,0.39
1536.0,0.42
1537.6,0.39
1539.1,0.42
1540.7,0.39
1542.2,0.42
1543.7,0.42
1545.2,0.42
1546.7,0.42
1548.2,0.42
1549.7,0.42
1551.2,0.42
1552.8,0.39
1554.4,0.39
1556.0,0.39
1557.6,0.39
1559.2,0.39
1560.8,0.39
1562.3,0.42
1563.9,0.39
1565.5,0.39
1567.1,0.39
1568.7,0.39
1570.4,0.37
1572.0,0.39
1573.6,0.39
1575.2,0.39
1576.8,0.39
1578.4,0.39
1579.9,0.42
1581.4,0.42
1583.0,0.39
1584.6,0.39
1586.1,0.42
1587.7,0.39
1589.2,0.42
1590.8,0.39
1592.4,0.39
1593.9,0.42
1595.5,0.39
1597.2,0.37
1598.8,0.39
1600.4,0.39
1602.0,0.39
1603.5,0.42
1605.1,0.39
1606.7,0.39
1608.2,0.42
1609.7,0.42
1611.3,0.39
1612.8,0.42
1614.4,0.39
1615.9,0.42
1617.4,0.42
1618.9,0.42
1620.4,0.42
1621.8,0.45
1623.3,0.42
1624.8,0.42
1626.4,0.39
1628.0,0.39
1629.5,0.42
1631.0,0.42
1632.6,0.39
1634.2,0.39
1635.8,0.39
1637.4,0.39
1638.9,0.42
1640.4,0.42
1642.0,0.39
1643.5,0.42
1645.1,0.39
1646.7,0.39
1648.2,0.42
1649.8,0.39
1651.3,0.42
1652.8,0.42
1654.4,0.39
1655.9,0.42
1657.4,0.42
1659.0,0.39
1660.5,0.42
1662.1,0.39
1663.6,0.42
1665.2,0.39
1666.8,0.39
1668.3,0.42
1669.9,0.39
1671.5,0.39
1673.0,0.42
1674.6,0.39
1676.2,0.39
1677.8,0.39
1679.3,0.42
1680.8,0.42
1682.3,0.42
1683.8,0.42
1685.3,0.42
1686.9,0.39
1688.5,0.39
1690.1,0.39
1691.6,0.42
1693.2,0.39
1694.7,0.42
1696.3,0.39
1697.8,0.42
1699.4,0.39
1700.9,0.42
1702.5,0.39
1704.0,0.42
1705.5,0.42
1707.0,0.42
1708.5,0.42
1710.0,0.42
1711.5,0.42
1713.0,0.42
1714.5,0.42
1716.0,0.42
1717.5,0.42
1719.0,0.42
1720.5,0.42
1722.0,0.42
1723.5,0.42
1725.0,0.42
1726.5,0.42
1728.0,0.42
1729.4,0.45
1730.9,0.42
1732.4,0.42
1734.1,0.37
1735.8,0.37
1737.6,0.35
1739.5,0.33
1741.3,0.35
1743.2,0.33
1745.1,0.33
1746.9,0.35
1748.7,0.35
1750.5,0.35
1752.3,0.35
1754.1,0.35
1756.0,0.33
1757.7,0.37
1759.5,0.35
1761.4,0.33
1763.3,0.33
1765.1,0.35
1766.9,0.35
1768.8,0.33
1770.7,0.33
1772.5,0.35
1774.4,0.33
1776.3,0.33
1778.2,0.33
1780.1,0.33
1781.9,0.35
1783.7,0.35
1785.5,0.35
1787.3,0.35
1789.2,0.33
1791.0,0.35
1792.9,0.33
1794.7,0.35
1796.5,0.35
1798.3,0.35
1800.0,0.37
1801.8,0.35
1803.4,0.39
1805.1,0.37
1806.7,0.39
1808.3,0.39
1809.9,0.39
1811.5,0.39
1813.1,0.39
1814.6,0.42
1816.2,0.39
1817.8,0.39
1819.3,0.42
1820.9,0.39
1822.5,0.39
1824.1,0.39
1825.7,0.39
1827.4,0.37
1829.0,0.39
1830.6,0.39
1832.2,0.39
1833.8,0.39
1835.3,0.42
1836.9,0.39
1838.5,0.39
1840.1,0.39
1841.6,0.42
1843.2,0.39
1844.7,0.42
1846.2,0.42
1847.7,0.42
1849.2,0.42
1850.7,0.42
1852.2,0.42
1853.7,0.42
1855.2,0.42
1856.7,0.42
1858.2,0.42
1859.7,0.42
1861.2,0.42
1862.7,0.42
1864.1,0.45
1865.6,0.42
1867.1,0.42
1868.6,0.42
1870.1,0.42
1871.6,0.42
1873.2,0.39
1874.7,0.42
1876.2,0.42
1877.7,0.42
1879.2,0.42
1880.6,0.45
1882.1,0.42
1883.5,0.45
1885.0,0.42
1886.4,0.45
1887.9,0.42
1889.3,0.45
1890.8,0.42
1892.3,0.42
1893.8,0.42
1895.2,0.45
1896.6,0.45
1898.0,0.45
1899.4,0.45
1900.9,0.42
1902.3,0.45
1903.8,0.42
1905.3,0.42
1906.9,0.39
1908.4,0.42
1909.9,0.42
1911.4,0.42
1912.9,0.42
1914.3,0.45
1915.7,0.45
1917.1,0.45
1918.5,0.45
1920.0,0.42
1921.5,0.42
1922.9,0.45
1924.4,0.42
1926.0,0.39
1927.5,0.42
1929.0,0.42
1930.5,0.42
1932.0,0.42
1933.6,0.39
1935.1,0.42
1936.6,0.42
1938.2,0.39
1939.7,0.42
1941.2,0.42
1942.7,0.42
1944.1,0.45
1945.5,0.45
1947.0,0.42
1948.5,0.42
1949.9,0.45
1951.4,0.42
1952.9,0.42
1954.3,0.45
1955.8,0.42
1957.3,0.42
1958.8,0.42
1960.3,0.42
1961.9,0.39
1963.5,0.39
1965.0,0.42
1966.6,0.39
1968.1,0.42
1969.6,0.42
1971.2,0.39
1972.7,0.42
1974.2,0.42
1975.8,0.39
1977.3,0.42
1978.8,0.42
1980.3,0.42
1981.9,0.39
1983.4,0.42
1984.9,0.42
1986.3,0.45
1987.8,0.42
1989.3,0.42
1990.8,0.42
1992.3,0.42
1993.8,0.42
1995.3,0.42
1996.8,0.42
1998.3,0.42
1999.8,0.42
2001.3,0.42
2002.9,0.39
2004.5,0.39
2006.0,0.42
2007.5,0.42
2009.0,0.42
2010.5,0.42
2011.9,0.45
2013.3,0.45
2014.8,0.42
2016.2,0.45
2017.7,0.42
2019.2,0.42
2020.6,0.45
2022.1,0.42
2023.6,0.42
2025.1,0.42
2026.6,0.42
2028.1,0.42
2029.7,0.39
2031.2,0.42
2032.7,0.42
2034.2,0.42
2035.7,0.42
2037.2,0.42
2038.7,0.42
2040.2,0.42
2041.7,0.42
2043.3,0.39
2044.8,0.42
2046.4,0.39
2047.9,0.42
2049.4,0.42
2051.0,0.39
2052.6,0.39
2054.2,0.39
2055.8,0.39
2057.4,0.39
2058.9,0.42
2060.5,0.39
2062.0,0.42
2063.5,0.42
2065.1,0.39
2066.6,0.42
2068.1,0.42
2069.6,0.42
2071.1,0.42
2072.6,0.42
2074.2,0.39
2075.7,0.42
2077.3,0.39
2078.8,0.42
2080.4,0.39
2081.9,0.42
2083.3,0.45
2084.8,0.42
2086.3,0.42
2087.8,0.42
2089.3,0.42
2090.8,0.42
2092.3,0.42
2093.9,0.39
2095.4,0.42
2096.9,0.42
2098.4,0.42
2099.9,0.42
2101.4,0.42
2102.9,0.42
2104.4,0.42
2105.9,0.42
2107.4,0.42
2108.9,0.42
2110.4,0.42
2111.9,0.42
2113.5,0.39
2115.1,0.39
2116.7,0.39
2118.3,0.39
2119.8,0.42
2121.3,0.42
2122.8,0.42
2124.3,0.42
2125.8,0.42
2127.4,0.39
2128.9,0.42
2130.5,0.39
2132.0,0.42
2133.5,0.42
2135.1,0.39
2136.7,0.39
2138.2,0.42
2139.8,0.39
2141.3,0.42
2142.9,0.39
2144.4,0.42
2146.0,0.39
2147.5,0.42
2149.0,0.42
2150.6,0.39
2152.1,0.42
2153.7,0.39
2155.2,0.42
2156.7,0.42
2158.2,0.42
2159.7,0.42
2161.2,0.42
2162.6,0.45
2164.1,0.42
2165.6,0.42
2167.1,0.42
2168.6,0.42
2170.2,0.39
2171.7,0.42
2173.3,0.39
2174.8,0.42
2176.4,0.39
2177.9,0.42
2179.3,0.45
2180.8,0.42
2182.2,0.45
2183.7,0.42
2185.1,0.45
2186.6,0.42
2188.0,0.45
2189.5,0.42
2190.9,0.45
2192.4,0.42
2193.8,0.45
2195.2,0.45
2196.7,0.42
2198.1,0.45
2199.6,0.42
2201.1,0.42
2202.5,0.45
2204.0,0.42
2205.5,0.42
2207.0,0.42
2208.5,0.42
2210.0,0.42
2211.6,0.39
2213.2,0.39
2214.8,0.39
2216.4,0.39
2218.1,0.37
2219.7,0.39
2221.4,0.37
2223.0,0.39
2224.6,0.39
2226.2,0.39
2227.7,0.42
2229.3,0.39
2230.9,0.39
2232.5,0.39
2234.0,0.42
2235.6,0.39
2237.1,0.42
2238.6,0.42
2240.1,0.42
2241.6,0.42
2243.0,0.45
2244.5,0.42
2246.1,0.39
2247.6,0.42
2249.2,0.39
2250.8,0.39
2252.4,0.39
2254.0,0.39
2255.6,0.39
2257.2,0.39
2258.9,0.37
2260.6,0.37
2262.2,0.39
2263.8,0.39
2265.4,0.39
2267.0,0.39
2268.6,0.39
2270.2,0.39
2271.8,0.39
2273.4,0.39
2275.0,0.39
2276.5,0.42
2278.1,0.39
2279.7,0.39
2281.2,0.42
2282.8,0.39
2284.3,0.42
2285.9,0.39
2287.4,0.42
2289.0,0.39
2290.6,0.39
2292.1,0.42
2293.6,0.42
2295.2,0.39
2296.8,0.39
2298.4,0.39
2299.9,0.42
2301.4,0.42
2302.9,0.42
2304.4,0.42
2305.9,0.42
2307.4,0.42
2309.0,0.39
2310.5,0.42
2312.0,0.42
2313.6,0.39
2315.1,0.42
2316.6,0.42
2318.2,0.39
2319.9,0.37
2321.5,0.39
2323.2,0.37
2324.8,0.39
2326.5,0.37
2328.1,0.39
2329.8,0.37
2331.3,0.42
2332.9,0.39
2334.6,0.37
2336.2,0.39
2337.8,0.39
2339.4,0.39
2340.9,0.42
2342.5,0.39
2344.1,0.39
2345.7,0.39
2347.2,0.42
2348.8,0.39
2350.3,0.42
2351.8,0.42
2353.4,0.39
2354.9,0.42
2356.4,0.42
2358.0,0.39
2359.6,0.39
2361.2,0.39
2362.8,0.39
2364.3,0.42
2366.0,0.37
2367.9,0.33
2370.0,0.30
2372.1,0.30
2374.2,0.30
2376.2,0.31
2378.2,0.31
2380.1,0.33
2382.2,0.30
2384.1,0.33
2386.1,0.31
2388.0,0.33
2389.9,0.33
2391.9,0.31
2393.9,0.31
2395.9,0.31
2397.9,0.31
2399.9,0.31
2401.9,0.31
2403.9,0.31
2406.0,0.30
2408.0,0.31
2410.1,0.30
2412.3,0.29
2414.5,0.29
2416.5,0.31
2418.6,0.30
2420.6,0.31
2422.5,0.33
2424.5,0.31
2426.5,0.31
2428.6,0.30
2430.6,0.31
2432.7,0.30
2434.8,0.30
2436.9,0.30
2439.0,0.30
2441.1,0.30
2443.2,0.30
2445.2,0.31
2447.2,0.31
2449.2,0.31
2451.1,0.33
2453.1,0.31
2454.9,0.35
2456.8,0.33
2458.5,0.37
2460.2,0.37
2461.9,0.37
2463.5,0.39
2465.0,0.42
2466.6,0.39
2468.2,0.39
2469.8,0.39
2471.3,0.42
2472.9,0.39
2474.5,0.39
2476.0,0.42
2477.5,0.42
2479.1,0.39
2480.6,0.42
2482.2,0.39
2483.8,0.39
2485.3,0.42
2486.8,0.42
2488.4,0.39
2490.0,0.39
2491.7,0.37
2493.3,0.39
2495.0,0.37
2496.6,0.39
2498.2,0.39
2499.7,0.42
2501.2,0.42
2502.7,0.42
2504.2,0.42
2505.8,0.39
2507.4,0.39
2509.0,0.39
2510.6,0.39
2512.3,0.37
2513.9,0.39
2515.5,0.39
2517.1,0.39
2518.7,0.39
2520.2,0.42
2521.8,0.39
2523.4,0.39
2525.0,0.39
2526.6,0.39
2528.2,0.39
2529.8,0.39
2531.4,0.39
2533.0,0.39
2534.6,0.39
2536.2,0.39
2537.7,0.42
2539.3,0.39
2540.9,0.39
2542.5,0.39
2544.0,0.42
2545.5,0.42
2547.1,0.39
2548.6,0.42
2550.2,0.39
2551.8,0.39
2553.4,0.39
2554.9,0.42
2556.4,0.42
2557.9,0.42
2559.4,0.42
2561.0,0.39
2562.5,0.42
2564.1,0.39
2565.7,0.39
2567.2,0.42
2568.8,0.39
2570.4,0.39
2572.0,0.39
2573.6,0.39
2575.2,0.39
2576.7,0.42
2578.2,0.42
2579.8,0.39
2581.4,0.39
2583.1,0.37
2584.7,0.39
2586.3,0.39
2587.8,0.42
2589.4,0.39
2590.9,0.42
2592.4,0.42
2593.9,0.42
2595.4,0.42
2597.0,0.39
2598.6,0.39
2600.2,0.39
2601.7,0.42
2603.2,0.42
2604.8,0.39
2606.3,0.42
2607.8,0.42
2609.3,0.42
2610.8,0.42
2612.3,0.42
2613.8,0.42
2615.4,0.39
2616.9,0.42
2618.5,0.39
2620.1,0.39
2621.6,0.42
2623.1,0.42
2624.7,0.39
2626.2,0.42
2627.8,0.39
2629.4,0.39
2631.0,0.39
2632.6,0.39
2634.1,0.42
2635.7,0.39
2637.3,0.39
2638.9,0.39
2640.5,0.39
2642.1,0.39
2643.6,0.42
2645.2,0.39
2646.8,0.39
2648.4,0.39
2650.1,0.37
2651.7,0.39
2653.4,0.37
2655.0,0.39
2656.6,0.39
2658.2,0.39
2659.9,0.37
2661.5,0.39
2663.2,0.37
2664.9,0.37
2666.6,0.37
2668.2,0.39
2669.8,0.39
2671.3,0.42
2672.9,0.39
2674.5,0.39
2676.1,0.39
2677.8,0.37
2679.3,0.42
2680.9,0.39
2682.5,0.39
2684.0,0.42
2685.6,0.39
2687.1,0.42
2688.7,0.39
2690.3,0.39
2691.9,0.39
2693.4,0.42
2695.0,0.39
2696.5,0.42
2698.0,0.42
2699.6,0.39
2701.1,0.42
2702.6,0.42
2704.1,0.42
2705.6,0.42
2707.2,0.39
2708.8,0.39
2710.3,0.42
2711.9,0.39
2713.5,0.39
2715.1,0.39
2716.7,0.39
2718.3,0.39
2719.9,0.39
2721.6,0.37
2723.2,0.39
2724.8,0.39
2726.4,0.39
2728.0,0.39
2729.6,0.39
2731.3,0.37
2732.9,0.39
2734.5,0.39
2736.1,0.39
2737.7,0.39
2739.2,0.42
2740.8,0.39
2742.4,0.39
2744.0,0.39
2745.7,0.37
2747.3,0.39
2748.9,0.39
2750.5,0.39
2752.0,0.42
2753.5,0.42
2755.1,0.39
2756.6,0.42
2758.2,0.39
2759.8,0.39
2761.3,0.42
2762.9,0.39
2764.4,0.42
2766.0,0.39
2767.5,0.42
2769.1,0.39
2770.7,0.39
2772.2,0.42
2773.8,0.39
2775.3,0.42
2776.9,0.39
2778.5,0.39
2780.1,0.39
2781.7,0.39
2783.3,0.39
2784.9,0.39
2786.5,0.39
2788.0,0.42
2789.6,0.39
2791.1,0.42
2792.6,0.42
2794.2,0.39
2795.7,0.42
2797.2,0.42
2798.7,0.42
2800.2,0.42
2801.8,0.39
2803.4,0.39
2805.0,0.39
2806.6,0.39
2808.2,0.39
2809.8,0.39
2811.4,0.39
2813.0,0.39
2814.6,0.39
2816.2,0.39
2817.8,0.39
2819.3,0.42
2820.9,0.39
2822.5,0.39
2824.2,0.37
2825.8,0.39
2827.4,0.39
2829.0,0.39
2830.6,0.39
2832.2,0.39
2833.8,0.39
2835.5,0.37
2837.2,0.37
2838.8,0.39
2840.4,0.39
2842.0,0.39
2843.6,0.39
2845.2,0.39
2846.8,0.39
2848.4,0.39
2850.0,0.39
2851.7,0.37
2853.3,0.39
2855.0,0.37
2856.6,0.39
2858.2,0.39
2859.8,0.39
2861.4,0.39
2863.0,0.39
2864.6,0.39
2866.3,0.37
2868.0,0.37
2869.7,0.37
2871.4,0.37
2873.0,0.39
2874.7,0.37
2876.3,0.39
2877.9,0.39
2879.5,0.39
2881.1,0.39
2882.8,0.37
2884.6,0.35
2886.6,0.31
2888.6,0.31
2890.7,0.30
2892.7,0.31
2894.8,0.30
2896.7,0.33
2898.6,0.33
2900.4,0.35
2902.2,0.35
2903.9,0.37
2905.6,0.37
2907.3,0.37
2908.9,0.39
2910.6,0.37
2912.2,0.39
2913.9,0.37
2915.6,0.37
2917.3,0.37
2919.0,0.37
2920.6,0.39
2922.2,0.39
2923.9,0.37
2925.6,0.37
2927.3,0.37
2929.0,0.37
2930.8,0.35
2932.7,0.33
2934.6,0.33
2936.3,0.37
2938.1,0.35
2939.8,0.37
2941.5,0.37
2943.3,0.35
2945.1,0.35
2946.8,0.37
2948.5,0.37
2950.1,0.39
2951.8,0.37
2953.5,0.37
2955.2,0.37
2956.8,0.39
2958.6,0.35
2960.2,0.39
2962.0,0.35
2963.7,0.37
2965.3,0.39
2967.0,0.37
2968.7,0.37
2970.3,0.39
2971.9,0.39
2973.5,0.39
2975.2,0.37
2976.9,0.37
2978.5,0.39
2980.2,0.37
2981.8,0.39
2983.4,0.39
2985.1,0.37
2986.7,0.39
2988.3,0.39
2990.0,0.37
2991.6,0.39
2993.3,0.37
2995.0,0.37
2996.7,0.37
2998.4,0.37
3000.1,0.37
3001.7,0.39
3003.4,0.37
3005.1,0.37
3006.7,0.39
3008.4,0.37
3010.1,0.37
3011.8,0.37
3013.4,0.39
3015.1,0.37
3016.8,0.37
3018.6,0.35
3020.3,0.37
3022.1,0.35
3023.9,0.35
3025.6,0.37
3027.3,0.37
3028.9,0.39
3030.6,0.37
3032.2,0.39
3033.8,0.39
3035.5,0.37
3037.2,0.37
3039.4,0.29
3041.7,0.27
3044.0,0.27
3046.2,0.29
3048.4,0.29
3050.7,0.27
3053.0,0.27
3055.3,0.27
3057.5,0.29
3059.7,0.29
3061.8,0.30
3063.8,0.31
3065.8,0.31
3067.8,0.31
3069.9,0.30
3071.9,0.31
3074.0,0.30
3076.1,0.30
3078.1,0.31
3080.1,0.31
3082.0,0.33
3083.9,0.33
3085.9,0.31
3087.8,0.33
3089.8,0.31
3091.8,0.31
3093.8,0.31
3095.9,0.30
3097.9,0.31
3099.9,0.31
3101.8,0.33
3103.8,0.31
3105.7,0.33
3107.6,0.33
3109.6,0.31
3111.5,0.33
3113.5,0.31
3115.5,0.31
3117.5,0.31
3119.7,0.29
3121.8,0.30
3123.9,0.30
3126.0,0.30
3128.0,0.31
3129.9,0.33
3131.8,0.33
3133.7,0.33
3135.6,0.33
3137.4,0.35
3139.2,0.35
3140.9,0.37
3142.6,0.37
3144.2,0.39
3145.9,0.37
3147.5,0.39
3149.2,0.37
3150.9,0.37
3152.6,0.37
3154.3,0.37
3156.1,0.35
3157.8,0.37
3159.6,0.35
3161.4,0.35
3163.1,0.37
3164.8,0.37
3166.6,0.35
3168.4,0.35
3170.1,0.37
3171.8,0.37
3173.5,0.37
3175.2,0.37
3176.9,0.37
3178.7,0.35
3180.4,0.37
3182.1,0.37
3183.8,0.37
3185.6,0.35
3187.3,0.37
3189.0,0.37
3190.7,0.37
3192.4,0.37
3194.1,0.37
3195.8,0.37
3197.5,0.37
3199.1,0.39
3200.8,0.37
3202.5,0.37
3204.2,0.37
3205.9,0.37
3207.6,0.37
3209.3,0.37
3211.1,0.35
3212.8,0.37
3214.6,0.35
3216.3,0.37
3218.1,0.35
3219.8,0.37
3221.6,0.35
3223.3,0.37
3225.0,0.37
3226.7,0.37
3228.3,0.39
3230.1,0.35
3231.8,0.37
3233.5,0.37
3235.2,0.37
3236.9,0.37
3238.6,0.37
3240.3,0.37
3242.0,0.37
3243.7,0.37
3245.3,0.39
3247.0,0.37
3248.7,0.37
3250.3,0.39
3251.9,0.39
3253.6,0.37
3255.2,0.39
3256.9,0.37
3258.7,0.35
3260.3,0.39
3262.1,0.35
3263.8,0.37
3265.5,0.37
3267.2,0.37
3269.0,0.35
3270.7,0.37
3272.4,0.37
3274.1,0.37
3275.8,0.37
3277.6,0.35
3279.3,0.37
3281.0,0.37
3282.7,0.37
3284.4,0.37
3286.1,0.37
3287.9,0.35
3289.6,0.37
3291.2,0.39
3292.8,0.39
3294.5,0.37
3296.3,0.35
3298.0,0.37
3299.7,0.37
3301.4,0.37
3303.1,0.37
3304.7,0.39
3306.3,0.39
3308.0,0.37
3309.7,0.37
3311.3,0.39
3313.0,0.37
3314.6,0.39
3316.3,0.37
3318.0,0.37
3319.7,0.37
3321.4,0.37
3323.2,0.35
3325.0,0.35
3326.8,0.35
3328.6,0.35
3330.4,0.35
3332.2,0.35
3334.1,0.33
3335.9,0.35
3337.7,0.35
3339.5,0.35
3341.3,0.35
3343.1,0.35
3344.8,0.37
3346.6,0.35
3348.3,0.37
3350.1,0.35
3351.8,0.37
3353.6,0.35
3355.4,0.35
3357.1,0.37
3358.9,0.35
3360.7,0.35
3362.5,0.35
3364.3,0.35
3366.0,0.37
3367.7,0.37
3369.4,0.37
3371.1,0.37
3372.8,0.37
3374.4,0.39
3376.2,0.35
3377.8,0.39
3379.5,0.37
3381.2,0.37
3382.8,0.39
3384.5,0.37
3386.1,0.39
3387.8,0.37
3389.5,0.37
3391.2,0.37
3393.0,0.35
3394.7,0.37
3396.4,0.37
3398.2,0.35
3399.9,0.37
3401.7,0.35
3403.4,0.37
3405.1,0.37
3406.8,0.37
3408.5,0.37
3410.2,0.37
3411.8,0.39
3413.5,0.37
3415.2,0.37
3416.9,0.37
3418.7,0.35
3420.4,0.37
3422.1,0.37
3423.8,0.37
3425.5,0.37
3427.5,0.31
3429.6,0.30
3431.9,0.27
3434.2,0.27
3436.2,0.31
3438.3,0.30
3440.3,0.31
3442.3,0.31
3444.2,0.33
3446.1,0.33
3447.9,0.35
3449.7,0.35
3451.5,0.35
3453.3,0.35
3455.0,0.37
3456.8,0.35
3458.6,0.35
3460.4,0.35
3462.2,0.35
3464.0,0.35
3465.7,0.37
3467.5,0.35
3469.2,0.37
3470.9,0.37
3472.6,0.37
3474.2,0.39
3475.9,0.37
3477.5,0.39
3479.1,0.39
3480.7,0.39
3482.3,0.39
3484.0,0.37
3485.6,0.39
3487.2,0.39
3488.7,0.42
3490.3,0.39
3491.9,0.39
3493.6,0.37
3495.2,0.39
3496.9,0.37
3498.6,0.37
3500.2,0.39
3501.9,0.37
3503.6,0.37
3505.2,0.39
3506.9,0.37
3508.5,0.39
3510.1,0.39
3511.8,0.37
3513.4,0.39
3515.1,0.37
3516.7,0.39
3518.4,0.37
3520.0,0.39
3521.7,0.37
3523.4,0.37
3525.2,0.35
3526.9,0.37
3528.6,0.37
3530.3,0.37
3532.0,0.37
3533.7,0.37
3535.5,0.35
3537.2,0.37
3539.0,0.35
3540.7,0.37
3542.4,0.37
3544.1,0.37
3545.8,0.37
3547.5,0.37
3549.2,0.37
3550.9,0.37
3552.7,0.35
3554.5,0.35
3556.2,0.37
3558.0,0.35
3559.8,0.35
3561.6,0.35
3563.3,0.37
3565.0,0.37
3566.8,0.35
3568.5,0.37
3570.3,0.35
3572.1,0.35
3573.8,0.37
3575.6,0.35
3577.4,0.35
3579.1,0.37
3580.8,0.37
3582.6,0.35
3584.3,0.37
3586.0,0.37
3587.8,0.35
3589.6,0.35
3591.2,0.39
3593.0,0.35
3594.7,0.37
3596.4,0.37
3598.2,0.35
3599.9,0.37
3601.7,0.35
3603.5,0.35
3605.2,0.37
3607.1,0.33
3608.8,0.37
3610.6,0.35
3612.4,0.35
3614.2,0.35
3616.1,0.33
3617.9,0.35
3619.7,0.35
3621.4,0.37
3623.2,0.35
3624.9,0.37
3626.7,0.35
3628.4,0.37
3630.2,0.35
3632.0,0.35
3633.7,0.37
3635.4,0.37
3637.2,0.35
3638.9,0.37
3640.7,0.35
3642.3,0.39
3644.0,0.37
3645.7,0.37
3647.4,0.37
3649.1,0.37
3650.8,0.37
3652.4,0.39
3654.2,0.35
3655.9,0.37
3657.6,0.37
3659.3,0.37
3661.0,0.37
3662.7,0.37
3664.4,0.37
3666.1,0.37
3667.7,0.39
3669.4,0.37
3671.2,0.35
3672.9,0.37
3674.6,0.37
3676.3,0.37
3678.0,0.37
3679.7,0.37
3681.4,0.37
3683.1,0.37
3684.9,0.35
3686.6,0.37
3688.3,0.37
3690.0,0.37
3691.8,0.35
3693.4,0.39
3695.2,0.35
3697.0,0.35
3698.7,0.37
3700.5,0.35
3702.2,0.37
3704.0,0.35
3705.8,0.35
3707.5,0.37
3709.2,0.37
3710.9,0.37
3712.6,0.37
3714.3,0.37
3716.1,0.35
3718.3,0.29
3720.5,0.29
3722.7,0.29
3724.9,0.29
3727.0,0.30
3729.1,0.30
3731.1,0.31
3733.1,0.31
3735.0,0.33
3736.9,0.33
3738.9,0.31
3740.9,0.31
3743.1,0.29
3745.2,0.30
3747.2,0.31
3749.2,0.31
3751.2,0.31
3753.1,0.33
3755.0,0.33
3757.0,0.31
3759.0,0.31
3760.9,0.33
3762.9,0.31
3765.0,0.30
3767.0,0.31
3769.0,0.31
3770.9,0.33
3772.9,0.31
3774.8,0.33
3776.6,0.35
3778.4,0.35
3780.2,0.35
3782.0,0.35
3783.7,0.37
3785.4,0.37
3787.2,0.35
3788.9,0.37
3790.7,0.35
3792.4,0.37
3794.1,0.37
3795.8,0.37
3797.6,0.35
3799.3,0.37
3801.0,0.37
3802.7,0.37
3804.4,0.37
3806.1,0.37
3807.7,0.39
3809.4,0.37
3811.2,0.35
3812.9,0.37
3814.6,0.37
3816.2,0.39
3817.9,0.37
3819.6,0.37
3821.3,0.37
3823.1,0.35
3824.9,0.35
3826.6,0.37
3828.3,0.37
3830.0,0.37
3831.8,0.35
3833.5,0.37
3835.3,0.35
3837.0,0.37
3838.8,0.35
3840.5,0.37
3842.2,0.37
3843.9,0.37
3845.7,0.35
3847.4,0.37
3849.2,0.35
3851.0,0.35
3852.8,0.35
3854.6,0.35
3856.3,0.37
3858.1,0.35
3859.8,0.37
3861.6,0.35
3863.3,0.37
3865.0,0.37
3866.8,0.35
3868.5,0.37
3870.3,0.35
3872.0,0.37
3873.7,0.37
3875.4,0.37
3877.1,0.37
3878.8,0.37
3880.5,0.37
3882.2,0.37
3883.9,0.37
3885.6,0.37
3887.4,0.35
3889.1,0.37
3890.8,0.37
3892.6,0.35
3894.3,0.37
3896.1,0.35
3897.9,0.35
3899.7,0.35
3901.5,0.35
3903.3,0.35
3905.0,0.37
3906.8,0.35
3908.5,0.37
3910.2,0.37
3912.0,0.35
3913.8,0.35
3915.6,0.35
3917.4,0.35
3919.1,0.37
3920.8,0.37
3922.6,0.35
3924.3,0.37
3926.1,0.35
3927.8,0.37
3929.5,0.37
3931.2,0.37
3933.0,0.35
3934.8,0.35
3936.6,0.35
3938.4,0.35
3940.1,0.37
3941.9,0.35
3943.6,0.37
3945.3,0.37
3947.0,0.37
3948.8,0.35
3950.6,0.35
3952.3,0.37
3954.1,0.35
3955.8,0.37
3957.6,0.35
3959.3,0.37
3961.0,0.37
3962.8,0.35
3964.6,0.35
3966.3,0.37
3968.1,0.35
3969.9,0.35
3971.6,0.37
3973.3,0.37
3975.1,0.35
3976.9,0.35
3978.7,0.35
3980.4,0.37
3982.1,0.37
3983.9,0.35
3985.6,0.37
3987.3,0.37
3989.1,0.35
3990.9,0.35
3992.7,0.35
3994.5,0.35
3996.3,0.35
3998.2,0.33
4000.1,0.33
4001.8,0.37
4003.6,0.35
4005.3,0.37
4007.0,0.37
4008.8,0.35
4010.5,0.37
4012.3,0.35
4014.1,0.35
4015.9,0.35
4017.7,0.35
4019.6,0.33
4021.4,0.35
4023.3,0.33
4025.2,0.33
4027.0,0.35
4028.8,0.35
4030.6,0.35
4032.3,0.37
4034.1,0.35
4035.9,0.35
4037.6,0.37
4039.5,0.33
4041.3,0.35
4043.2,0.33
4045.0,0.35
4046.8,0.35
4048.5,0.37
4050.3,0.35
4052.1,0.35
4053.9,0.35
4055.8,0.33
4057.7,0.33
4059.6,0.33
4061.4,0.35
4063.2,0.35
4064.9,0.37
4066.7,0.35
4068.5,0.35
4070.3,0.35
4072.1,0.35
4073.9,0.35
4075.7,0.35
4077.5,0.35
4079.3,0.35
4081.1,0.35
4082.8,0.37
4084.6,0.35
4086.4,0.35
4088.2,0.35
4090.0,0.35
4091.8,0.35
4093.7,0.33
4095.5,0.35
4097.3,0.35
4099.1,0.35
4100.9,0.35
4102.6,0.37
4104.2,0.39
4105.9,0.37
4107.6,0.37
4109.4,0.35
4111.2,0.35
4113.0,0.35
4114.7,0.37
4116.5,0.35
4118.2,0.37
4120.0,0.35
4121.8,0.35
4123.6,0.35
4125.4,0.35
4127.2,0.35
4129.1,0.33
4131.0,0.33
4132.9,0.33
4134.7,0.35
4136.5,0.35
4138.3,0.35
4140.0,0.37
4141.7,0.37
4143.5,0.35
4145.3,0.35
4147.1,0.35
4148.9,0.35
4150.7,0.35
4152.5,0.35
4154.3,0.35
4156.0,0.37
4157.8,0.35
4159.7,0.33
4161.5,0.35
4163.3,0.35
4165.1,0.35
4167.0,0.33
4168.9,0.33
4170.7,0.35
4172.6,0.33
4174.4,0.35
4176.3,0.33
4178.1,0.35
4179.9,0.35
4181.7,0.35
4183.4,0.37
4185.2,0.35
4186.9,0.37
4188.7,0.35
4190.4,0.37
4192.2,0.35
4193.9,0.37
4195.6,0.37
4197.3,0.37
4199.1,0.35
4200.9,0.35
4202.6,0.37
4204.4,0.35
4206.1,0.37
4207.9,0.35
4209.6,0.37
4211.4,0.35
4213.1,0.37
4215.0,0.33
4216.9,0.33
4218.8,0.33
4220.7,0.33
4222.5,0.35
4224.3,0.35
4226.1,0.35
4227.9,0.35
4229.7,0.35
4231.6,0.33
4233.5,0.33
4235.4,0.33
4237.2,0.35
4239.1,0.33
4241.0,0.33
4243.0,0.31
4244.9,0.33
4246.8,0.33
4248.8,0.31
4250.8,0.31
4252.9,0.30
4254.9,0.31
4256.9,0.31
4258.9,0.31
4260.8,0.33
4262.8,0.31
4264.6,0.35
4266.5,0.33
4268.3,0.35
4270.2,0.33
4272.0,0.35
4273.9,0.33
4275.8,0.33
4277.6,0.35
4279.5,0.33
4281.4,0.33
4283.3,0.33
4285.3,0.31
4287.1,0.35
4289.1,0.31
4290.9,0.35
4292.9,0.31
4294.8,0.33
4296.7,0.33
4298.6,0.33
4300.4,0.35
4302.2,0.35
4304.1,0.33
4305.9,0.35
4307.8,0.33
4309.8,0.31
4312.0,0.29
4314.2,0.29
4316.4,0.29
4318.5,0.30
4320.5,0.31
4322.5,0.31
4324.6,0.30
4326.8,0.29
4328.9,0.30
4331.0,0.30
4333.1,0.30
4335.1,0.31
4337.1,0.31
4339.0,0.33
4340.9,0.33
4342.9,0.31
4344.9,0.31
4347.0,0.30
4349.0,0.31
4351.0,0.31
4353.1,0.30
4355.1,0.31
4357.2,0.30
4359.5,0.27
4362.2,0.23
4364.7,0.25
4367.0,0.27
4369.2,0.29
4371.3,0.30
4373.4,0.30
4375.6,0.29
4377.7,0.30
4379.7,0.31
4381.8,0.30
4383.9,0.30
4386.0,0.30
4388.0,0.31
4389.9,0.33
4391.9,0.31
4393.9,0.31
4395.8,0.33
4397.8,0.31
4399.7,0.33
4401.6,0.33
4403.4,0.35
4405.3,0.33
4407.1,0.35
4408.9,0.35
4410.8,0.33
4412.9,0.30
4415.0,0.30
4417.1,0.30
4419.2,0.30
4421.3,0.30
4423.3,0.31
4425.3,0.31
4427.3,0.31
4429.2,0.33
4431.1,0.33
4433.0,0.33
4434.9,0.33
4436.7,0.35
4438.6,0.33
4440.4,0.35
4442.2,0.35
4444.1,0.33
4445.9,0.35
4447.8,0.33
4449.6,0.35
4451.4,0.35
4453.2,0.35
4455.1,0.33
4456.9,0.35
4458.7,0.35
4460.5,0.35
4462.3,0.35
4464.1,0.35
4466.0,0.33
4467.9,0.33
4469.7,0.35
4471.6,0.33
4473.5,0.33
4475.3,0.35
4477.2,0.33
4479.0,0.35
4480.8,0.35
4482.6,0.35
4484.5,0.33
4486.4,0.33
4488.2,0.35
4490.0,0.35
4491.9,0.33
4493.6,0.37
4495.4,0.35
4497.1,0.37
4498.8,0.37
4500.5,0.37
4502.2,0.37
4503.9,0.37
4505.6,0.37
4507.4,0.35
4509.1,0.37
4510.9,0.35
4512.7,0.35
4514.6,0.33
4516.4,0.35
4518.2,0.35
4520.1,0.33
4521.9,0.35
4523.6,0.37
4525.4,0.35
4527.2,0.35
4529.0,0.35
4530.8,0.35
4532.5,0.37
4534.3,0.35
4536.0,0.37
4537.7,0.37
4539.5,0.35
4541.3,0.35
4543.1,0.35
4544.9,0.35
4546.6,0.37
4548.4,0.35
4550.2,0.35
4552.1,0.33
4553.9,0.35
4555.8,0.33
4557.6,0.35
4559.4,0.35
4561.2,0.35
4562.9,0.37
4564.6,0.37
4566.3,0.37
4568.1,0.35
4569.8,0.37
4571.5,0.37
4573.3,0.35
4575.0,0.37
4576.7,0.37
4578.5,0.35
4580.3,0.35
4582.1,0.35
4583.8,0.37
4585.6,0.35
4587.4,0.35
4589.3,0.33
4591.1,0.35
4593.0,0.33
4594.8,0.35
4596.7,0.33
4598.5,0.35
4600.3,0.35
4602.1,0.35
4603.8,0.37
4605.5,0.37
4607.2,0.37
4608.9,0.37
4610.6,0.37
4612.4,0.35
4614.1,0.37
4615.9,0.35
4617.7,0.35
4619.4,0.37
4621.1,0.37
4622.8,0.37
4624.6,0.35
4626.4,0.35
4628.2,0.35
4630.0,0.35
4631.7,0.37
4633.5,0.35
4635.2,0.37
4637.0,0.35
4638.8,0.35
4640.6,0.35
4642.5,0.33
4644.3,0.35
4646.1,0.35
4647.9,0.35
4649.6,0.37
4651.3,0.37
4653.1,0.35
4654.8,0.37
4656.5,0.37
4658.2,0.37
4659.8,0.39
4661.5,0.37
4663.2,0.37
4664.9,0.37
4666.6,0.37
4668.4,0.35
4670.1,0.37
4671.8,0.37
4673.6,0.35
4675.3,0.37
4677.0,0.37
4678.7,0.37
4680.3,0.39
4681.9,0.39
4683.6,0.37
4685.3,0.37
4687.1,0.35
4688.8,0.37
4690.5,0.37
4692.2,0.37
4694.0,0.35
4695.8,0.35
4697.6,0.35
4699.4,0.35
4701.2,0.35
4703.0,0.35
4704.9,0.33
4706.6,0.37
4708.4,0.35
4710.2,0.35
4711.9,0.37
4713.7,0.35
4715.4,0.37
4717.1,0.37
4718.9,0.35
4720.6,0.37
4722.3,0.37
4724.0,0.37
4725.7,0.37
4727.4,0.37
4729.2,0.35
4730.9,0.37
4732.7,0.35
4734.5,0.35
4736.3,0.35
4738.0,0.37
4739.6,0.39
4741.4,0.35
4743.1,0.37
4744.8,0.37
4746.6,0.35
4748.5,0.33
4750.7,0.29
4752.9,0.29
4755.0,0.30
4757.1,0.30
4759.3,0.29
4761.5,0.29
4763.6,0.30
4765.6,0.31
4767.7,0.30
4769.8,0.30
4771.7,0.33
4773.6,0.33
4775.6,0.31
4778.0,0.26
4780.4,0.26
4782.6,0.29
4784.6,0.31
4786.6,0.31
4788.6,0.31
4790.7,0.30
4792.8,0.30
4794.8,0.31
4796.9,0.30
4798.8,0.33
4800.7,0.33
4802.6,0.33
4804.6,0.31
4806.5,0.33
4808.5,0.31
4810.6,0.30
4812.7,0.30
4814.8,0.30
4816.8,0.31
4818.7,0.33
4820.6,0.33
4822.4,0.35
4824.1,0.37
4825.9,0.35
4827.6,0.37
4829.3,0.37
4830.9,0.39
4832.7,0.35
4834.4,0.37
4836.2,0.35
4838.1,0.33
4839.9,0.35
4841.7,0.35
4843.4,0.37
4845.2,0.35
4847.0,0.35
4848.7,0.37
4850.4,0.37
4852.1,0.37
4853.8,0.37
4855.6,0.35
4857.3,0.37
4859.0,0.37
4860.7,0.37
4862.5,0.35
4864.3,0.35
4866.0,0.37
4867.8,0.35
4869.6,0.35
4871.4,0.35
4873.2,0.35
4874.9,0.37
4876.7,0.35
4878.4,0.37
4880.2,0.35
4881.9,0.37
4883.6,0.37
4885.2,0.39
4886.9,0.37
4888.6,0.37
4890.2,0.39
4891.9,0.37
4893.6,0.37
4895.4,0.35
4897.1,0.37
4898.8,0.37
4900.6,0.35
4902.4,0.35
4904.1,0.37
4905.9,0.35
4907.6,0.37
4909.2,0.39
4910.9,0.37
4912.7,0.35
4914.4,0.37
4916.1,0.37
4917.9,0.35
4919.6,0.37
4921.2,0.39
4922.9,0.37
4924.6,0.37
4926.3,0.37
4927.9,0.39
4929.6,0.37
4931.3,0.37
4933.0,0.37
4934.7,0.37
4936.4,0.37
4938.2,0.35
4939.9,0.37
4941.6,0.37
4943.3,0.37
4945.1,0.35
4946.7,0.39
4948.4,0.37
4950.1,0.37
4951.8,0.37
4953.5,0.37
4955.1,0.39
4956.8,0.37
4958.5,0.37
4960.2,0.37
4961.8,0.39
4963.5,0.37
4965.2,0.37
4966.9,0.37
4968.5,0.39
4970.2,0.37
4971.8,0.39
4973.6,0.35
4975.4,0.35
4977.2,0.35
4979.0,0.35
4980.8,0.35
4982.6,0.35
4984.3,0.37
4985.9,0.39
4987.6,0.37
4989.3,0.37
4990.9,0.39
4992.6,0.37
4994.2,0.39
4995.9,0.37
4997.6,0.37
4999.3,0.37
5001.0,0.37
5002.7,0.37
5004.3,0.39
5006.0,0.37
5007.6,0.39
5009.2,0.39
5010.8,0.39
5012.5,0.37
5014.1,0.39
5015.8,0.37
5017.4,0.39
5019.1,0.37
5020.7,0.39
5022.3,0.39
5024.0,0.37
5025.7,0.37
5027.4,0.37
5029.1,0.37
5030.8,0.37
5032.5,0.37
5034.2,0.37
5036.0,0.35
5037.7,0.37
5039.4,0.37
5041.0,0.39
5042.7,0.37
5044.4,0.37
5046.0,0.39
5047.7,0.37
5049.4,0.37
5051.1,0.37
5052.8,0.37
5054.4,0.39
5056.1,0.37
5057.9,0.35
5059.6,0.37
5061.3,0.37
5063.0,0.37
5064.7,0.37
5066.4,0.37
5068.1,0.37
5069.8,0.37
5071.5,0.37
5073.1,0.39
5074.8,0.37
5076.4,0.39
5078.1,0.37
5079.8,0.37
5081.4,0.39
5083.0,0.39
5084.6,0.39
5086.3,0.37
5087.9,0.39
5089.6,0.37
5091.2,0.39
5092.8,0.39
5094.4,0.39
5096.0,0.39
5097.7,0.37
5099.3,0.39
5100.9,0.39
5102.6,0.37
5104.3,0.37
5105.9,0.39
5107.6,0.37
5109.2,0.39
5110.8,0.39
5112.4,0.39
5114.0,0.39
5115.6,0.39
5117.3,0.37
5119.2,0.33
5121.4,0.29
5123.6,0.29
5125.7,0.30
5127.8,0.30
5129.8,0.31
5131.7,0.33
5133.7,0.31
5135.7,0.31
5137.7,0.31
5139.6,0.33
5141.6,0.31
5143.6,0.31
5145.6,0.31
5147.6,0.31
5149.6,0.31
5151.6,0.31
5153.6,0.31
5155.6,0.31
5157.4,0.35
5159.3,0.33
5161.2,0.33
5163.0,0.35
5164.8,0.35
5166.6,0.35
5168.3,0.37
5170.1,0.35
5171.8,0.37
5173.5,0.37
5175.2,0.37
5176.9,0.37
5178.6,0.37
5180.4,0.35
5182.1,0.37
5183.9,0.35
5185.7,0.35
5187.5,0.35
5189.3,0.35
5191.1,0.35
5192.9,0.35
5194.6,0.37
5196.4,0.35
5198.1,0.37
5199.8,0.37
5201.5,0.37
5203.2,0.37
5204.9,0.37
5206.6,0.37
5208.3,0.37
5210.0,0.37
5211.7,0.37
5213.4,0.37
5215.1,0.37
5216.8,0.37
5218.4,0.39
5220.1,0.37
5221.8,0.37
5223.4,0.39
5225.1,0.37
5226.8,0.37
5228.5,0.37
5230.2,0.37
5231.9,0.37
5233.7,0.35
5235.4,0.37
5237.2,0.35
5239.0,0.35
5240.7,0.37
5242.4,0.37
5244.1,0.37
5245.8,0.37
5247.5,0.37
5249.3,0.35
5251.1,0.35
5252.8,0.37
5254.5,0.37
5256.3,0.35
5258.0,0.37
5259.8,0.35
5261.5,0.37
5263.2,0.37
5264.8,0.39
5266.5,0.37
5268.2,0.37
5269.9,0.37
5271.6,0.37
5273.3,0.37
5275.0,0.37
5276.7,0.37
5278.4,0.37
5280.1,0.37
5281.8,0.37
5283.4,0.39
5285.1,0.37
5286.8,0.37
5288.4,0.39
5290.1,0.37
5291.8,0.37
5293.5,0.37
5295.2,0.37
5296.9,0.37
5298.6,0.37
5300.3,0.37
5302.0,0.37
5303.6,0.39
5305.2,0.39
5306.9,0.37
5308.5,0.39
5310.1,0.39
5311.8,0.37
5313.4,0.39
5315.2,0.35
5316.9,0.37
5318.6,0.37
5320.3,0.37
5322.0,0.37
5323.8,0.35
5325.5,0.37
5327.2,0.37
5328.9,0.37
5330.6,0.37
5332.2,0.39
5333.9,0.37
5335.7,0.35
5337.4,0.37
5339.1,0.37
5340.8,0.37
5342.5,0.37
5344.2,0.37
5345.8,0.39
5347.5,0.37
5349.2,0.37
5350.9,0.37
5352.7,0.35
5354.4,0.37
5356.2,0.35
5358.0,0.35
5359.8,0.35
5361.6,0.35
5363.3,0.37
5365.0,0.37
5366.7,0.37
5368.4,0.37
5370.1,0.37
5371.9,0.35
5373.6,0.37
5375.3,0.37
5377.0,0.37
5378.7,0.37
5380.4,0.37
5382.2,0.35
5383.9,0.37
5385.6,0.37
5387.3,0.37
5389.0,0.37
5390.6,0.39
5392.2,0.39
5393.9,0.37
5395.6,0.37
5397.3,0.37
0.0,0.00
