1.9,0.48
3.2,0.48
4.4,0.52
5.7,0.48
7.0,0.48
8.4,0.45
9.9,0.42
11.5,0.39
13.1,0.39
14.8,0.37
16.4,0.39
18.1,0.37
19.8,0.37
21.5,0.37
23.2,0.37
25.0,0.35
26.7,0.37
28.5,0.35
30.3,0.35
32.0,0.37
33.9,0.33
35.6,0.37
37.3,0.37
38.9,0.39
40.5,0.39
42.1,0.39
43.6,0.42
45.2,0.39
46.8,0.39
48.4,0.39
50.0,0.39
51.7,0.37
53.3,0.39
55.0,0.37
56.6,0.39
58.3,0.37
60.0,0.37
61.7,0.37
63.4,0.37
65.1,0.37
66.8,0.37
68.4,0.39
70.0,0.39
71.6,0.39
73.2,0.39
74.8,0.39
76.3,0.42
77.9,0.39
79.5,0.39
81.0,0.42
82.6,0.39
84.2,0.39
85.8,0.39
87.4,0.39
89.0,0.39
90.7,0.37
92.3,0.39
94.0,0.37
95.6,0.39
97.3,0.37
99.0,0.37
100.8,0.35
102.5,0.37
104.3,0.35
106.1,0.35
107.9,0.35
109.6,0.37
111.4,0.35
113.1,0.37
114.9,0.35
116.6,0.37
118.3,0.37
120.0,0.37
121.8,0.35
123.5,0.37
125.3,0.35
127.0,0.37
128.8,0.35
130.6,0.35
132.3,0.37
134.1,0.35
135.8,0.37
137.5,0.37
139.2,0.37
140.9,0.37
142.7,0.35
144.4,0.37
146.1,0.37
147.8,0.37
149.5,0.37
151.2,0.37
152.8,0.39
154.5,0.37
156.2,0.37
157.8,0.39
159.5,0.37
161.1,0.39
162.8,0.37
164.4,0.39
166.0,0.39
167.6,0.39
169.2,0.39
170.8,0.39
172.4,0.39
174.0,0.39
175.7,0.37
177.4,0.37
179.0,0.39
180.7,0.37
182.3,0.39
184.0,0.37
185.6,0.39
187.2,0.39
188.8,0.39
190.3,0.42
191.9,0.39
193.6,0.37
195.2,0.39
196.9,0.37
198.5,0.39
200.2,0.37
201.8,0.39
203.5,0.37
205.1,0.39
206.7,0.39
208.4,0.37
210.1,0.37
211.7,0.39
213.4,0.37
215.1,0.37
216.8,0.37
218.5,0.37
220.1,0.39
221.8,0.37
223.3,0.42
224.9,0.39
226.5,0.39
228.2,0.37
229.9,0.37
231.6,0.37
233.3,0.37
235.0,0.37
236.7,0.37
238.5,0.35
240.3,0.35
242.1,0.35
243.8,0.37
245.5,0.37
247.3,0.35
249.0,0.37
250.8,0.35
252.6,0.35
254.4,0.35
256.2,0.35
257.9,0.37
259.7,0.35
261.5,0.35
263.2,0.37
265.0,0.35
266.8,0.35
268.5,0.37
270.3,0.35
272.1,0.35
273.9,0.35
275.7,0.35
277.5,0.35
279.3,0.35
281.0,0.37
282.7,0.37
284.4,0.37
286.1,0.37
287.9,0.35
289.5,0.39
291.2,0.37
292.9,0.37
294.6,0.37
296.4,0.35
298.2,0.35
300.1,0.33
301.9,0.35
303.8,0.33
305.6,0.35
307.4,0.35
309.1,0.37
310.7,0.39
312.4,0.37
314.1,0.37
315.9,0.35
317.6,0.37
319.4,0.35
321.1,0.37
322.9,0.35
324.6,0.37
326.3,0.37
328.0,0.37
329.7,0.37
331.4,0.37
333.1,0.37
334.8,0.37
336.6,0.35
338.4,0.35
340.2,0.35
342.0,0.35
343.8,0.35
345.6,0.35
347.4,0.35
349.3,0.33
351.1,0.35
352.9,0.35
354.8,0.33
356.6,0.35
358.4,0.35
360.2,0.35
362.1,0.33
363.9,0.35
365.7,0.35
367.4,0.37
369.2,0.35
370.9,0.37
372.6,0.37
374.3,0.37
376.0,0.37
377.7,0.37
379.5,0.35
381.3,0.35
383.1,0.35
384.8,0.37
386.5,0.37
388.2,0.37
389.9,0.37
391.6,0.37
393.4,0.35
395.1,0.37
396.8,0.37
398.5,0.37
400.2,0.37
401.9,0.37
403.7,0.35
405.4,0.37
407.1,0.37
408.8,0.37
410.4,0.39
412.0,0.39
413.6,0.39
415.2,0.39
416.9,0.37
418.6,0.37
420.2,0.39
421.9,0.37
423.5,0.39
425.2,0.37
427.0,0.35
428.7,0.37
430.5,0.35
432.2,0.37
433.9,0.37
435.7,0.35
437.4,0.37
439.2,0.35
441.0,0.35
442.7,0.37
444.5,0.35
446.4,0.33
448.3,0.33
450.1,0.35
451.9,0.35
453.7,0.35
455.5,0.35
457.4,0.33
459.2,0.35
461.1,0.33
462.9,0.35
464.8,0.33
466.6,0.35
468.5,0.33
470.3,0.35
472.1,0.35
473.9,0.35
475.6,0.37
477.4,0.35
479.2,0.35
480.9,0.37
482.7,0.35
484.4,0.37
486.1,0.37
487.8,0.37
489.5,0.37
491.2,0.37
493.0,0.35
494.8,0.35
496.6,0.35
498.4,0.35
500.1,0.37
501.9,0.35
503.7,0.35
505.5,0.35
507.3,0.35
509.0,0.37
510.8,0.35
512.5,0.37
514.2,0.37
515.9,0.37
517.6,0.37
519.3,0.37
521.0,0.37
522.6,0.39
524.3,0.37
526.0,0.37
527.8,0.35
529.5,0.37
531.2,0.37
532.9,0.37
534.7,0.35
536.5,0.35
538.3,0.35
540.0,0.37
541.8,0.35
543.5,0.37
545.2,0.37
547.0,0.35
548.8,0.35
550.5,0.37
552.2,0.37
553.8,0.39
555.5,0.37
557.1,0.39
558.8,0.37
560.4,0.39
562.1,0.37
563.8,0.37
565.5,0.37
567.3,0.35
569.1,0.35
571.0,0.33
572.8,0.35
574.5,0.37
576.1,0.39
577.8,0.37
579.4,0.39
581.0,0.39
582.6,0.39
584.2,0.39
585.9,0.37
587.5,0.39
589.0,0.42
590.6,0.39
592.2,0.39
593.9,0.37
595.5,0.39
597.2,0.37
599.0,0.35
600.8,0.35
602.5,0.37
604.3,0.35
606.0,0.37
607.8,0.35
609.5,0.37
611.2,0.37
612.8,0.39
614.5,0.37
616.2,0.37
618.0,0.35
619.7,0.37
621.5,0.35
623.2,0.37
624.9,0.37
626.6,0.37
628.3,0.37
630.0,0.37
631.8,0.35
633.5,0.37
635.2,0.37
636.9,0.37
638.6,0.37
640.3,0.37
642.0,0.37
643.7,0.37
645.4,0.37
647.0,0.39
648.7,0.37
650.3,0.39
652.0,0.37
653.6,0.39
655.3,0.37
657.0,0.37
658.6,0.39
660.3,0.37
662.0,0.37
663.7,0.37
665.4,0.37
667.1,0.37
668.9,0.35
670.6,0.37
672.3,0.37
674.0,0.37
675.8,0.35
677.5,0.37
679.2,0.37
680.9,0.37
682.6,0.37
684.3,0.37
686.0,0.37
687.7,0.37
689.3,0.39
691.0,0.37
692.6,0.39
694.0,0.45
695.5,0.42
696.8,0.48
698.2,0.45
699.6,0.45
700.9,0.48
702.3,0.45
703.6,0.48
705.0,0.45
706.3,0.48
707.7,0.45
709.1,0.45
710.5,0.45
711.9,0.45
713.3,0.45
714.7,0.45
716.1,0.45
717.6,0.42
719.0,0.45
720.4,0.45
721.8,0.45
723.2,0.45
724.6,0.45
726.1,0.42
727.5,0.45
729.0,0.42
730.5,0.42
732.0,0.42
733.5,0.42
735.0,0.42
736.5,0.42
738.0,0.42
739.5,0.42
741.1,0.39
742.6,0.42
744.2,0.39
745.8,0.39
747.3,0.42
748.9,0.39
750.5,0.39
752.2,0.37
753.8,0.39
755.4,0.39
757.1,0.37
758.7,0.39
760.4,0.37
762.0,0.39
763.7,0.37
765.4,0.37
767.1,0.37
768.8,0.37
770.5,0.37
772.2,0.37
773.9,0.37
775.6,0.37
777.3,0.37
779.0,0.37
780.7,0.37
782.4,0.37
784.1,0.37
785.8,0.37
787.5,0.37
789.1,0.39
790.8,0.37
792.5,0.37
794.3,0.35
796.0,0.37
797.7,0.37
799.4,0.37
801.1,0.37
802.8,0.37
804.5,0.37
806.2,0.37
807.9,0.37
809.5,0.39
811.2,0.37
812.9,0.37
814.6,0.37
816.4,0.35
818.1,0.37
819.8,0.37
821.5,0.37
823.2,0.37
825.0,0.35
826.7,0.37
828.4,0.37
830.1,0.37
831.9,0.35
833.7,0.35
835.5,0.35
837.2,0.37
838.9,0.37
840.6,0.37
842.3,0.37
844.0,0.37
845.8,0.35
847.5,0.37
849.2,0.37
851.0,0.35
852.8,0.35
854.5,0.37
856.3,0.35
858.0,0.37
859.7,0.37
861.5,0.35
863.2,0.37
864.9,0.37
866.6,0.37
868.3,0.37
870.0,0.37
871.8,0.35
873.6,0.35
875.3,0.37
877.0,0.37
878.8,0.35
880.5,0.37
882.2,0.37
884.0,0.35
885.7,0.37
887.4,0.37
889.1,0.37
890.9,0.35
892.6,0.37
894.3,0.37
896.0,0.37
897.8,0.35
899.5,0.37
901.3,0.35
903.0,0.37
904.8,0.35
906.5,0.37
908.3,0.35
910.0,0.37
911.8,0.35
913.5,0.37
915.3,0.35
917.1,0.35
918.8,0.37
920.6,0.35
922.3,0.37
924.0,0.37
925.8,0.35
927.5,0.37
929.2,0.37
930.9,0.37
932.6,0.37
934.4,0.35
936.1,0.37
937.8,0.37
939.5,0.37
941.2,0.37
942.9,0.37
944.6,0.37
946.4,0.35
948.1,0.37
949.8,0.37
951.6,0.35
953.4,0.35
955.1,0.37
956.9,0.35
958.6,0.37
960.4,0.35
962.2,0.35
964.0,0.35
965.7,0.37
967.5,0.35
969.2,0.37
971.0,0.35
972.7,0.37
974.4,0.37
976.0,0.39
977.7,0.37
979.4,0.37
981.1,0.37
982.8,0.37
984.5,0.37
986.2,0.37
988.0,0.35
989.7,0.37
991.5,0.35
993.3,0.35
995.0,0.37
996.8,0.35
998.5,0.37
1000.3,0.35
1002.1,0.35
1003.9,0.35
1005.6,0.37
1007.4,0.35
1009.2,0.35
1010.9,0.37
1012.7,0.35
1014.5,0.35
1016.4,0.33
1018.2,0.35
1020.0,0.35
1021.7,0.37
1023.5,0.35
1025.3,0.35
1027.1,0.35
1028.9,0.35
1030.7,0.35
1032.5,0.35
1034.3,0.35
1036.2,0.33
1038.0,0.35
1039.8,0.35
1041.6,0.35
1043.4,0.35
1045.2,0.35
1047.0,0.35
1048.8,0.35
1050.6,0.35
1052.4,0.35
1054.1,0.37
1055.9,0.35
1057.7,0.35
1059.4,0.37
1061.2,0.35
1063.0,0.35
1064.8,0.35
1066.6,0.35
1068.3,0.37
1070.1,0.35
1071.8,0.37
1073.6,0.35
1075.3,0.37
1077.1,0.35
1078.9,0.35
1080.7,0.35
1082.5,0.35
1084.3,0.35
1086.1,0.35
1088.0,0.33
1089.8,0.35
1091.6,0.35
1093.5,0.33
1095.3,0.35
1097.1,0.35
1098.9,0.35
1100.7,0.35
1102.6,0.33
1104.4,0.35
1106.2,0.35
1107.9,0.37
1109.7,0.35
1111.4,0.37
1113.1,0.37
1114.8,0.37
1116.5,0.37
1118.2,0.37
1119.9,0.37
1121.7,0.35
1123.4,0.37
1125.2,0.35
1127.0,0.35
1128.8,0.35
1130.6,0.35
1132.5,0.33
1134.3,0.35
1136.1,0.35
1137.9,0.35
1139.7,0.35
1141.5,0.35
1143.3,0.35
1145.1,0.35
1146.9,0.35
1148.7,0.35
1150.5,0.35
1152.3,0.35
1154.1,0.35
1155.9,0.35
1157.7,0.35
1159.5,0.35
1161.3,0.35
1163.1,0.35
1164.8,0.37
1166.5,0.37
1168.3,0.35
1170.0,0.37
1171.7,0.37
1173.4,0.37
1175.2,0.35
1177.0,0.35
1178.8,0.35
1180.5,0.37
1182.3,0.35
1184.0,0.37
1185.8,0.35
1187.5,0.37
1189.3,0.35
1191.0,0.37
1192.8,0.35
1194.5,0.37
1196.2,0.37
1198.0,0.35
1199.8,0.35
1201.6,0.35
1203.3,0.37
1205.1,0.35
1206.9,0.35
1208.6,0.37
1210.3,0.37
1212.1,0.35
1213.8,0.37
1215.6,0.35
1217.5,0.33
1219.3,0.35
1221.1,0.35
1223.0,0.33
1224.8,0.35
1226.7,0.33
1228.5,0.35
1230.2,0.37
1232.0,0.35
1233.9,0.33
1235.8,0.33
1237.6,0.35
1239.5,0.33
1241.5,0.31
1243.4,0.33
1245.4,0.31
1247.3,0.33
1249.2,0.33
1251.1,0.33
1253.0,0.33
1254.9,0.33
1256.7,0.35
1258.6,0.33
1260.5,0.33
1262.5,0.31
1264.4,0.33
1266.3,0.33
1268.2,0.33
1270.1,0.33
1272.1,0.31
1274.0,0.33
1276.0,0.31
1278.0,0.31
1280.0,0.31
1282.0,0.31
1283.9,0.33
1285.9,0.31
1287.8,0.33
1289.7,0.33
1291.7,0.31
1293.5,0.35
1295.4,0.33
1297.3,0.33
1299.3,0.31
1301.2,0.33
1303.2,0.31
1305.1,0.33
1306.8,0.37
1308.5,0.37
1310.1,0.39
1311.7,0.39
1313.4,0.37
1315.0,0.39
1316.6,0.39
1318.2,0.39
1319.8,0.39
1321.5,0.37
1323.1,0.39
1324.8,0.37
1326.5,0.37
1328.3,0.35
1330.1,0.35
1332.0,0.33
1333.8,0.35
1335.6,0.35
1337.3,0.37
1339.1,0.35
1340.8,0.37
1342.5,0.37
1344.1,0.39
1345.6,0.42
1347.2,0.39
1348.8,0.39
1350.4,0.39
1352.0,0.39
1353.5,0.42
1355.1,0.39
1356.7,0.39
1358.3,0.39
1359.9,0.39
1361.5,0.39
1363.2,0.37
1364.9,0.37
1366.6,0.37
1368.4,0.35
1370.1,0.37
1371.9,0.35
1373.7,0.35
1375.4,0.37
1377.2,0.35
1378.9,0.37
1380.7,0.35
1382.5,0.35
1384.3,0.35
1386.1,0.35
1387.9,0.35
1389.7,0.35
1391.5,0.35
1393.3,0.35
1395.2,0.33
1397.1,0.33
1399.1,0.31
1401.1,0.31
1403.2,0.30
1405.2,0.31
1407.3,0.30
1409.3,0.31
1411.3,0.31
1413.4,0.30
1415.4,0.31
1417.4,0.31
1419.5,0.30
1421.6,0.30
1423.8,0.29
1425.9,0.30
1427.9,0.31
1429.9,0.31
1431.9,0.31
1433.9,0.31
1435.9,0.31
1437.9,0.31
1439.9,0.31
1442.0,0.30
1444.0,0.31
1446.1,0.30
1448.1,0.31
1450.2,0.30
1452.2,0.31
1454.2,0.31
1456.2,0.31
1458.3,0.30
1460.3,0.31
1462.4,0.30
1464.4,0.31
1466.4,0.31
1468.5,0.30
1470.6,0.30
1472.6,0.31
1474.6,0.31
1476.7,0.30
1478.7,0.31
1480.7,0.31
1482.7,0.31
1484.8,0.30
1486.8,0.31
1488.9,0.30
1490.9,0.31
1493.0,0.30
1495.0,0.31
1497.1,0.30
1499.2,0.30
1501.2,0.31
1503.2,0.31
1505.2,0.31
1507.2,0.31
1509.2,0.31
1511.2,0.31
1513.3,0.30
1515.3,0.31
1517.4,0.30
1519.5,0.30
1521.6,0.30
1523.7,0.30
1525.8,0.30
1527.9,0.30
1530.0,0.30
1532.0,0.31
1533.9,0.33
1535.9,0.31
1537.9,0.31
1539.9,0.31
1541.9,0.31
1543.9,0.31
1545.9,0.31
1547.8,0.33
1549.8,0.31
1551.8,0.31
1553.8,0.31
1555.8,0.31
1557.9,0.30
1559.9,0.31
1562.0,0.30
1564.0,0.31
1565.9,0.33
1567.9,0.31
1569.9,0.31
1571.9,0.31
1573.9,0.31
1575.9,0.31
1578.0,0.30
1580.0,0.31
1582.0,0.31
1584.1,0.30
1586.2,0.30
1588.3,0.30
1590.5,0.29
1592.6,0.30
1594.7,0.30
1596.8,0.30
1598.9,0.30
1601.0,0.30
1603.1,0.30
1605.2,0.30
1607.4,0.29
1609.5,0.30
1611.5,0.31
1613.5,0.31
1615.6,0.30
1617.7,0.30
1619.7,0.31
1621.7,0.31
1623.7,0.31
1625.6,0.33
1627.6,0.31
1629.5,0.33
1631.6,0.30
1633.6,0.31
1635.7,0.30
1637.8,0.30
1639.9,0.30
1642.0,0.30
1644.1,0.30
1646.2,0.30
1648.2,0.31
1650.2,0.31
1652.2,0.31
1654.1,0.33
1656.1,0.31
1658.1,0.31
1660.1,0.31
1662.1,0.31
1664.2,0.30
1666.2,0.31
1668.3,0.30
1670.3,0.31
1672.4,0.30
1674.5,0.30
1676.6,0.30
1678.7,0.30
1680.8,0.30
1683.0,0.29
1685.1,0.30
1687.2,0.30
1689.3,0.30
1691.4,0.30
1693.5,0.30
1695.5,0.31
1697.7,0.29
1699.8,0.30
1701.9,0.30
1704.1,0.29
1706.2,0.30
1708.4,0.29
1710.5,0.30
1712.7,0.29
1714.8,0.30
1716.9,0.30
1718.9,0.31
1720.9,0.31
1723.0,0.30
1725.0,0.31
1727.1,0.30
1729.2,0.30
1731.2,0.31
1733.3,0.30
1735.3,0.31
1737.3,0.31
1739.3,0.31
1741.3,0.31
1743.4,0.30
1745.4,0.31
1747.5,0.30
1749.6,0.30
1751.7,0.30
1753.8,0.30
1755.9,0.30
1758.0,0.30
1760.1,0.30
1762.2,0.30
1764.3,0.30
1766.4,0.30
1768.5,0.30
1770.6,0.30
1772.8,0.29
1774.9,0.30
1777.0,0.30
1779.1,0.30
1781.3,0.29
1783.3,0.31
1785.4,0.30
1787.5,0.30
1789.6,0.30
1791.8,0.29
1793.9,0.30
1796.1,0.29
1798.3,0.29
1800.4,0.30
1802.5,0.30
1804.7,0.29
1806.8,0.30
1809.0,0.29
1811.2,0.29
1813.4,0.29
1815.6,0.29
1817.8,0.29
1820.0,0.29
1822.2,0.29
1824.4,0.29
1826.5,0.30
1828.6,0.30
1830.7,0.30
1832.8,0.30
1835.0,0.29
1837.1,0.30
1839.2,0.30
1841.3,0.30
1843.4,0.30
1845.5,0.30
1847.5,0.31
1849.5,0.31
1851.6,0.30
1853.6,0.31
1855.7,0.30
1857.8,0.30
1859.9,0.30
1862.1,0.29
1864.2,0.30
1866.3,0.30
1868.5,0.29
1870.7,0.29
1872.9,0.29
1875.0,0.30
1877.2,0.29
1879.4,0.29
1881.5,0.30
1883.7,0.29
1885.8,0.30
1888.0,0.29
1890.2,0.29
1892.4,0.29
1894.3,0.33
1896.0,0.37
1897.9,0.33
1899.7,0.35
1901.6,0.33
1903.6,0.31
1905.5,0.33
1907.4,0.33
1909.4,0.31
1911.4,0.31
1913.5,0.30
1915.5,0.31
1917.6,0.30
1919.6,0.31
1921.7,0.30
1923.7,0.31
1925.8,0.30
1927.9,0.30
1930.0,0.30
1932.2,0.29
1934.4,0.29
1936.6,0.29
1938.7,0.30
1940.9,0.29
1943.0,0.30
1945.1,0.30
1947.2,0.30
1949.3,0.30
1951.3,0.31
1953.4,0.30
1955.5,0.30
1957.6,0.30
1959.7,0.30
1961.7,0.31
1963.6,0.33
1965.5,0.33
1967.3,0.35
1969.1,0.35
1971.0,0.33
1972.9,0.33
1974.7,0.35
1976.6,0.33
1978.4,0.35
1980.3,0.33
1982.2,0.33
1984.1,0.33
1986.0,0.33
1987.9,0.33
1989.8,0.33
1991.6,0.35
1993.5,0.33
1995.4,0.33
1997.3,0.33
1999.4,0.30
2001.6,0.29
2003.8,0.29
2006.1,0.27
2008.3,0.29
2010.5,0.29
2012.5,0.31
2014.5,0.31
2016.4,0.33
2018.4,0.31
2020.3,0.33
2022.2,0.33
2024.1,0.33
2026.0,0.33
2027.9,0.33
2029.7,0.35
2031.7,0.31
2033.7,0.31
2035.9,0.29
2038.1,0.29
2040.3,0.29
2042.5,0.29
2044.6,0.30
2046.7,0.30
2048.8,0.30
2050.9,0.30
2053.1,0.29
2055.3,0.29
2057.5,0.29
2059.8,0.27
2062.0,0.29
2064.3,0.27
2066.5,0.29
2068.7,0.29
2070.9,0.29
2073.1,0.29
2075.3,0.29
2077.6,0.27
2079.8,0.29
2082.1,0.27
2084.4,0.27
2086.7,0.27
2089.1,0.26
2091.4,0.27
2093.8,0.26
2096.1,0.27
2098.5,0.26
2100.8,0.27
2103.2,0.26
2105.6,0.26
2108.0,0.26
2110.3,0.27
2112.5,0.29
2114.8,0.27
2117.1,0.27
2119.3,0.29
2121.5,0.29
2123.7,0.29
2126.0,0.27
2128.2,0.29
2130.5,0.27
2132.9,0.26
2135.2,0.27
2137.5,0.27
2139.8,0.27
2142.1,0.27
2144.4,0.27
2146.7,0.27
2149.1,0.26
2151.4,0.27
2153.7,0.27
2155.9,0.29
2158.1,0.29
2160.4,0.27
2162.6,0.29
2164.8,0.29
2167.1,0.27
2169.3,0.29
2171.6,0.27
2173.8,0.29
2176.1,0.27
2178.4,0.27
2180.7,0.27
2183.0,0.27
2185.2,0.29
2187.4,0.29
2189.6,0.29
2191.8,0.29
2194.1,0.27
2196.2,0.30
2198.4,0.29
2200.6,0.29
2202.8,0.29
2205.1,0.27
2207.3,0.29
2209.6,0.27
2211.8,0.29
2214.1,0.27
2216.5,0.26
2218.8,0.27
2221.2,0.26
2223.5,0.27
2225.8,0.27
2228.0,0.29
2230.2,0.29
2232.4,0.29
2234.7,0.27
2236.9,0.29
2239.2,0.27
2241.5,0.27
2243.8,0.27
2246.1,0.27
2248.4,0.27
2250.8,0.26
2253.1,0.27
2255.5,0.26
2257.8,0.27
2260.2,0.26
2262.6,0.26
2264.9,0.27
2267.2,0.27
2269.5,0.27
2271.7,0.29
2273.9,0.29
2276.1,0.29
2278.4,0.27
2280.7,0.27
2283.0,0.27
2285.3,0.27
2287.7,0.26
2290.0,0.27
2292.3,0.27
2294.7,0.26
2297.0,0.27
2299.4,0.26
2301.8,0.26
2304.3,0.25
2306.7,0.26
2309.1,0.26
2311.4,0.27
2313.7,0.27
2316.0,0.27
2318.3,0.27
2320.5,0.29
2322.8,0.27
2325.0,0.29
2327.2,0.29
2329.5,0.27
2331.7,0.29
2333.8,0.30
2335.9,0.30
2338.1,0.29
2340.3,0.29
2342.5,0.29
2344.8,0.27
2347.1,0.27
2349.4,0.27
2351.7,0.27
2354.0,0.27
2356.2,0.29
2358.5,0.27
2360.8,0.27
2363.1,0.27
2365.4,0.27
2367.6,0.29
2369.8,0.29
2372.0,0.29
2374.3,0.27
2376.6,0.27
2378.9,0.27
2381.3,0.26
2383.7,0.26
2386.0,0.27
2388.3,0.27
2390.5,0.29
2392.7,0.29
2395.0,0.27
2397.3,0.27
2399.7,0.26
2401.9,0.29
2404.1,0.29
2406.3,0.29
2408.5,0.29
2410.7,0.29
2412.8,0.30
2415.0,0.29
2417.2,0.29
2419.4,0.29
2421.7,0.27
2423.9,0.29
2426.1,0.29
2428.4,0.27
2430.6,0.29
2432.8,0.29
2435.1,0.27
2437.4,0.27
2439.7,0.27
2441.9,0.29
2444.2,0.27
2446.6,0.26
2449.0,0.26
2451.4,0.26
2453.8,0.26
2456.2,0.26
2458.7,0.25
2461.1,0.26
2463.5,0.26
2465.9,0.26
2468.2,0.27
2470.4,0.29
2472.7,0.27
2474.9,0.29
2477.1,0.29
2479.2,0.30
2481.4,0.29
2483.6,0.29
2485.9,0.27
2488.1,0.29
2490.3,0.29
2492.6,0.27
2494.8,0.29
2497.1,0.27
2499.4,0.27
2501.6,0.29
2503.8,0.29
2505.9,0.30
2507.9,0.31
2510.0,0.30
2512.1,0.30
2514.2,0.30
2516.3,0.30
2518.4,0.30
2520.6,0.29
2522.8,0.29
2525.0,0.29
2527.0,0.31
2528.9,0.33
2530.8,0.33
2532.8,0.31
2534.8,0.31
2536.8,0.31
2538.8,0.31
2540.9,0.30
2543.0,0.30
2545.1,0.30
2547.3,0.29
2549.5,0.29
2551.6,0.30
2553.8,0.29
2556.1,0.27
2558.3,0.29
2560.6,0.27
2562.9,0.27
2565.1,0.29
2567.4,0.27
2569.7,0.27
2572.1,0.26
2574.5,0.26
2576.8,0.27
2578.9,0.30
2580.9,0.31
2582.9,0.31
2584.9,0.31
2586.8,0.33
2588.8,0.31
2590.8,0.31
2592.7,0.33
2594.7,0.31
2596.7,0.31
2598.7,0.31
2600.9,0.29
2603.0,0.30
2605.0,0.31
2607.1,0.30
2609.0,0.33
2611.0,0.31
2612.9,0.33
2614.9,0.31
2616.9,0.31
2619.0,0.30
2621.3,0.27
2623.6,0.27
2626.0,0.26
2628.1,0.30
2630.2,0.30
2632.3,0.30
2634.2,0.33
2636.2,0.31
2638.2,0.31
2640.2,0.31
2642.3,0.30
2644.4,0.30
2646.6,0.29
2648.8,0.29
2651.1,0.27
2653.3,0.29
2655.7,0.26
2658.0,0.27
2660.3,0.27
2662.7,0.26
2665.1,0.26
2667.5,0.26
2669.8,0.27
2672.2,0.26
2674.6,0.26
2677.0,0.26
2679.3,0.27
2681.7,0.26
2684.1,0.26
2686.4,0.27
2688.8,0.26
2691.1,0.27
2693.6,0.25
2696.0,0.26
2698.4,0.26
2700.8,0.26
2703.3,0.25
2705.7,0.26
2707.9,0.29
2710.2,0.27
2712.4,0.29
2714.6,0.29
2716.8,0.29
2719.1,0.27
2721.4,0.27
2723.7,0.27
2725.9,0.29
2728.2,0.27
2730.5,0.27
2732.8,0.27
2735.0,0.29
2737.2,0.29
2739.5,0.27
2741.8,0.27
2744.1,0.27
2746.3,0.29
2748.4,0.30
2750.7,0.27
2753.0,0.27
2755.3,0.27
2757.6,0.27
2759.8,0.29
2762.0,0.29
2764.2,0.29
2766.5,0.27
2768.7,0.29
2771.0,0.27
2773.3,0.27
2775.6,0.27
2777.8,0.29
2780.1,0.27
2782.4,0.27
2784.7,0.27
2787.0,0.27
2789.3,0.27
2791.6,0.27
2793.9,0.27
2796.1,0.29
2798.4,0.27
2800.7,0.27
2803.0,0.27
2805.3,0.27
2807.6,0.27
2809.8,0.29
2812.1,0.27
2814.3,0.29
2816.6,0.27
2818.8,0.29
2821.1,0.27
2823.3,0.29
2825.4,0.30
2827.5,0.30
2829.6,0.30
2831.8,0.29
2833.9,0.30
2836.2,0.27
2838.4,0.29
2840.6,0.29
2842.8,0.29
2844.9,0.30
2847.1,0.29
2849.3,0.29
2851.4,0.30
2853.6,0.29
2855.7,0.30
2857.9,0.29
2860.0,0.30
2862.2,0.29
2864.3,0.30
2866.5,0.29
2868.7,0.29
2870.9,0.29
2873.1,0.29
2875.3,0.29
2877.5,0.29
2879.8,0.27
2882.0,0.29
2884.2,0.29
2886.3,0.30
2888.5,0.29
2890.6,0.30
2892.7,0.30
2894.8,0.30
2896.9,0.30
2899.0,0.30
2901.1,0.30
2903.2,0.30
2905.3,0.30
2907.5,0.29
2909.6,0.30
2911.7,0.30
2913.8,0.30
2916.0,0.29
2918.2,0.29
2920.4,0.29
2922.6,0.29
2924.8,0.29
2926.9,0.30
2929.0,0.30
2931.1,0.30
2933.2,0.30
2935.3,0.30
2937.4,0.30
2939.5,0.30
2941.7,0.29
2943.8,0.30
2945.9,0.30
2948.1,0.29
2950.2,0.30
2952.4,0.29
2954.5,0.30
2956.7,0.29
2958.8,0.30
2960.9,0.30
2963.0,0.30
2965.0,0.31
2967.1,0.30
2969.1,0.31
2971.1,0.31
2973.2,0.30
2975.3,0.30
2977.4,0.30
2979.5,0.30
2981.6,0.30
2983.7,0.30
2985.8,0.30
2987.9,0.30
2990.1,0.29
2992.2,0.30
2994.3,0.30
2996.4,0.30
2998.5,0.30
3000.6,0.30
3002.6,0.31
3004.7,0.30
3006.8,0.30
3008.8,0.31
3011.0,0.29
3013.1,0.30
3015.3,0.29
3017.4,0.30
3019.5,0.30
3021.7,0.29
3023.9,0.29
3026.1,0.29
3028.2,0.30
3030.4,0.29
3032.5,0.30
3034.7,0.29
3036.8,0.30
3039.0,0.29
3041.1,0.30
3043.2,0.30
3045.3,0.30
3047.4,0.30
3049.5,0.30
3051.6,0.30
3053.6,0.31
3055.6,0.31
3057.7,0.30
3059.7,0.31
3061.7,0.31
3063.8,0.30
3065.8,0.31
3067.8,0.31
3069.8,0.31
3071.8,0.31
3073.9,0.30
3076.0,0.30
3078.1,0.30
3080.2,0.30
3082.3,0.30
3084.5,0.29
3086.5,0.31
3088.6,0.30
3090.7,0.30
3092.9,0.29
3095.1,0.29
3097.2,0.30
3099.4,0.29
3101.5,0.30
3103.6,0.30
3105.7,0.30
3107.8,0.30
3109.8,0.31
3111.9,0.30
3114.1,0.29
3116.2,0.30
3118.4,0.29
3120.5,0.30
3122.6,0.30
3124.6,0.31
3126.6,0.31
3128.6,0.31
3130.4,0.35
3132.2,0.35
3134.1,0.33
3135.9,0.35
3137.8,0.33
3139.6,0.35
3141.5,0.33
3143.5,0.31
3145.5,0.31
3147.4,0.33
3149.3,0.33
3151.2,0.33
3153.0,0.35
3154.9,0.33
3156.7,0.35
3158.5,0.35
3160.3,0.35
3162.2,0.33
3164.1,0.33
3166.0,0.33
3167.8,0.35
3169.7,0.33
3171.5,0.35
3173.3,0.35
3175.1,0.35
3176.8,0.37
3178.7,0.33
3180.9,0.29
3183.2,0.27
3185.5,0.27
3187.6,0.30
3189.5,0.33
3191.4,0.33
3193.3,0.33
3195.2,0.33
3197.1,0.33
3199.0,0.33
3200.9,0.33
3202.8,0.33
3204.6,0.35
3206.5,0.33
3208.3,0.35
3210.2,0.33
3212.2,0.31
3214.1,0.33
3216.2,0.30
3218.2,0.31
3220.3,0.30
3222.4,0.30
3224.5,0.30
3226.7,0.29
3228.9,0.29
3231.1,0.29
3233.3,0.29
3235.6,0.27
3237.9,0.27
3240.2,0.27
3242.4,0.29
3244.6,0.29
3246.8,0.29
3248.9,0.30
3251.1,0.29
3253.2,0.30
3255.4,0.29
3257.5,0.30
3259.7,0.29
3261.8,0.30
3263.9,0.30
3266.0,0.30
3268.1,0.30
3270.2,0.30
3272.3,0.30
3274.4,0.30
3276.6,0.29
3278.7,0.30
3280.8,0.30
3282.9,0.30
3285.0,0.30
3287.1,0.30
3289.1,0.31
3291.2,0.30
3293.3,0.30
3295.5,0.29
3297.6,0.30
3299.8,0.29
3301.9,0.30
3304.0,0.30
3306.0,0.31
3308.1,0.30
3310.1,0.31
3312.2,0.30
3314.2,0.31
3316.3,0.30
3318.4,0.30
3320.6,0.29
3322.8,0.29
3324.9,0.30
3327.1,0.29
3329.2,0.30
3331.4,0.29
3333.5,0.30
3335.6,0.30
3337.8,0.29
3339.9,0.30
3342.1,0.29
3344.2,0.30
3346.3,0.30
3348.5,0.29
3350.6,0.30
3352.6,0.31
3354.7,0.30
3356.8,0.30
3358.8,0.31
3360.9,0.30
3363.1,0.29
3365.2,0.30
3367.3,0.30
3369.4,0.30
3371.5,0.30
3373.6,0.30
3375.7,0.30
3377.9,0.29
3380.1,0.29
3382.3,0.29
3384.5,0.29
3386.7,0.29
3388.8,0.30
3390.9,0.30
3393.0,0.30
3395.1,0.30
3397.1,0.31
3399.2,0.30
3401.3,0.30
3403.4,0.30
3405.5,0.30
3407.6,0.30
3409.6,0.31
3411.7,0.30
3413.7,0.31
3415.7,0.31
3417.7,0.31
3419.6,0.33
3421.6,0.31
3423.6,0.31
3425.5,0.33
3427.6,0.30
3429.6,0.31
3431.7,0.30
3433.8,0.30
3435.9,0.30
3438.0,0.30
3440.1,0.30
3442.1,0.31
3444.2,0.30
3446.3,0.30
3448.3,0.31
3450.4,0.30
3452.5,0.30
3454.6,0.30
3456.7,0.30
3458.8,0.30
3460.9,0.30
3463.0,0.30
3465.1,0.30
3467.2,0.30
3469.2,0.31
3471.2,0.31
3473.3,0.30
3475.4,0.30
3477.4,0.31
3479.5,0.30
3481.6,0.30
3483.7,0.30
3485.8,0.30
3488.0,0.29
3490.1,0.30
3492.2,0.30
3494.2,0.31
3496.3,0.30
3498.4,0.30
3500.5,0.30
3502.5,0.31
3504.6,0.30
3506.7,0.30
3508.8,0.30
3510.9,0.30
3513.0,0.30
3515.0,0.31
3517.2,0.29
3519.3,0.30
3521.4,0.30
3523.5,0.30
3525.6,0.30
3527.7,0.30
3529.8,0.30
3531.8,0.31
3533.8,0.31
3535.9,0.30
3537.9,0.31
3540.0,0.30
3542.1,0.30
3544.3,0.29
3546.4,0.30
3548.5,0.30
3550.6,0.30
3552.7,0.30
3554.8,0.30
3556.8,0.31
3558.8,0.31
3560.9,0.30
3562.9,0.31
3564.9,0.31
3566.9,0.31
3569.0,0.30
3571.0,0.31
3573.1,0.30
3575.2,0.30
3577.2,0.31
3579.3,0.30
3581.3,0.31
3583.4,0.30
3585.4,0.31
3587.5,0.30
3589.6,0.30
3591.7,0.30
3593.8,0.30
3595.9,0.30
3597.9,0.31
3600.0,0.30
3602.1,0.30
3604.2,0.30
3606.2,0.31
3608.3,0.30
3610.3,0.31
3612.3,0.31
3614.4,0.30
3616.4,0.31
3618.4,0.31
3620.5,0.30
3622.5,0.31
3624.6,0.30
3626.6,0.31
3628.7,0.30
3630.8,0.30
3632.9,0.30
3635.0,0.30
3637.1,0.30
3639.2,0.30
3641.3,0.30
3643.4,0.30
3645.6,0.29
3647.7,0.30
3649.8,0.30
3651.9,0.30
3654.1,0.29
3656.2,0.30
3658.3,0.30
3660.3,0.31
3662.4,0.30
3664.5,0.30
3666.6,0.30
3668.7,0.30
3670.8,0.30
3672.9,0.30
3675.1,0.29
3677.2,0.30
3679.3,0.30
3681.4,0.30
3683.6,0.29
3685.6,0.31
3687.7,0.30
3689.8,0.30
3691.9,0.30
3694.0,0.30
3695.9,0.33
3697.7,0.35
3699.4,0.37
3701.2,0.35
3703.1,0.33
3704.9,0.35
3706.7,0.35
3708.4,0.37
3710.1,0.37
3711.8,0.37
3713.5,0.37
3715.3,0.35
3717.1,0.35
3718.9,0.35
3720.8,0.33
3722.6,0.35
3724.6,0.31
3726.5,0.33
3728.5,0.31
3730.4,0.33
3732.4,0.31
3734.4,0.31
3736.4,0.31
3738.5,0.30
3740.6,0.30
3742.6,0.31
3744.8,0.29
3746.9,0.30
3749.1,0.29
3751.2,0.30
3753.4,0.29
3755.5,0.30
3757.6,0.30
3759.7,0.30
3761.8,0.30
3763.9,0.30
3766.0,0.30
3768.1,0.30
3770.1,0.31
3772.1,0.31
3774.1,0.31
3776.1,0.31
3778.1,0.31
3780.1,0.31
3782.1,0.31
3784.1,0.31
3786.1,0.31
3788.1,0.31
3790.2,0.30
3792.3,0.30
3794.4,0.30
3796.6,0.29
3798.9,0.27
3801.2,0.27
3803.5,0.27
3805.5,0.31
3807.5,0.31
3809.5,0.31
3811.4,0.33
3813.3,0.33
3815.3,0.31
3817.2,0.33
3819.1,0.33
3821.0,0.33
3822.9,0.33
3824.8,0.33
3826.7,0.33
3828.6,0.33
3830.6,0.31
3832.5,0.33
3834.5,0.31
3836.5,0.31
3838.5,0.31
3840.6,0.30
3842.6,0.31
3844.8,0.29
3846.9,0.30
3849.1,0.29
3851.2,0.30
3853.3,0.30
3855.4,0.30
3857.6,0.29
3859.7,0.30
3861.8,0.30
3863.9,0.30
3866.1,0.29
3868.2,0.30
3870.3,0.30
3872.4,0.30
3874.6,0.29
3876.8,0.29
3879.1,0.27
3881.2,0.30
3883.4,0.29
3885.5,0.30
3887.7,0.29
3889.8,0.30
3891.9,0.30
3894.1,0.29
3896.2,0.30
3898.3,0.30
3900.5,0.29
3902.6,0.30
3904.7,0.30
3906.8,0.30
3909.0,0.29
3911.1,0.30
3913.3,0.29
3915.4,0.30
3917.5,0.30
3919.6,0.30
3921.7,0.30
3923.8,0.30
3925.8,0.31
3927.9,0.30
3929.9,0.31
3932.0,0.30
3934.0,0.31
3936.1,0.30
3938.2,0.30
3940.2,0.31
3942.3,0.30
3944.3,0.31
3946.3,0.31
3948.4,0.30
3950.4,0.31
3952.4,0.31
3954.5,0.30
3956.5,0.31
3958.6,0.30
3960.7,0.30
3962.8,0.30
3964.9,0.30
3967.0,0.30
3969.1,0.30
3971.2,0.30
3973.2,0.31
3975.3,0.30
3977.4,0.30
3979.5,0.30
3981.5,0.31
3983.6,0.30
3985.6,0.31
3987.7,0.30
3989.6,0.33
3991.6,0.31
3993.6,0.31
3995.7,0.30
3997.7,0.31
3999.7,0.31
4001.8,0.30
4003.8,0.31
4005.8,0.31
4007.9,0.30
4009.9,0.31
4011.9,0.31
4013.9,0.31
4015.9,0.31
4018.0,0.30
4020.1,0.30
4022.2,0.30
4024.4,0.29
4026.5,0.30
4028.7,0.29
4030.8,0.30
4032.9,0.30
4035.1,0.29
4037.2,0.30
4039.3,0.30
4041.4,0.30
4043.6,0.29
4045.7,0.30
4047.8,0.30
4049.9,0.30
4052.0,0.30
4054.1,0.30
4056.3,0.29
4058.4,0.30
4060.6,0.29
4062.7,0.30
4064.8,0.30
4066.8,0.31
4068.8,0.31
4070.9,0.30
4073.0,0.30
4075.1,0.30
4077.1,0.31
4079.2,0.30
4081.2,0.31
4083.3,0.30
4085.4,0.30
4087.4,0.31
4089.3,0.33
4091.3,0.31
4093.2,0.33
4095.2,0.31
4097.1,0.33
4099.1,0.31
4101.1,0.31
4103.1,0.31
4105.0,0.33
4106.9,0.33
4108.9,0.31
4110.8,0.33
4112.7,0.33
4114.7,0.31
4116.8,0.30
4118.9,0.30
4121.0,0.30
4123.2,0.29
4125.3,0.30
4127.5,0.29
4129.6,0.30
4131.8,0.29
4133.8,0.31
4135.9,0.30
4137.9,0.31
4139.8,0.33
4141.8,0.31
4143.8,0.31
4145.8,0.31
4147.8,0.31
4149.9,0.30
4152.0,0.30
4154.1,0.30
4156.2,0.30
4158.4,0.29
4160.5,0.30
4162.7,0.29
4164.8,0.30
4166.9,0.30
4169.0,0.30
4171.1,0.30
4173.2,0.30
4175.2,0.31
4177.3,0.30
4179.4,0.30
4181.4,0.31
4183.4,0.31
4185.4,0.31
4187.3,0.33
4189.2,0.33
4191.1,0.33
4192.9,0.35
4194.8,0.33
4196.7,0.33
4198.6,0.33
4200.5,0.33
4202.4,0.33
4204.3,0.33
4206.2,0.33
4208.1,0.33
4210.1,0.31
4212.1,0.31
4214.2,0.30
4216.2,0.31
4218.3,0.30
4220.4,0.30
4222.4,0.31
4224.5,0.30
4226.6,0.30
4228.8,0.29
4230.9,0.30
4233.0,0.30
4235.1,0.30
4237.2,0.30
4239.2,0.31
4241.3,0.30
4243.3,0.31
4245.3,0.31
4247.3,0.31
4249.2,0.33
4251.2,0.31
4253.2,0.31
4255.2,0.31
4257.2,0.31
4259.2,0.31
4261.2,0.31
4263.1,0.33
4265.1,0.31
4267.2,0.30
4269.2,0.31
4271.3,0.30
4273.4,0.30
4275.4,0.31
4277.4,0.31
4279.5,0.30
4281.4,0.33
4283.1,0.37
4284.8,0.37
4286.4,0.39
4288.1,0.37
4289.9,0.35
4291.6,0.37
4293.4,0.35
4295.2,0.35
4297.0,0.35
4298.8,0.35
4300.6,0.35
4302.4,0.35
4304.1,0.37
4305.9,0.35
4307.6,0.37
4309.4,0.35
4311.2,0.35
4313.0,0.35
4314.8,0.35
4316.6,0.35
4318.3,0.37
4320.0,0.37
4321.6,0.39
4323.2,0.39
4324.8,0.39
4326.3,0.42
4327.9,0.39
4329.5,0.39
4331.2,0.37
4332.9,0.37
4334.6,0.37
4336.3,0.37
4338.0,0.37
4339.8,0.35
4341.5,0.37
4343.3,0.35
4345.2,0.33
4347.1,0.33
4349.1,0.31
4351.0,0.33
4352.9,0.33
4354.6,0.37
4356.3,0.37
4357.9,0.39
4359.6,0.37
4361.3,0.37
4363.1,0.35
4364.9,0.35
4366.8,0.33
4368.7,0.33
4370.7,0.31
4372.7,0.31
4374.8,0.30
4376.8,0.31
4378.8,0.31
4380.8,0.31
4382.8,0.31
4384.9,0.30
4386.8,0.33
4388.9,0.30
4390.9,0.31
4392.9,0.31
4394.9,0.31
4396.9,0.31
4398.9,0.31
4401.0,0.30
4403.0,0.31
4405.0,0.31
4407.0,0.31
4409.1,0.30
4411.1,0.31
4413.1,0.31
4415.0,0.33
4417.1,0.30
4419.1,0.31
4421.0,0.33
4422.9,0.33
4424.9,0.31
4426.8,0.33
4428.7,0.33
4430.6,0.33
4432.5,0.33
4434.4,0.33
4436.3,0.33
4438.3,0.31
4440.2,0.33
4442.2,0.31
4444.2,0.31
4446.2,0.31
4448.3,0.30
4450.3,0.31
4452.3,0.31
4454.3,0.31
4456.3,0.31
4458.3,0.31
4460.2,0.33
4462.1,0.33
4464.1,0.31
4466.0,0.33
4468.0,0.31
4469.9,0.33
4471.9,0.31
4473.9,0.31
4475.9,0.31
4477.8,0.33
4479.7,0.33
4481.7,0.31
4483.6,0.33
4485.6,0.31
4487.6,0.31
4489.6,0.31
4491.6,0.31
4493.6,0.31
4495.6,0.31
4497.6,0.31
4499.5,0.33
4501.4,0.33
4503.3,0.33
4505.1,0.35
4507.0,0.33
4508.9,0.33
4510.7,0.35
4512.6,0.33
4514.5,0.33
4516.5,0.31
4518.5,0.31
4520.4,0.33
4522.5,0.30
4524.5,0.31
4526.4,0.33
4528.4,0.31
4530.5,0.30
4532.6,0.30
4534.6,0.31
4536.7,0.30
4538.8,0.30
4540.8,0.31
4542.8,0.31
4544.7,0.33
4546.6,0.33
4548.5,0.33
4550.4,0.33
4552.4,0.31
4554.3,0.33
4556.2,0.33
4558.2,0.31
4560.1,0.33
4562.1,0.31
4564.1,0.31
4566.1,0.31
4568.0,0.33
4570.0,0.31
4572.0,0.31
4574.0,0.31
4576.0,0.31
4577.9,0.33
4579.9,0.31
4581.8,0.33
4583.8,0.31
4585.8,0.31
4587.7,0.33
4589.6,0.33
4591.6,0.31
4593.5,0.33
4595.4,0.33
4597.4,0.31
4599.4,0.31
4601.4,0.31
4603.4,0.31
4605.4,0.31
4607.4,0.31
4609.4,0.31
4611.3,0.33
4613.3,0.31
4615.2,0.33
4617.2,0.31
4619.1,0.33
4621.0,0.33
4623.0,0.31
4625.0,0.31
4627.0,0.31
4629.1,0.30
4631.1,0.31
4633.0,0.33
4635.0,0.31
4637.0,0.31
4639.1,0.30
4641.1,0.31
4643.2,0.30
4645.2,0.31
4647.2,0.31
4649.2,0.31
4651.2,0.31
4653.2,0.31
4655.2,0.31
4657.3,0.30
4659.3,0.31
4661.4,0.30
4663.4,0.31
4665.5,0.30
4667.5,0.31
4669.5,0.31
4671.5,0.31
4673.5,0.31
4675.5,0.31
4677.5,0.31
4679.5,0.31
4681.4,0.33
4683.3,0.33
4685.2,0.33
4687.1,0.33
4689.1,0.31
4691.0,0.33
4693.0,0.31
4695.0,0.31
4696.9,0.33
4698.9,0.31
4700.9,0.31
4702.9,0.31
4704.9,0.31
4706.9,0.31
4708.9,0.31
4710.9,0.31
4712.9,0.31
4714.8,0.33
4716.7,0.33
4718.6,0.33
4720.5,0.33
4722.4,0.33
4724.2,0.35
4726.1,0.33
4728.0,0.33
4729.9,0.33
4731.9,0.31
4733.9,0.31
4735.9,0.31
4737.8,0.33
4739.7,0.33
4741.6,0.33
4743.6,0.31
4745.5,0.33
4747.4,0.33
4749.4,0.31
4751.4,0.31
4753.4,0.31
4755.5,0.30
4757.5,0.31
4759.6,0.30
4761.6,0.31
4763.6,0.31
4765.6,0.31
4767.6,0.31
4769.6,0.31
4771.6,0.31
4773.6,0.31
4775.6,0.31
4777.6,0.31
4779.5,0.33
4781.5,0.31
4783.4,0.33
4785.2,0.35
4787.1,0.33
4789.1,0.31
4791.0,0.33
4793.0,0.31
4795.0,0.31
4797.0,0.31
4798.9,0.33
4800.9,0.31
4802.9,0.31
4804.9,0.31
4806.9,0.31
4808.9,0.31
4811.0,0.30
4813.0,0.31
4814.9,0.33
4816.9,0.31
4818.8,0.33
4820.8,0.31
4822.8,0.31
4824.7,0.33
4826.7,0.31
4828.6,0.33
4830.6,0.31
4832.6,0.31
4834.5,0.33
4836.4,0.33
4838.4,0.31
4840.3,0.33
4842.2,0.33
4844.2,0.31
4846.1,0.33
4848.0,0.33
4849.9,0.33
4851.8,0.33
4853.7,0.33
4855.6,0.33
4857.5,0.33
4859.5,0.31
4861.5,0.31
4863.5,0.31
4865.5,0.31
4867.5,0.31
4869.5,0.31
4871.6,0.30
4873.6,0.31
4875.7,0.30
4877.8,0.30
4879.8,0.31
4881.9,0.30
4883.9,0.31
4885.9,0.31
4887.9,0.31
4889.8,0.33
4891.8,0.31
4893.7,0.33
4895.6,0.33
4897.6,0.31
4899.5,0.33
4901.5,0.31
4903.5,0.31
4905.5,0.31
4907.5,0.31
4909.5,0.31
4911.4,0.33
4913.4,0.31
4915.4,0.31
4917.4,0.31
4919.4,0.31
4921.4,0.31
4923.4,0.31
4925.4,0.31
4927.5,0.30
4929.5,0.31
4931.6,0.30
4933.7,0.30
4935.5,0.35
4937.2,0.37
4938.9,0.37
4940.5,0.39
4942.1,0.39
4943.7,0.39
4945.3,0.39
4946.9,0.39
4948.5,0.39
4950.0,0.42
4951.6,0.39
4953.2,0.39
4955.0,0.35
4956.8,0.35
4958.6,0.35
4960.5,0.33
4962.3,0.35
4963.9,0.39
4965.5,0.39
4967.0,0.42
4968.5,0.42
4970.1,0.39
4971.7,0.39
4973.3,0.39
4975.0,0.37
4976.7,0.37
4978.3,0.39
4980.0,0.37
4981.7,0.37
4983.5,0.35
4985.3,0.35
4987.2,0.33
4989.1,0.33
4991.0,0.33
4993.0,0.31
4994.9,0.33
4996.9,0.31
4998.9,0.31
5000.9,0.31
5002.9,0.31
5004.9,0.31
5006.8,0.33
5008.7,0.33
5010.6,0.33
5012.5,0.33
5014.5,0.31
5016.4,0.33
5018.4,0.31
5020.4,0.31
5022.4,0.31
5024.3,0.33
5026.3,0.31
5028.2,0.33
5030.2,0.31
5032.1,0.33
5034.0,0.33
5035.9,0.33
5037.9,0.31
5039.9,0.31
5041.9,0.31
5043.9,0.31
5045.9,0.31
5048.0,0.30
5049.9,0.33
5051.6,0.37
5053.2,0.39
5054.7,0.42
5056.3,0.39
5057.8,0.42
5059.4,0.39
5061.0,0.39
5062.6,0.39
5064.3,0.37
5066.1,0.35
5067.9,0.35
5069.7,0.35
5071.6,0.33
5073.6,0.31
5075.6,0.31
5077.5,0.33
5079.6,0.30
5081.6,0.31
5083.6,0.31
5085.6,0.31
5087.6,0.31
5089.6,0.31
5091.6,0.31
5093.7,0.30
5095.7,0.31
5097.7,0.31
5099.7,0.31
5101.7,0.31
5103.7,0.31
5105.7,0.31
5107.7,0.31
5109.6,0.33
5111.6,0.31
5113.6,0.31
5115.5,0.33
5117.5,0.31
5119.5,0.31
5121.4,0.33
5123.4,0.31
5125.4,0.31
5127.4,0.31
5129.3,0.33
5131.3,0.31
5133.3,0.31
5135.2,0.33
5137.2,0.31
5139.2,0.31
5141.2,0.31
5143.3,0.30
5145.3,0.31
5147.3,0.31
5149.3,0.31
5151.2,0.33
5153.2,0.31
5155.2,0.31
5157.2,0.31
5159.2,0.31
5161.1,0.33
5163.1,0.31
5165.1,0.31
5167.2,0.30
5169.2,0.31
5171.2,0.31
5173.2,0.31
5175.2,0.31
5177.1,0.33
5179.1,0.31
5181.1,0.31
5183.1,0.31
5185.1,0.31
5187.1,0.31
5189.1,0.31
5191.1,0.31
5193.2,0.30
5195.2,0.31
5197.2,0.31
5199.2,0.31
5201.2,0.31
5203.2,0.31
5205.2,0.31
5207.2,0.31
5209.2,0.31
5211.2,0.31
5213.2,0.31
5215.2,0.31
5217.2,0.31
5219.2,0.31
5221.2,0.31
5223.2,0.31
5225.1,0.33
5227.1,0.31
5229.1,0.31
5231.0,0.33
5233.0,0.31
5234.9,0.33
5236.9,0.31
5238.9,0.31
5240.9,0.31
5242.8,0.33
5244.8,0.31
5246.8,0.31
5248.7,0.33
5250.7,0.31
5252.6,0.33
5254.6,0.31
5256.5,0.33
5258.5,0.31
5260.5,0.31
5262.5,0.31
5264.5,0.31
5266.5,0.31
5268.6,0.30
5270.6,0.31
5272.6,0.31
5274.6,0.31
5276.7,0.30
5278.7,0.31
5280.7,0.31
5282.7,0.31
5284.8,0.30
5286.8,0.31
5288.8,0.31
5290.8,0.31
5292.8,0.31
5294.7,0.33
5296.7,0.31
5298.6,0.33
5300.6,0.31
5302.5,0.33
5304.5,0.31
5306.4,0.33
5308.3,0.33
5310.2,0.33
5312.1,0.33
5314.0,0.33
5315.8,0.35
5317.7,0.33
5319.6,0.33
5321.6,0.31
5323.5,0.33
5325.5,0.31
5327.4,0.33
5329.4,0.31
5331.3,0.33
5333.2,0.33
5335.2,0.31
5337.1,0.33
5339.1,0.31
5341.0,0.33
5342.9,0.33
5344.8,0.33
5346.8,0.31
5348.8,0.31
5350.8,0.31
5352.8,0.31
5354.8,0.31
5356.7,0.33
5358.3,0.39
5359.9,0.39
5361.5,0.39
5363.1,0.39
5364.6,0.42
5366.1,0.42
5367.5,0.45
5369.0,0.42
5370.5,0.42
5372.0,0.42
5373.5,0.42
5375.0,0.42
5376.5,0.42
5378.0,0.42
5379.6,0.39
5381.2,0.39
5382.9,0.37
5384.5,0.39
5386.3,0.35
5388.0,0.37
5389.8,0.35
5391.6,0.35
5393.4,0.35
5395.2,0.35
5397.1,0.33
0.0,0.00
