3.3,0.33
4.8,0.42
6.2,0.45
7.7,0.42
9.2,0.42
10.9,0.37
12.8,0.33
14.8,0.31
20.1,0.12
22.1,0.31
23.8,0.37
25.6,0.35
27.6,0.31
40.1,0.31
42.2,0.30
45.0,0.22
48.6,0.17
49.6,0.00
78.7,0.00
79.7,0.39
81.4,0.37
83.0,0.39
84.7,0.37
86.8,0.30
89.4,0.24
95.6,0.10
109.3,0.48
110.7,0.45
111.7,0.00
247.2,0.00
248.2,0.52
249.5,0.48
250.9,0.45
252.4,0.42
254.3,0.33
256.4,0.30
259.1,0.23
262.9,0.17
263.9,0.00
858.5,0.00
859.5,0.39
861.2,0.37
862.9,0.37
864.8,0.33
866.5,0.37
868.2,0.37
869.9,0.37
871.6,0.37
873.2,0.39
874.8,0.39
876.4,0.39
878.1,0.37
880.2,0.30
882.6,0.26
884.1,0.42
885.7,0.39
887.2,0.42
888.8,0.39
890.4,0.39
892.0,0.39
893.7,0.37
895.4,0.37
897.2,0.35
899.1,0.33
901.0,0.33
902.8,0.35
904.7,0.33
906.6,0.33
908.6,0.31
910.5,0.33
912.4,0.33
914.3,0.33
916.2,0.33
918.0,0.35
919.9,0.33
921.8,0.33
923.7,0.33
925.6,0.33
927.5,0.33
929.4,0.33
931.2,0.35
933.1,0.33
935.0,0.33
936.8,0.35
938.7,0.33
940.6,0.33
942.4,0.35
944.2,0.35
945.9,0.37
947.7,0.35
949.4,0.37
951.1,0.37
952.9,0.35
954.6,0.37
956.3,0.37
958.0,0.37
959.7,0.37
961.4,0.37
963.1,0.37
964.8,0.37
966.5,0.37
968.3,0.35
970.0,0.37
971.8,0.35
973.5,0.37
975.3,0.35
977.0,0.37
978.7,0.37
980.5,0.35
982.2,0.37
984.0,0.35
985.7,0.37
987.5,0.35
989.2,0.37
991.0,0.35
992.7,0.37
994.5,0.35
996.2,0.37
998.0,0.35
999.7,0.37
1001.4,0.37
1003.1,0.37
1004.8,0.37
1006.5,0.37
1008.1,0.39
1009.8,0.37
1011.5,0.37
1013.1,0.39
1014.9,0.35
1016.6,0.37
1018.3,0.37
1020.0,0.37
1021.7,0.37
1023.4,0.37
1025.1,0.37
1026.8,0.37
1028.5,0.37
1030.2,0.37
1032.0,0.35
1033.7,0.37
1035.4,0.37
1037.0,0.39
1038.7,0.37
1040.4,0.37
1042.1,0.37
1043.7,0.39
1045.4,0.37
1047.0,0.39
1048.7,0.37
1050.3,0.39
1051.9,0.39
1053.5,0.39
1055.1,0.39
1056.7,0.39
1058.4,0.37
1060.0,0.39
1061.6,0.39
1063.2,0.39
1064.8,0.39
1066.3,0.42
1067.9,0.39
1069.5,0.39
1071.0,0.42
1072.6,0.39
1074.2,0.39
1075.8,0.39
1077.5,0.37
1079.1,0.39
1080.7,0.39
1082.3,0.39
1083.9,0.39
1085.5,0.39
1087.2,0.37
1088.8,0.39
1090.4,0.39
1092.0,0.39
1093.7,0.37
1095.3,0.39
1097.0,0.37
1098.6,0.39
1100.3,0.37
1102.0,0.37
1103.7,0.37
1105.4,0.37
1107.1,0.37
1108.8,0.37
1110.5,0.37
1112.3,0.35
1114.0,0.37
1115.6,0.39
1117.3,0.37
1118.9,0.39
1120.6,0.37
1122.2,0.39
1123.9,0.37
1125.5,0.39
1127.2,0.37
1128.8,0.39
1130.5,0.37
1132.1,0.39
1133.7,0.39
1135.4,0.37
1137.0,0.39
1138.6,0.39
1140.2,0.39
1141.9,0.37
1143.5,0.39
1145.1,0.39
1146.7,0.39
1148.3,0.39
1149.9,0.39
1151.5,0.39
1153.1,0.39
1154.6,0.42
1156.2,0.39
1157.8,0.39
1159.4,0.39
1161.0,0.39
1162.6,0.39
1164.3,0.37
1165.9,0.39
1167.6,0.37
1169.3,0.37
1170.9,0.39
1172.6,0.37
1174.2,0.39
1175.9,0.37
1177.5,0.39
1179.1,0.39
1180.8,0.37
1182.4,0.39
1184.0,0.39
1185.7,0.37
1187.2,0.42
1188.8,0.39
1190.4,0.39
1192.0,0.39
1193.6,0.39
1195.2,0.39
1196.9,0.37
1198.5,0.39
1200.2,0.37
1201.9,0.37
1203.6,0.37
1205.2,0.39
1206.9,0.37
1208.6,0.37
1210.3,0.37
1212.0,0.37
1213.7,0.37
1215.4,0.37
1217.1,0.37
1218.8,0.37
1220.5,0.37
1222.3,0.35
1224.0,0.37
1225.7,0.37
1227.4,0.37
1229.1,0.37
1230.7,0.39
1232.4,0.37
1234.1,0.37
1235.8,0.37
1237.5,0.37
1239.2,0.37
1241.0,0.35
1242.7,0.37
1244.5,0.35
1246.2,0.37
1247.9,0.37
1249.6,0.37
1251.3,0.37
1253.0,0.37
1254.7,0.37
1256.4,0.37
1258.1,0.37
1259.7,0.39
1261.4,0.37
1263.1,0.37
1264.9,0.35
1266.6,0.37
1268.3,0.37
1270.0,0.37
1271.7,0.37
1273.4,0.37
1275.1,0.37
1276.8,0.37
1278.5,0.37
1280.3,0.35
1282.0,0.37
1283.7,0.37
1285.4,0.37
1287.1,0.37
1288.8,0.37
1290.5,0.37
1292.2,0.37
1294.0,0.35
1295.8,0.35
1297.5,0.37
1299.3,0.35
1301.0,0.37
1302.8,0.35
1304.5,0.37
1306.3,0.35
1308.0,0.37
1309.7,0.37
1311.4,0.37
1313.2,0.35
1314.9,0.37
1316.5,0.39
1318.2,0.37
1319.8,0.39
1321.5,0.37
1323.1,0.39
1324.8,0.37
1326.6,0.35
1328.3,0.37
1330.0,0.37
1331.7,0.37
1333.5,0.35
1335.2,0.37
1337.0,0.35
1338.8,0.35
1340.6,0.35
1342.4,0.35
1344.2,0.35
1346.0,0.35
1347.9,0.33
1349.7,0.35
1351.5,0.35
1353.4,0.33
1355.2,0.35
1357.0,0.35
1358.9,0.33
1360.7,0.35
1362.5,0.35
1364.3,0.35
1366.2,0.33
1367.9,0.37
1369.7,0.35
1371.4,0.37
1373.2,0.35
1374.9,0.37
1376.6,0.37
1378.4,0.35
1380.1,0.37
1381.8,0.37
1383.6,0.35
1385.3,0.37
1387.1,0.35
1388.8,0.37
1390.6,0.35
1392.4,0.35
1394.2,0.35
1396.0,0.35
1397.7,0.37
1399.5,0.35
1401.3,0.35
1403.0,0.37
1404.8,0.35
1406.5,0.37
1408.3,0.35
1410.0,0.37
1411.8,0.35
1413.6,0.35
1415.4,0.35
1417.2,0.35
1419.0,0.35
1420.8,0.35
1422.5,0.37
1424.3,0.35
1426.2,0.33
1428.0,0.35
1429.9,0.33
1431.7,0.35
1433.5,0.35
1435.4,0.33
1437.2,0.35
1439.1,0.33
1440.9,0.35
1442.8,0.33
1444.6,0.35
1446.4,0.35
1448.2,0.35
1450.1,0.33
1451.9,0.35
1453.7,0.35
1455.5,0.35
1457.3,0.35
1459.1,0.35
1460.9,0.35
1462.7,0.35
1464.5,0.35
1466.3,0.35
1468.0,0.37
1469.8,0.35
1471.6,0.35
1473.3,0.37
1475.1,0.35
1476.9,0.35
1478.7,0.35
1480.4,0.37
1482.2,0.35
1484.0,0.35
1485.8,0.35
1487.6,0.35
1489.4,0.35
1491.2,0.35
1493.0,0.35
1494.8,0.35
1496.6,0.35
1498.5,0.33
1500.4,0.33
1502.3,0.33
1504.2,0.33
1506.0,0.35
1507.5,0.42
1509.0,0.42
1510.5,0.42
1512.0,0.42
1513.4,0.45
1514.9,0.42
1516.3,0.45
1517.8,0.42
1519.2,0.45
1520.7,0.42
1522.1,0.45
1523.6,0.42
1525.0,0.45
1526.4,0.45
1527.9,0.42
1529.3,0.45
1530.8,0.42
1532.3,0.42
1533.7,0.45
1535.2,0.42
1536.6,0.45
1538.1,0.42
1539.7,0.39
1541.2,0.42
1542.7,0.42
1544.2,0.42
1545.7,0.42
1547.3,0.39
1548.8,0.42
1550.3,0.42
1551.9,0.39
1553.4,0.42
1555.0,0.39
1556.6,0.39
1558.2,0.39
1559.8,0.39
1561.5,0.37
1563.1,0.39
1564.8,0.37
1566.5,0.37
1568.2,0.37
1570.0,0.35
1571.7,0.37
1573.4,0.37
1575.2,0.35
1577.0,0.35
1578.8,0.35
1580.5,0.37
1582.2,0.37
1583.9,0.37
1585.5,0.39
1587.2,0.37
1588.9,0.37
1590.6,0.37
1592.3,0.37
1594.0,0.37
1595.8,0.35
1597.5,0.37
1599.3,0.35
1601.2,0.33
1603.0,0.35
1604.9,0.33
1606.8,0.33
1608.8,0.31
1610.8,0.31
1612.7,0.33
1614.7,0.31
1616.7,0.31
1618.6,0.33
1620.6,0.31
1622.5,0.33
1624.4,0.33
1626.4,0.31
1628.3,0.33
1630.3,0.31
1632.2,0.33
1634.2,0.31
1636.1,0.33
1638.1,0.31
1640.0,0.33
1642.0,0.31
1644.1,0.30
1646.1,0.31
1648.2,0.30
1650.2,0.31
1652.2,0.31
1654.2,0.31
1656.2,0.31
1658.2,0.31
1660.1,0.33
1662.0,0.33
1663.9,0.33
1665.8,0.33
1667.7,0.33
1669.6,0.33
1671.5,0.33
1673.4,0.33
1675.4,0.31
1677.3,0.33
1679.3,0.31
1681.3,0.31
1683.3,0.31
1685.3,0.31
1687.3,0.31
1689.4,0.30
1691.4,0.31
1693.4,0.31
1695.4,0.31
1697.3,0.33
1699.3,0.31
1701.3,0.31
1703.3,0.31
1705.3,0.31
1707.3,0.31
1709.3,0.31
1711.3,0.31
1713.3,0.31
1715.3,0.31
1717.2,0.33
1719.2,0.31
1721.1,0.33
1723.1,0.31
1725.0,0.33
1727.0,0.31
1729.0,0.31
1730.9,0.33
1732.9,0.31
1734.8,0.33
1736.8,0.31
1738.7,0.33
1740.8,0.30
1742.8,0.31
1744.8,0.31
1746.8,0.31
1748.9,0.30
1750.9,0.31
1752.9,0.31
1754.9,0.31
1756.9,0.31
1758.8,0.33
1760.8,0.31
1762.6,0.35
1764.5,0.33
1766.4,0.33
1768.2,0.35
1770.1,0.33
1772.1,0.31
1774.0,0.33
1775.9,0.33
1777.8,0.33
1779.6,0.35
1781.4,0.35
1783.2,0.35
1785.0,0.35
1786.9,0.33
1788.7,0.35
1790.5,0.35
1792.3,0.35
1794.2,0.33
1796.0,0.35
1797.9,0.33
1799.8,0.33
1801.8,0.31
1803.7,0.33
1805.6,0.33
1807.6,0.31
1809.6,0.31
1811.5,0.33
1813.4,0.33
1815.4,0.31
1817.3,0.33
1819.2,0.33
1821.2,0.31
1823.2,0.31
1825.2,0.31
1827.2,0.31
1829.2,0.31
1831.2,0.31
1833.2,0.31
1835.3,0.30
1837.3,0.31
1839.4,0.30
1841.4,0.31
1843.5,0.30
1845.5,0.31
1847.5,0.31
1849.5,0.31
1851.5,0.31
1853.5,0.31
1855.4,0.33
1857.4,0.31
1859.5,0.30
1861.5,0.31
1863.5,0.31
1865.5,0.31
1867.5,0.31
1869.5,0.31
1871.6,0.30
1873.6,0.31
1875.6,0.31
1877.7,0.30
1879.7,0.31
1881.6,0.33
1883.6,0.31
1885.6,0.31
1887.6,0.31
1889.6,0.31
1891.7,0.30
1893.7,0.31
1895.6,0.33
1897.6,0.31
1899.5,0.33
1901.5,0.31
1903.5,0.31
1905.5,0.31
1907.5,0.31
1909.5,0.31
1911.5,0.31
1913.5,0.31
1915.5,0.31
1917.4,0.33
1919.4,0.31
1921.4,0.31
1923.4,0.31
1925.4,0.31
1927.4,0.31
1929.4,0.31
1931.4,0.31
1933.4,0.31
1935.5,0.30
1937.5,0.31
1939.6,0.30
1941.6,0.31
1943.5,0.33
1945.5,0.31
1947.4,0.33
1949.4,0.31
1951.4,0.31
1953.4,0.31
1955.4,0.31
1957.3,0.33
1959.3,0.31
1961.3,0.31
1963.3,0.31
1965.4,0.30
1967.5,0.30
1969.6,0.30
1971.7,0.30
1973.7,0.31
1975.7,0.31
1977.7,0.31
1979.7,0.31
1981.7,0.31
1983.7,0.31
1985.8,0.30
1987.8,0.31
1989.8,0.31
1991.8,0.31
1993.8,0.31
1995.7,0.33
1997.6,0.33
1999.5,0.33
2001.5,0.31
2003.5,0.31
2005.5,0.31
2007.5,0.31
2009.5,0.31
2011.5,0.31
2013.5,0.31
2015.5,0.31
2017.5,0.31
2019.5,0.31
2021.5,0.31
2023.5,0.31
2025.5,0.31
2027.6,0.30
2029.7,0.30
2031.7,0.31
2033.7,0.31
2035.7,0.31
2037.8,0.30
2039.8,0.31
2041.8,0.31
2043.8,0.31
2045.8,0.31
2047.7,0.33
2049.6,0.33
2051.6,0.31
2053.5,0.33
2055.4,0.33
2057.3,0.33
2059.2,0.33
2061.1,0.33
2063.1,0.31
2065.0,0.33
2067.0,0.31
2068.9,0.33
2070.9,0.31
2072.9,0.31
2074.8,0.33
2076.8,0.31
2078.8,0.31
2080.9,0.30
2082.9,0.31
2085.0,0.30
2087.0,0.31
2089.1,0.30
2091.0,0.33
2093.0,0.31
2094.9,0.33
2096.9,0.31
2098.8,0.33
2100.8,0.31
2102.7,0.33
2104.7,0.31
2106.6,0.33
2108.6,0.31
2110.5,0.33
2112.4,0.33
2114.4,0.31
2116.4,0.31
2118.4,0.31
2120.5,0.30
2122.5,0.31
2124.5,0.31
2126.5,0.31
2128.5,0.31
2130.5,0.31
2132.5,0.31
2134.5,0.31
2136.4,0.33
2138.4,0.31
2140.4,0.31
2142.4,0.31
2144.3,0.33
2146.2,0.33
2148.1,0.33
2150.0,0.33
2151.9,0.33
2153.9,0.31
2155.9,0.31
2157.9,0.31
2160.0,0.30
2162.0,0.31
2164.1,0.30
2166.1,0.31
2168.2,0.30
2170.3,0.30
2172.4,0.30
2174.4,0.31
2176.4,0.31
2178.2,0.35
2179.8,0.39
2181.4,0.39
2183.0,0.39
2184.5,0.42
2186.1,0.39
2187.7,0.39
2189.2,0.42
2190.8,0.39
2192.3,0.42
2193.9,0.39
2195.4,0.42
2196.9,0.42
2198.5,0.39
2200.0,0.42
2201.6,0.39
2203.2,0.39
2204.8,0.39
2206.3,0.42
2207.9,0.39
2209.4,0.42
2211.0,0.39
2212.5,0.42
2214.1,0.39
2215.7,0.39
2217.2,0.42
2218.8,0.39
2220.4,0.39
2222.0,0.39
2223.5,0.42
2225.1,0.39
2226.6,0.42
2228.2,0.39
2229.8,0.39
2231.4,0.39
2233.1,0.37
2234.9,0.35
2236.6,0.37
2238.3,0.37
2240.0,0.37
2241.7,0.37
2243.4,0.37
2245.2,0.35
2247.0,0.35
2248.8,0.35
2250.6,0.35
2252.5,0.33
2254.3,0.35
2256.2,0.33
2258.2,0.31
2260.1,0.33
2262.2,0.30
2264.3,0.30
2266.4,0.30
2268.5,0.30
2270.6,0.30
2272.8,0.29
2274.9,0.30
2277.0,0.30
2279.1,0.30
2281.2,0.30
2283.3,0.30
2285.4,0.30
2287.6,0.29
2289.7,0.30
2291.9,0.29
2294.0,0.30
2296.1,0.30
2298.1,0.31
2300.3,0.29
2302.4,0.30
2304.6,0.29
2306.7,0.30
2308.9,0.29
2311.0,0.30
2313.1,0.30
2315.1,0.31
2317.2,0.30
2319.3,0.30
2321.4,0.30
2323.5,0.30
2325.6,0.30
2327.7,0.30
2329.9,0.29
2332.0,0.30
2334.2,0.29
2336.3,0.30
2338.3,0.31
2340.5,0.29
2342.6,0.30
2344.8,0.29
2347.0,0.29
2349.1,0.30
2351.2,0.30
2353.3,0.30
2355.4,0.30
2357.6,0.29
2359.8,0.29
2361.9,0.30
2364.0,0.30
2366.2,0.29
2368.3,0.30
2370.4,0.30
2372.6,0.29
2374.7,0.30
2376.8,0.30
2378.9,0.30
2381.0,0.30
2383.1,0.30
2385.2,0.30
2387.3,0.30
2389.3,0.31
2391.3,0.31
2393.3,0.31
2395.3,0.31
2397.3,0.31
2399.4,0.30
2401.5,0.30
2403.6,0.30
2405.7,0.30
2407.9,0.29
2410.0,0.30
2412.1,0.30
2414.2,0.30
2416.5,0.27
2418.7,0.29
2420.9,0.29
2423.1,0.29
2425.3,0.29
2427.4,0.30
2429.6,0.29
2431.8,0.29
2433.9,0.30
2436.1,0.29
2438.1,0.31
2440.2,0.30
2442.2,0.31
2444.3,0.30
2446.3,0.31
2448.3,0.31
2450.4,0.30
2452.6,0.29
2454.6,0.31
2456.7,0.30
2458.8,0.30
2460.8,0.31
2462.8,0.31
2464.8,0.31
2466.8,0.31
2468.8,0.31
2470.8,0.31
2472.9,0.30
2475.1,0.29
2477.2,0.30
2479.3,0.30
2481.5,0.29
2483.6,0.30
2485.8,0.29
2487.9,0.30
2490.0,0.30
2492.2,0.29
2494.4,0.29
2496.6,0.29
2498.7,0.30
2500.8,0.30
2503.0,0.29
2505.2,0.29
2507.4,0.29
2509.6,0.29
2511.8,0.29
2514.0,0.29
2516.2,0.29
2518.4,0.29
2520.6,0.29
2522.8,0.29
2525.0,0.29
2527.2,0.29
2529.4,0.29
2531.6,0.29
2533.8,0.29
2536.0,0.29
2538.2,0.29
2540.3,0.30
2542.5,0.29
2544.6,0.30
2546.8,0.29
2548.8,0.31
2550.9,0.30
2553.0,0.30
2555.0,0.31
2557.0,0.31
2559.1,0.30
2561.2,0.30
2563.4,0.29
2565.5,0.30
2567.6,0.30
2569.8,0.29
2571.9,0.30
2574.0,0.30
2576.2,0.29
2578.3,0.30
2580.4,0.30
2582.6,0.29
2584.8,0.29
2586.9,0.30
2589.1,0.29
2591.2,0.30
2593.4,0.29
2595.6,0.29
2597.7,0.30
2599.9,0.29
2602.1,0.29
2604.3,0.29
2606.5,0.29
2608.7,0.29
2610.8,0.30
2612.9,0.30
2615.0,0.30
2617.0,0.31
2619.1,0.30
2621.2,0.30
2623.3,0.30
2625.4,0.30
2627.5,0.30
2629.6,0.30
2631.6,0.31
2633.3,0.37
2635.0,0.37
2636.6,0.39
2638.1,0.42
2639.7,0.39
2641.3,0.39
2642.9,0.39
2644.5,0.39
2646.2,0.37
2647.8,0.39
2649.4,0.39
2651.1,0.37
2652.8,0.37
2654.6,0.35
2656.3,0.37
2658.2,0.33
2660.0,0.35
2661.8,0.35
2663.7,0.33
2665.5,0.35
2667.3,0.35
2669.2,0.33
2671.1,0.33
2672.9,0.35
2674.8,0.33
2676.6,0.35
2678.5,0.33
2680.4,0.33
2682.3,0.33
2684.2,0.33
2686.1,0.33
2688.0,0.33
2689.9,0.33
2691.9,0.31
2693.8,0.33
2695.7,0.33
2697.5,0.35
2699.4,0.33
2701.2,0.35
2703.0,0.35
2704.8,0.35
2706.7,0.33
2708.5,0.35
2710.4,0.33
2712.3,0.33
2714.2,0.33
2716.1,0.33
2718.0,0.33
2719.9,0.33
2721.8,0.33
2723.8,0.31
2725.7,0.33
2727.7,0.31
2729.7,0.31
2731.6,0.33
2733.6,0.31
2735.5,0.33
2737.4,0.33
2739.2,0.35
2741.1,0.33
2742.9,0.35
2744.8,0.33
2746.8,0.31
2748.7,0.33
2750.7,0.31
2752.7,0.31
2754.7,0.31
2756.6,0.33
2758.6,0.31
2760.6,0.31
2762.5,0.33
2764.5,0.31
2766.4,0.33
2768.3,0.33
2770.3,0.31
2772.2,0.33
2774.2,0.31
2776.2,0.31
2778.1,0.33
2780.1,0.31
2782.1,0.31
2784.0,0.33
2786.0,0.31
2788.0,0.31
2789.9,0.33
2791.9,0.31
2793.8,0.33
2795.9,0.30
2797.9,0.31
2799.9,0.31
2802.0,0.30
2804.0,0.31
2806.0,0.31
2807.9,0.33
2809.9,0.31
2811.9,0.31
2813.8,0.33
2815.7,0.33
2817.7,0.31
2819.6,0.33
2821.6,0.31
2823.6,0.31
2825.5,0.33
2827.5,0.31
2829.5,0.31
2831.5,0.31
2833.4,0.33
2835.2,0.35
2836.9,0.37
2838.5,0.39
2840.2,0.37
2841.8,0.39
2843.5,0.37
2845.1,0.39
2846.8,0.37
2848.4,0.39
2850.0,0.39
2851.7,0.37
2853.4,0.37
2855.1,0.37
2856.9,0.35
2858.6,0.37
2860.4,0.35
2862.2,0.35
2864.1,0.33
2865.9,0.35
2867.7,0.35
2869.5,0.35
2871.3,0.35
2873.1,0.35
2874.8,0.37
2876.7,0.33
2878.6,0.33
2880.5,0.33
2882.5,0.31
2884.4,0.33
2886.4,0.31
2888.3,0.33
2890.3,0.31
2892.2,0.33
2894.2,0.31
2896.2,0.31
2898.1,0.33
2900.0,0.33
2901.9,0.33
2903.8,0.33
2905.7,0.33
2907.5,0.35
2909.3,0.35
2911.2,0.33
2913.0,0.35
2914.9,0.33
2916.7,0.35
2918.6,0.33
2920.5,0.33
2922.4,0.33
2924.4,0.31
2926.4,0.31
2928.4,0.31
2930.3,0.33
2932.3,0.31
2934.4,0.30
2936.5,0.30
2938.6,0.30
2940.8,0.29
2942.9,0.30
2945.1,0.29
2947.3,0.29
2949.4,0.30
2951.5,0.30
2953.7,0.29
2955.9,0.29
2958.1,0.29
2960.3,0.29
2962.6,0.27
2964.9,0.27
2967.1,0.29
2969.3,0.29
2971.6,0.27
2973.9,0.27
2976.0,0.30
2978.2,0.29
2980.3,0.30
2982.3,0.31
2984.4,0.30
2986.6,0.29
2988.7,0.30
2990.8,0.30
2992.8,0.31
2994.9,0.30
2997.0,0.30
2999.0,0.31
3001.1,0.30
3003.1,0.31
3005.1,0.31
3007.2,0.30
3009.3,0.30
3011.4,0.30
3013.5,0.30
3015.7,0.29
3017.8,0.30
3020.0,0.29
3022.1,0.30
3024.2,0.30
3026.3,0.30
3028.4,0.30
3030.5,0.30
3032.7,0.29
3034.8,0.30
3036.8,0.31
3038.9,0.30
3040.9,0.31
3042.9,0.31
3044.9,0.31
3046.9,0.31
3048.9,0.31
3050.9,0.31
3052.9,0.31
3054.9,0.31
3057.0,0.30
3059.0,0.31
3061.1,0.30
3063.2,0.30
3065.2,0.31
3067.3,0.30
3069.5,0.29
3071.6,0.30
3073.8,0.29
3076.0,0.29
3078.1,0.30
3080.3,0.29
3082.3,0.31
3084.4,0.30
3086.4,0.31
3088.4,0.31
3090.5,0.30
3092.5,0.31
3094.5,0.31
3096.5,0.31
3098.5,0.31
3100.4,0.33
3102.4,0.31
3104.4,0.31
3106.4,0.31
3108.4,0.31
3110.3,0.33
3112.2,0.33
3114.1,0.33
3116.0,0.33
3118.0,0.31
3120.0,0.31
3122.0,0.31
3124.0,0.31
3126.1,0.30
3128.1,0.31
3130.1,0.31
3132.2,0.30
3134.1,0.33
3136.2,0.30
3138.2,0.31
3140.2,0.31
3142.3,0.30
3144.4,0.30
3146.4,0.31
3148.4,0.31
3150.5,0.30
3152.5,0.31
3154.5,0.31
3156.5,0.31
3158.4,0.33
3160.4,0.31
3162.4,0.31
3164.3,0.33
3166.3,0.31
3168.3,0.31
3170.4,0.30
3172.4,0.31
3174.4,0.31
3176.4,0.31
3178.5,0.30
3180.5,0.31
3182.5,0.31
3184.5,0.31
3186.6,0.30
3188.6,0.31
3190.6,0.31
3192.6,0.31
3194.6,0.31
3196.6,0.31
3198.6,0.31
3200.5,0.33
3202.5,0.31
3204.4,0.33
3206.4,0.31
3208.3,0.33
3210.2,0.33
3212.2,0.31
3214.1,0.33
3216.0,0.33
3217.9,0.33
3219.8,0.33
3221.8,0.31
3223.8,0.31
3225.7,0.33
3227.7,0.31
3229.8,0.30
3231.9,0.30
3233.9,0.31
3236.0,0.30
3238.0,0.31
3240.1,0.30
3242.2,0.30
3244.3,0.30
3246.4,0.30
3248.6,0.29
3250.8,0.29
3252.9,0.30
3255.1,0.29
3257.3,0.29
3259.5,0.29
3261.6,0.30
3263.6,0.31
3265.7,0.30
3267.8,0.30
3269.8,0.31
3271.8,0.31
3273.8,0.31
3275.8,0.31
3277.9,0.30
3279.9,0.31
3281.9,0.31
3284.0,0.30
3286.1,0.30
3288.1,0.31
3290.1,0.31
3292.1,0.31
3294.0,0.33
3296.0,0.31
3297.9,0.33
3299.9,0.31
3301.9,0.31
3303.8,0.33
3305.8,0.31
3307.8,0.31
3309.9,0.30
3311.9,0.31
3313.9,0.31
3315.9,0.31
3317.9,0.31
3319.9,0.31
3321.9,0.31
3323.9,0.31
3325.9,0.31
3327.8,0.33
3329.8,0.31
3331.7,0.33
3333.7,0.31
3335.6,0.33
3337.6,0.31
3339.6,0.31
3341.6,0.31
3343.6,0.31
3345.5,0.33
3347.5,0.31
3349.5,0.31
3351.5,0.31
3353.5,0.31
3355.5,0.31
3357.5,0.31
3359.5,0.31
3361.4,0.33
3363.4,0.31
3365.4,0.31
3367.3,0.33
3369.2,0.33
3371.1,0.33
3373.0,0.33
3374.9,0.33
3376.8,0.33
3378.7,0.33
3380.6,0.33
3382.5,0.33
3384.4,0.33
3386.4,0.31
3388.4,0.31
3390.3,0.33
3392.3,0.31
3394.2,0.33
3396.1,0.33
3397.9,0.35
3399.8,0.33
3401.8,0.31
3403.7,0.33
3405.6,0.33
3407.5,0.33
3409.4,0.33
3411.4,0.31
3413.3,0.33
3415.2,0.33
3417.1,0.33
3419.0,0.33
3420.9,0.33
3422.8,0.33
3424.6,0.35
3426.5,0.33
3428.3,0.35
3430.3,0.31
3432.2,0.33
3434.1,0.33
3436.0,0.33
3437.9,0.33
3439.8,0.33
3441.7,0.33
3443.6,0.33
3445.5,0.33
3447.4,0.33
3449.4,0.31
3451.4,0.31
3453.4,0.31
3455.4,0.31
3457.5,0.30
3459.6,0.30
3461.6,0.31
3463.5,0.33
3465.5,0.31
3467.4,0.33
3469.3,0.33
3471.0,0.37
3472.7,0.37
3474.3,0.39
3476.0,0.37
3477.7,0.37
3479.3,0.39
3481.0,0.37
3482.7,0.37
3484.3,0.39
3486.0,0.37
3487.7,0.37
3489.3,0.39
3490.9,0.39
3492.6,0.37
3494.2,0.39
3495.8,0.39
3497.4,0.39
3499.0,0.39
3500.6,0.39
3502.1,0.42
3503.8,0.37
3505.4,0.39
3507.1,0.37
3508.7,0.39
3510.4,0.37
3512.0,0.39
3513.7,0.37
3515.4,0.37
3517.1,0.37
3518.8,0.37
3520.4,0.39
3522.1,0.37
3523.8,0.37
3525.5,0.37
3527.2,0.37
3528.9,0.37
3530.6,0.37
3532.3,0.37
3533.9,0.39
3535.6,0.37
3537.2,0.39
3538.8,0.39
3540.4,0.39
3542.0,0.39
3543.6,0.39
3545.2,0.39
3546.8,0.39
3548.5,0.37
3550.2,0.37
3552.0,0.35
3553.9,0.33
3555.9,0.31
3557.8,0.33
3559.8,0.31
3561.8,0.31
3563.7,0.33
3565.7,0.31
3567.6,0.33
3569.6,0.31
3571.7,0.30
3573.7,0.31
3575.7,0.31
3577.7,0.31
3579.8,0.30
3581.9,0.30
3583.9,0.31
3586.0,0.30
3588.0,0.31
3590.1,0.30
3592.1,0.31
3594.2,0.30
3596.2,0.31
3598.2,0.31
3600.3,0.30
3602.3,0.31
3604.4,0.30
3606.4,0.31
3608.4,0.31
3610.5,0.30
3612.5,0.31
3614.6,0.30
3616.6,0.31
3618.7,0.30
3620.7,0.31
3622.6,0.33
3624.6,0.31
3626.6,0.31
3628.6,0.31
3630.6,0.31
3632.6,0.31
3634.6,0.31
3636.6,0.31
3638.6,0.31
3640.5,0.33
3642.5,0.31
3644.5,0.31
3646.5,0.31
3648.5,0.31
3650.5,0.31
3652.5,0.31
3654.4,0.33
3656.4,0.31
3658.3,0.33
3660.2,0.33
3662.1,0.33
3664.1,0.31
3666.1,0.31
3668.1,0.31
3670.2,0.30
3672.4,0.29
3674.5,0.30
3676.6,0.30
3678.6,0.31
3680.7,0.30
3682.7,0.31
3684.7,0.31
3686.7,0.31
3688.7,0.31
3690.7,0.31
3692.7,0.31
3694.7,0.31
3696.6,0.33
3698.6,0.31
3700.6,0.31
3702.5,0.33
3704.5,0.31
3706.5,0.31
3708.5,0.31
3710.5,0.31
3712.5,0.31
3714.6,0.30
3716.5,0.33
3718.5,0.31
3720.5,0.31
3722.5,0.31
3724.6,0.30
3726.6,0.31
3728.7,0.30
3730.8,0.30
3732.9,0.30
3734.9,0.31
3736.8,0.33
3738.6,0.35
3740.5,0.33
3742.4,0.33
3744.3,0.33
3746.2,0.33
3748.2,0.31
3750.1,0.33
3752.0,0.33
3753.9,0.33
3755.8,0.33
3757.7,0.33
3759.6,0.33
3761.6,0.31
3763.5,0.33
3765.5,0.31
3767.5,0.31
3769.6,0.30
3771.7,0.30
3773.8,0.30
3775.9,0.30
3778.0,0.30
3780.0,0.31
3782.0,0.31
3784.0,0.31
3786.0,0.31
3788.0,0.31
3790.0,0.31
3791.9,0.33
3793.9,0.31
3795.8,0.33
3797.8,0.31
3799.8,0.31
3801.8,0.31
3803.8,0.31
3805.8,0.31
3807.7,0.33
3809.6,0.33
3811.6,0.31
3813.4,0.35
3815.3,0.33
3817.2,0.33
3819.1,0.33
3821.0,0.33
3822.9,0.33
3824.7,0.35
3826.6,0.33
3828.5,0.33
3830.3,0.35
3832.2,0.33
3834.1,0.33
3836.0,0.33
3837.8,0.35
3839.6,0.35
3841.5,0.33
3843.4,0.33
3845.3,0.33
3847.2,0.33
3849.2,0.31
3851.1,0.33
3852.9,0.35
3854.8,0.33
3856.7,0.33
3858.6,0.33
3860.4,0.35
3862.3,0.33
3864.1,0.35
3865.9,0.35
3867.7,0.35
3869.6,0.33
3871.5,0.33
3873.4,0.33
3875.3,0.33
3877.2,0.33
3879.1,0.33
3881.0,0.33
3883.0,0.31
3885.0,0.31
3886.9,0.33
3888.9,0.31
3890.9,0.31
3892.8,0.33
3894.8,0.31
3896.8,0.31
3898.7,0.33
3900.6,0.33
3902.5,0.33
3904.4,0.33
3906.3,0.33
3908.3,0.31
3910.2,0.33
3912.1,0.33
3914.0,0.33
3915.9,0.33
3917.8,0.33
3919.8,0.31
3921.7,0.33
3923.6,0.33
3925.6,0.31
3927.6,0.31
3929.6,0.31
3931.6,0.31
3933.5,0.33
3935.5,0.31
3937.4,0.33
3939.3,0.33
3941.1,0.35
3943.0,0.33
3944.8,0.35
3946.7,0.33
3948.6,0.33
3950.5,0.33
3952.5,0.31
3954.4,0.33
3956.3,0.33
3958.2,0.33
3960.2,0.31
3962.2,0.31
3964.1,0.33
3966.0,0.33
3967.9,0.33
3969.9,0.31
3971.8,0.33
3973.7,0.33
3975.5,0.35
3977.4,0.33
3979.3,0.33
3981.2,0.33
3983.2,0.31
3985.2,0.31
3987.2,0.31
3989.2,0.31
3991.2,0.31
3993.2,0.31
3995.3,0.30
3997.3,0.31
3999.3,0.31
4001.4,0.30
4003.4,0.31
4005.4,0.31
4007.4,0.31
4009.5,0.30
4011.5,0.31
4013.7,0.29
4015.8,0.30
4017.9,0.30
4019.9,0.31
4022.0,0.30
4024.1,0.30
4026.2,0.30
4028.3,0.30
4030.4,0.30
4032.5,0.30
4034.5,0.31
4036.6,0.30
4038.6,0.31
4040.7,0.30
4042.8,0.30
4044.9,0.30
4047.0,0.30
4049.1,0.30
4051.2,0.30
4053.3,0.30
4055.4,0.30
4057.5,0.30
4059.7,0.29
4061.8,0.30
4063.9,0.30
4066.1,0.29
4068.3,0.29
4070.5,0.29
4072.8,0.27
4075.0,0.29
4077.2,0.29
4079.5,0.27
4081.7,0.29
4084.0,0.27
4086.2,0.29
4088.4,0.29
4090.6,0.29
4092.8,0.29
4094.8,0.31
4096.9,0.30
4099.0,0.30
4101.1,0.30
4103.2,0.30
4105.4,0.29
4107.6,0.29
4109.9,0.27
4112.2,0.27
4114.5,0.27
4116.8,0.27
4119.1,0.27
4121.3,0.29
4123.6,0.27
4125.9,0.27
4128.1,0.29
4130.3,0.29
4132.5,0.29
4134.7,0.29
4136.9,0.29
4139.1,0.29
4141.2,0.30
4143.3,0.30
4145.4,0.30
4147.4,0.31
4149.4,0.31
4151.5,0.30
4153.4,0.33
4155.2,0.35
4156.9,0.37
4158.7,0.35
4160.4,0.37
4162.1,0.37
4163.8,0.37
4165.4,0.39
4167.1,0.37
4168.7,0.39
4170.4,0.37
4172.1,0.37
4173.8,0.37
4175.5,0.37
4177.2,0.37
4178.9,0.37
4180.7,0.35
4182.4,0.37
4184.3,0.33
4186.1,0.35
4187.9,0.35
4189.8,0.33
4191.7,0.33
4193.6,0.33
4195.6,0.31
4197.6,0.31
4199.6,0.31
4201.7,0.30
4203.8,0.30
4205.9,0.30
4208.0,0.30
4210.1,0.30
4212.1,0.31
4214.3,0.29
4216.4,0.30
4218.6,0.29
4220.9,0.27
4223.1,0.29
4225.4,0.27
4227.5,0.30
4229.7,0.29
4231.8,0.30
4234.0,0.29
4236.1,0.30
4238.3,0.29
4240.6,0.27
4242.9,0.27
4245.2,0.27
4247.6,0.26
4249.9,0.27
4252.1,0.29
4254.4,0.27
4256.7,0.27
4259.0,0.27
4261.3,0.27
4263.6,0.27
4265.9,0.27
4268.1,0.29
4270.4,0.27
4272.6,0.29
4274.7,0.30
4276.9,0.29
4279.0,0.30
4281.1,0.30
4283.4,0.27
4285.6,0.29
4287.7,0.30
4289.9,0.29
4292.1,0.29
4294.3,0.29
4296.6,0.27
4298.8,0.29
4301.1,0.27
4303.3,0.29
4305.6,0.27
4307.9,0.27
4310.1,0.29
4312.2,0.30
4314.4,0.29
4316.6,0.29
4318.7,0.30
4320.9,0.29
4323.2,0.27
4325.4,0.29
4327.6,0.29
4329.7,0.30
4331.8,0.30
4333.9,0.30
4335.9,0.31
4338.0,0.30
4340.0,0.31
4342.0,0.31
4344.0,0.31
4346.0,0.31
4348.1,0.30
4350.2,0.30
4352.4,0.29
4354.5,0.30
4356.7,0.29
4358.9,0.29
4361.1,0.29
4363.3,0.29
4365.6,0.27
4367.8,0.29
4369.9,0.30
4372.0,0.30
4374.1,0.30
4376.2,0.30
4378.3,0.30
4380.4,0.30
4382.6,0.29
4384.8,0.29
4387.0,0.29
4389.2,0.29
4391.4,0.29
4393.5,0.30
4395.5,0.31
4397.6,0.30
4399.8,0.29
4402.0,0.29
4404.2,0.29
4406.4,0.29
4408.6,0.29
4410.8,0.29
4412.9,0.30
4414.9,0.31
4417.0,0.30
4419.1,0.30
4421.2,0.30
4423.3,0.30
4425.3,0.31
4427.4,0.30
4429.5,0.30
4431.7,0.29
4433.8,0.30
4435.9,0.30
4438.1,0.29
4440.2,0.30
4442.4,0.29
4444.7,0.27
4446.9,0.29
4449.1,0.29
4451.2,0.30
4453.3,0.30
4455.4,0.30
4457.5,0.30
4459.6,0.30
4461.6,0.31
4463.7,0.30
4465.8,0.30
4467.9,0.30
4470.0,0.30
4472.1,0.30
4474.1,0.31
4476.2,0.30
4478.1,0.33
4480.1,0.31
4482.2,0.30
4484.3,0.30
4486.4,0.30
4488.6,0.29
4490.8,0.29
4492.9,0.30
4495.1,0.29
4497.2,0.30
4499.3,0.30
4501.5,0.29
4503.7,0.29
4505.9,0.29
4508.1,0.29
4510.3,0.29
4512.4,0.30
4514.6,0.29
4516.7,0.30
4518.9,0.29
4521.0,0.30
4523.2,0.29
4525.4,0.29
4527.6,0.29
4529.8,0.29
4531.9,0.30
4534.0,0.30
4536.1,0.30
4538.1,0.31
4540.2,0.30
4542.3,0.30
4544.4,0.30
4546.5,0.30
4548.6,0.30
4550.7,0.30
4552.8,0.30
4554.9,0.30
4557.0,0.30
4559.1,0.30
4561.1,0.31
4563.2,0.30
4565.2,0.31
4567.2,0.31
4569.2,0.31
4571.2,0.31
4573.3,0.30
4575.3,0.31
4577.3,0.31
4579.3,0.31
4581.3,0.31
4583.3,0.31
4585.3,0.31
4587.3,0.31
4589.3,0.31
4591.3,0.31
4593.3,0.31
4595.3,0.31
4597.3,0.31
4599.4,0.30
4601.5,0.30
4603.6,0.30
4605.8,0.29
4607.9,0.30
4610.0,0.30
4612.0,0.31
4614.1,0.30
4616.1,0.31
4618.1,0.31
4620.1,0.31
4622.1,0.31
4624.2,0.30
4626.3,0.30
4628.4,0.30
4630.5,0.30
4632.5,0.31
4634.4,0.33
4636.4,0.31
4638.3,0.33
4640.3,0.31
4642.2,0.33
4644.2,0.31
4646.1,0.33
4648.1,0.31
4650.2,0.30
4652.2,0.31
4654.4,0.29
4656.4,0.31
4658.6,0.29
4660.7,0.30
4662.9,0.29
4665.0,0.30
4667.1,0.30
4669.2,0.30
4671.3,0.30
4673.4,0.30
4675.6,0.29
4677.7,0.30
4679.8,0.30
4681.9,0.30
4684.0,0.30
4686.1,0.30
4688.1,0.31
4690.2,0.30
4692.2,0.31
4694.3,0.30
4696.3,0.31
4698.4,0.30
4700.5,0.30
4702.6,0.30
4704.7,0.30
4706.8,0.30
4708.8,0.31
4710.9,0.30
4712.9,0.31
4715.0,0.30
4717.1,0.30
4719.1,0.31
4721.2,0.30
4723.2,0.31
4725.3,0.30
4727.4,0.30
4729.5,0.30
4731.5,0.31
4733.5,0.31
4735.5,0.31
4737.5,0.31
4739.5,0.31
4741.6,0.30
4743.6,0.31
4745.7,0.30
4747.8,0.30
4749.8,0.31
4751.9,0.30
4753.9,0.31
4755.9,0.31
4758.0,0.30
4760.0,0.31
4762.1,0.30
4764.2,0.30
4766.3,0.30
4768.4,0.30
4770.4,0.31
4772.4,0.31
4774.5,0.30
4776.6,0.30
4778.6,0.31
4780.7,0.30
4782.8,0.30
4784.9,0.30
4787.0,0.30
4789.0,0.31
4791.1,0.30
4793.1,0.31
4794.8,0.37
4796.5,0.37
4798.2,0.37
4799.8,0.39
4801.4,0.39
4803.1,0.37
4804.7,0.39
4806.4,0.37
4808.0,0.39
4809.6,0.39
4811.2,0.39
4812.8,0.39
4814.4,0.39
4816.0,0.39
4817.6,0.39
4819.2,0.39
4820.8,0.39
4822.4,0.39
4824.0,0.39
4825.6,0.39
4827.2,0.39
4828.8,0.39
4830.4,0.39
4832.0,0.39
4833.7,0.37
4835.4,0.37
4837.1,0.37
4838.9,0.35
4840.6,0.37
4842.4,0.35
4844.2,0.35
4846.1,0.33
4848.0,0.33
4849.8,0.35
4851.7,0.33
4853.7,0.31
4855.7,0.31
4857.7,0.31
4859.7,0.31
4861.7,0.31
4863.6,0.33
4865.5,0.33
4867.4,0.33
4869.2,0.35
4871.0,0.35
4872.8,0.35
4874.6,0.35
4876.4,0.35
4878.2,0.35
4880.0,0.35
4881.8,0.35
4883.6,0.35
4885.5,0.33
4887.3,0.35
4889.2,0.33
4891.1,0.33
4893.0,0.33
4894.9,0.33
4896.9,0.31
4898.8,0.33
4900.7,0.33
4902.6,0.33
4904.5,0.33
4906.4,0.33
4908.4,0.31
4910.4,0.31
4912.3,0.33
4914.2,0.33
4916.2,0.31
4918.1,0.33
4920.0,0.33
4921.9,0.33
4923.9,0.31
4925.8,0.33
4927.7,0.33
4929.6,0.33
4931.6,0.31
4933.5,0.33
4935.4,0.33
4937.3,0.33
4939.3,0.31
4941.2,0.33
4943.2,0.31
4945.2,0.31
4947.2,0.31
4949.3,0.30
4951.4,0.30
4953.4,0.31
4955.6,0.29
4957.7,0.30
4959.8,0.30
4961.9,0.30
4963.9,0.31
4966.0,0.30
4968.2,0.29
4970.3,0.30
4972.4,0.30
4974.5,0.30
4976.6,0.30
4978.8,0.29
4980.9,0.30
4983.1,0.29
4985.2,0.30
4987.3,0.30
4989.4,0.30
4991.6,0.29
4993.7,0.30
4995.8,0.30
4997.9,0.30
4999.9,0.31
5001.9,0.31
5003.8,0.33
5005.8,0.31
5007.8,0.31
5009.8,0.31
5011.8,0.31
5013.8,0.31
5015.8,0.31
5017.7,0.33
5019.7,0.31
5021.6,0.33
5023.6,0.31
5025.6,0.31
5027.5,0.33
5029.5,0.31
5031.5,0.31
5033.6,0.30
5035.6,0.31
5037.6,0.31
5039.5,0.33
5041.5,0.31
5043.5,0.31
5045.6,0.30
5047.6,0.31
5049.7,0.30
5051.9,0.29
5054.0,0.30
5056.1,0.30
5058.2,0.30
5060.3,0.30
5062.4,0.30
5064.4,0.31
5066.4,0.31
5068.5,0.30
5070.6,0.30
5072.7,0.30
5074.8,0.30
5076.8,0.31
5078.9,0.30
5080.9,0.31
5082.9,0.31
5084.9,0.31
5087.0,0.30
5089.0,0.31
5091.1,0.30
5093.2,0.30
5095.3,0.30
5097.3,0.31
5099.2,0.33
5101.2,0.31
5103.2,0.31
5105.2,0.31
5107.2,0.31
5109.2,0.31
5111.3,0.30
5113.4,0.30
5115.5,0.30
5117.6,0.30
5119.6,0.31
5121.7,0.30
5123.7,0.31
5125.8,0.30
5127.8,0.31
5129.9,0.30
5132.0,0.30
5134.0,0.31
5136.1,0.30
5138.1,0.31
5140.1,0.31
5142.1,0.31
5144.2,0.30
5146.3,0.30
5148.4,0.30
5150.5,0.30
5152.6,0.30
5154.6,0.31
5156.6,0.31
5158.6,0.31
5160.7,0.30
5162.7,0.31
5164.7,0.31
5166.7,0.31
5168.7,0.31
5170.7,0.31
5172.7,0.31
5174.7,0.31
5176.8,0.30
5178.8,0.31
5180.8,0.31
5182.8,0.31
5184.8,0.31
5186.9,0.30
5189.0,0.30
5191.1,0.30
5193.1,0.31
5195.1,0.31
5197.2,0.30
5199.3,0.30
5201.4,0.30
5203.5,0.30
5205.7,0.29
5207.9,0.29
5210.0,0.30
5212.1,0.30
5214.1,0.31
5216.2,0.30
5218.3,0.30
5220.4,0.30
5222.6,0.29
5224.8,0.29
5227.0,0.29
5229.2,0.29
5231.4,0.29
5233.5,0.30
5235.7,0.29
5237.8,0.30
5239.9,0.30
5242.1,0.29
5244.2,0.30
5246.3,0.30
5248.5,0.29
5250.6,0.30
5252.7,0.30
5254.9,0.29
5257.0,0.30
5259.1,0.30
5261.2,0.30
5263.4,0.29
5265.6,0.29
5267.6,0.31
5269.7,0.30
5271.7,0.31
5273.8,0.30
5275.9,0.30
5278.0,0.30
5280.2,0.29
5282.3,0.30
5284.5,0.29
5286.7,0.29
5288.9,0.29
5291.0,0.30
5293.2,0.29
5295.4,0.29
5297.6,0.29
5299.7,0.30
5301.9,0.29
5303.9,0.31
5306.0,0.30
5308.1,0.30
5310.1,0.31
5312.2,0.30
5314.3,0.30
5316.4,0.30
5318.5,0.30
5320.6,0.30
5322.6,0.31
5324.7,0.30
5326.7,0.31
5328.8,0.30
5330.9,0.30
5333.0,0.30
5335.1,0.30
5337.2,0.30
5339.3,0.30
5341.4,0.30
5343.6,0.29
5345.8,0.29
5347.9,0.30
5350.1,0.29
5352.3,0.29
5354.5,0.29
5356.6,0.30
5358.8,0.29
5360.9,0.30
5363.1,0.29
5365.2,0.30
5367.4,0.29
5369.5,0.30
5371.7,0.29
5373.8,0.30
5375.9,0.30
5378.0,0.30
5380.1,0.30
5382.2,0.30
5384.4,0.29
5386.5,0.30
5388.6,0.30
5390.7,0.30
5392.8,0.30
5394.8,0.31
5396.9,0.30
0.0,0.00
