2.4,0.45
3.9,0.42
5.3,0.45
6.9,0.39
8.5,0.39
10.3,0.35
12.2,0.33
14.2,0.31
16.3,0.30
18.4,0.30
20.6,0.29
22.8,0.29
25.2,0.26
27.8,0.24
28.8,0.00
60.7,0.00
61.7,0.33
63.4,0.37
65.2,0.35
66.9,0.37
68.7,0.35
70.5,0.35
72.3,0.35
74.0,0.37
75.7,0.37
77.4,0.37
79.0,0.39
80.7,0.37
82.3,0.39
83.9,0.39
85.4,0.42
86.9,0.42
88.4,0.42
89.8,0.45
91.2,0.45
92.6,0.45
93.9,0.48
95.2,0.48
96.5,0.48
97.8,0.48
99.0,0.52
100.3,0.48
101.6,0.48
102.9,0.48
104.2,0.48
105.6,0.45
106.9,0.48
108.2,0.48
109.4,0.52
110.7,0.48
111.9,0.52
113.2,0.48
114.4,0.52
115.7,0.48
116.9,0.52
118.2,0.48
119.4,0.52
120.6,0.52
121.9,0.48
123.1,0.52
124.3,0.52
125.5,0.52
126.7,0.52
127.9,0.52
129.1,0.52
130.4,0.48
131.6,0.52
132.9,0.48
134.1,0.52
135.3,0.52
136.6,0.48
137.8,0.52
139.0,0.52
140.2,0.52
141.4,0.52
142.6,0.52
143.9,0.48
145.1,0.52
146.4,0.48
147.6,0.52
148.8,0.52
150.0,0.52
151.2,0.52
152.4,0.52
153.6,0.52
154.8,0.52
156.0,0.52
157.2,0.52
158.4,0.52
159.6,0.52
160.8,0.52
162.0,0.52
163.2,0.52
164.4,0.52
165.7,0.48
166.9,0.52
168.1,0.52
169.4,0.48
170.6,0.52
171.9,0.48
173.2,0.48
174.4,0.52
175.7,0.48
176.9,0.52
178.2,0.48
179.4,0.52
180.7,0.48
181.9,0.52
183.2,0.48
184.5,0.48
185.7,0.52
187.0,0.48
188.2,0.52
189.5,0.48
190.8,0.48
192.0,0.52
193.3,0.48
194.6,0.48
195.8,0.52
197.1,0.48
198.4,0.48
199.7,0.48
200.9,0.52
202.2,0.48
203.4,0.52
204.7,0.48
205.9,0.52
207.1,0.52
208.4,0.48
209.6,0.52
210.8,0.52
212.1,0.48
213.3,0.52
214.5,0.52
215.8,0.48
217.0,0.52
218.3,0.48
219.5,0.52
220.8,0.48
222.0,0.52
223.2,0.52
224.5,0.48
225.7,0.52
226.9,0.52
228.2,0.48
229.5,0.48
230.8,0.48
232.0,0.52
233.3,0.48
234.6,0.48
235.8,0.52
237.0,0.52
238.2,0.52
239.5,0.48
240.7,0.52
242.0,0.48
243.2,0.52
244.5,0.48
245.8,0.48
247.0,0.52
248.3,0.48
249.5,0.52
250.8,0.48
252.1,0.48
253.3,0.52
254.5,0.52
255.8,0.48
257.0,0.52
258.2,0.52
259.5,0.48
260.8,0.48
262.1,0.48
263.3,0.52
264.6,0.48
266.0,0.45
267.3,0.48
268.6,0.48
270.0,0.45
271.3,0.48
272.6,0.48
274.0,0.45
275.3,0.48
276.6,0.48
277.9,0.48
279.2,0.48
280.5,0.48
281.8,0.48
283.1,0.48
284.5,0.45
285.9,0.45
287.2,0.48
288.6,0.45
289.9,0.48
291.2,0.48
292.5,0.48
293.8,0.48
295.1,0.48
296.4,0.48
297.8,0.45
299.1,0.48
300.4,0.48
301.7,0.48
303.0,0.48
304.3,0.48
305.6,0.48
306.9,0.48
308.2,0.48
309.5,0.48
310.8,0.48
312.2,0.45
313.5,0.48
314.8,0.48
316.2,0.45
317.5,0.48
318.9,0.45
320.2,0.48
321.6,0.45
322.9,0.48
324.2,0.48
325.5,0.48
326.8,0.48
328.1,0.48
329.5,0.45
330.8,0.48
332.1,0.48
333.5,0.45
334.8,0.48
336.2,0.45
337.5,0.48
338.9,0.45
340.2,0.48
341.5,0.48
342.9,0.45
344.2,0.48
345.6,0.45
347.0,0.45
348.4,0.45
349.7,0.48
351.0,0.48
352.4,0.45
353.7,0.48
355.0,0.48
356.3,0.48
357.6,0.48
358.9,0.48
360.1,0.52
361.4,0.48
362.7,0.48
364.0,0.48
365.3,0.48
366.6,0.48
367.9,0.48
369.2,0.48
370.5,0.48
371.9,0.45
373.3,0.45
374.7,0.45
376.1,0.45
377.5,0.45
378.9,0.45
380.2,0.48
381.6,0.45
382.9,0.48
384.2,0.48
385.5,0.48
386.8,0.48
388.1,0.48
389.4,0.48
390.8,0.45
392.1,0.48
393.4,0.48
394.8,0.45
396.1,0.48
397.4,0.48
398.7,0.48
400.0,0.48
401.3,0.48
402.6,0.48
403.9,0.48
405.2,0.48
406.6,0.45
407.9,0.48
409.3,0.45
410.7,0.45
412.1,0.45
413.5,0.45
414.9,0.45
416.2,0.48
417.5,0.48
418.9,0.45
420.1,0.52
421.4,0.48
422.7,0.48
424.0,0.48
425.3,0.48
426.7,0.45
428.1,0.45
429.5,0.45
430.9,0.45
432.3,0.45
433.8,0.42
435.2,0.45
436.6,0.45
438.0,0.45
439.4,0.45
440.8,0.45
442.1,0.48
443.4,0.48
444.8,0.45
446.1,0.48
447.5,0.45
448.9,0.45
450.2,0.48
451.6,0.45
452.9,0.48
454.3,0.45
455.6,0.48
456.9,0.48
458.3,0.45
459.6,0.48
460.9,0.48
462.2,0.48
463.6,0.45
464.9,0.48
466.3,0.45
467.7,0.45
469.1,0.45
470.4,0.48
471.8,0.45
473.2,0.45
474.6,0.45
475.9,0.48
477.3,0.45
478.6,0.48
480.0,0.45
481.4,0.45
482.8,0.45
484.1,0.48
485.4,0.48
486.8,0.45
488.1,0.48
489.4,0.48
490.8,0.45
492.1,0.48
493.5,0.45
494.8,0.48
496.2,0.45
497.6,0.45
499.0,0.45
500.3,0.48
501.7,0.45
503.1,0.45
504.4,0.48
505.8,0.45
507.2,0.45
508.6,0.45
510.0,0.45
511.4,0.45
512.8,0.45
514.2,0.45
515.5,0.48
516.9,0.45
518.2,0.48
519.6,0.45
521.0,0.45
522.4,0.45
523.8,0.45
525.1,0.48
526.5,0.45
527.9,0.45
529.3,0.45
530.8,0.42
532.2,0.45
533.6,0.45
535.0,0.45
536.4,0.45
537.8,0.45
539.2,0.45
540.6,0.45
542.0,0.45
543.4,0.45
544.8,0.45
546.1,0.48
547.5,0.45
548.9,0.45
550.3,0.45
551.7,0.45
553.1,0.45
554.5,0.45
555.9,0.45
557.3,0.45
558.6,0.48
560.0,0.45
561.3,0.48
562.7,0.45
564.0,0.48
565.3,0.48
566.7,0.45
568.0,0.48
569.4,0.45
570.7,0.48
572.0,0.48
573.4,0.45
574.7,0.48
576.0,0.48
577.4,0.45
578.7,0.48
580.0,0.48
581.3,0.48
582.7,0.45
584.0,0.48
585.4,0.45
586.7,0.48
588.0,0.48
589.4,0.45
590.7,0.48
592.0,0.48
593.3,0.48
594.7,0.45
596.0,0.48
597.4,0.45
598.8,0.45
600.2,0.45
601.6,0.45
603.0,0.45
604.3,0.48
605.7,0.45
607.0,0.48
608.4,0.45
609.7,0.48
611.1,0.45
612.4,0.48
613.8,0.45
615.2,0.45
616.5,0.48
617.8,0.48
619.2,0.45
620.5,0.48
621.8,0.48
623.2,0.45
624.5,0.48
625.9,0.45
627.3,0.45
628.6,0.48
630.0,0.45
631.3,0.48
632.6,0.48
633.9,0.48
635.3,0.45
636.6,0.48
638.0,0.45
639.4,0.45
640.7,0.48
642.1,0.45
643.5,0.45
644.9,0.45
646.3,0.45
647.8,0.42
649.3,0.42
650.7,0.45
652.2,0.42
653.5,0.48
654.9,0.45
656.3,0.45
657.6,0.48
658.9,0.48
660.3,0.45
661.6,0.48
663.0,0.45
664.3,0.48
665.7,0.45
667.1,0.45
668.5,0.45
669.9,0.45
671.3,0.45
672.6,0.48
674.0,0.45
675.4,0.45
676.8,0.45
678.1,0.48
679.4,0.48
680.7,0.48
682.0,0.48
683.5,0.42
684.9,0.45
686.4,0.42
687.8,0.45
689.1,0.48
690.4,0.48
691.7,0.48
692.9,0.52
694.1,0.52
695.3,0.52
696.6,0.48
697.9,0.48
699.2,0.48
700.5,0.48
701.9,0.45
703.2,0.48
704.6,0.45
705.9,0.48
707.2,0.48
708.5,0.48
709.9,0.45
711.2,0.48
712.5,0.48
713.8,0.48
715.1,0.48
716.4,0.48
717.7,0.48
719.0,0.48
720.4,0.45
721.7,0.48
723.0,0.48
724.3,0.48
725.7,0.45
727.0,0.48
728.4,0.45
729.7,0.48
731.1,0.45
732.4,0.48
733.8,0.45
735.2,0.45
736.5,0.48
737.9,0.45
739.4,0.42
740.8,0.45
742.4,0.39
743.8,0.45
745.3,0.42
746.8,0.42
748.2,0.45
749.6,0.45
751.0,0.45
752.4,0.45
753.8,0.45
755.1,0.48
756.5,0.45
758.0,0.42
759.4,0.45
760.8,0.45
762.2,0.45
763.6,0.45
765.0,0.45
766.4,0.45
767.8,0.45
769.2,0.45
770.6,0.45
772.0,0.45
773.4,0.45
774.8,0.45
776.2,0.45
777.7,0.42
779.1,0.45
780.5,0.45
782.0,0.42
783.4,0.45
784.8,0.45
786.2,0.45
787.6,0.45
789.0,0.45
790.4,0.45
791.9,0.42
793.3,0.45
794.8,0.42
796.2,0.45
797.8,0.39
799.2,0.45
800.8,0.39
802.3,0.42
803.8,0.42
805.4,0.39
806.9,0.42
808.5,0.39
810.1,0.39
811.6,0.42
813.1,0.42
814.6,0.42
816.1,0.42
817.6,0.42
819.0,0.45
820.5,0.42
822.0,0.42
823.5,0.42
825.0,0.42
826.5,0.42
827.9,0.45
829.4,0.42
830.9,0.42
832.4,0.42
833.9,0.42
835.4,0.42
836.9,0.42
838.4,0.42
839.9,0.42
841.4,0.42
842.8,0.45
844.3,0.42
845.8,0.42
847.3,0.42
848.8,0.42
850.3,0.42
851.8,0.42
853.4,0.39
854.9,0.42
856.4,0.42
858.0,0.39
859.4,0.45
860.9,0.42
862.4,0.42
863.9,0.42
865.5,0.39
867.0,0.42
868.5,0.42
870.0,0.42
871.6,0.39
873.1,0.42
874.6,0.42
876.1,0.42
877.6,0.42
879.1,0.42
880.5,0.45
882.0,0.42
883.5,0.42
885.0,0.42
886.5,0.42
888.1,0.39
889.6,0.42
891.1,0.42
892.7,0.39
894.3,0.39
895.8,0.42
897.4,0.39
898.9,0.42
900.5,0.39
902.0,0.42
903.5,0.42
905.1,0.39
906.6,0.42
908.2,0.39
909.8,0.39
911.3,0.42
912.9,0.39
914.5,0.39
916.1,0.39
917.7,0.39
919.2,0.42
920.8,0.39
922.3,0.42
923.9,0.39
925.4,0.42
927.0,0.39
928.5,0.42
930.1,0.39
931.6,0.42
933.2,0.39
934.7,0.42
936.3,0.39
937.8,0.42
939.3,0.42
940.8,0.42
942.3,0.42
943.9,0.39
945.4,0.42
947.0,0.39
948.5,0.42
950.1,0.39
951.6,0.42
953.1,0.42
954.6,0.42
956.1,0.42
957.5,0.45
959.0,0.42
960.5,0.42
962.1,0.39
963.6,0.42
965.2,0.39
966.7,0.42
968.2,0.42
969.8,0.39
971.3,0.42
972.8,0.42
974.2,0.45
975.7,0.42
977.2,0.42
978.7,0.42
980.2,0.42
981.8,0.39
983.3,0.42
984.8,0.42
986.4,0.39
988.0,0.39
989.5,0.42
991.1,0.39
992.6,0.42
994.1,0.42
995.7,0.39
997.2,0.42
998.8,0.39
1000.3,0.42
1001.9,0.39
1003.3,0.45
1004.8,0.42
1006.2,0.45
1007.6,0.45
1009.1,0.42
1010.6,0.42
1012.1,0.42
1013.7,0.39
1015.3,0.39
1016.9,0.39
1018.5,0.39
1020.0,0.42
1021.6,0.39
1023.1,0.42
1024.6,0.42
1026.1,0.42
1027.5,0.45
1029.0,0.42
1030.5,0.42
1032.0,0.42
1033.5,0.42
1035.0,0.42
1036.5,0.42
1037.9,0.45
1039.4,0.42
1040.9,0.42
1042.4,0.42
1043.9,0.42
1045.4,0.42
1046.9,0.42
1048.4,0.42
1049.8,0.45
1051.3,0.42
1052.8,0.42
1054.3,0.42
1055.8,0.42
1057.4,0.39
1058.9,0.42
1060.4,0.42
1061.9,0.42
1063.3,0.45
1064.9,0.39
1066.4,0.42
1067.9,0.42
1069.4,0.42
1071.0,0.39
1072.5,0.42
1074.0,0.42
1075.5,0.42
1077.1,0.39
1078.7,0.39
1080.2,0.42
1081.7,0.42
1083.2,0.42
1084.7,0.42
1086.2,0.42
1087.7,0.42
1089.2,0.42
1090.7,0.42
1092.1,0.45
1093.6,0.42
1095.0,0.45
1096.5,0.42
1098.0,0.42
1099.5,0.42
1101.0,0.42
1102.6,0.39
1104.2,0.39
1105.9,0.37
1107.5,0.39
1109.0,0.42
1110.6,0.39
1112.1,0.42
1113.7,0.39
1115.3,0.39
1116.8,0.42
1118.4,0.39
1120.0,0.39
1121.5,0.42
1123.1,0.39
1124.7,0.39
1126.2,0.42
1127.7,0.42
1129.1,0.45
1130.6,0.42
1132.1,0.42
1133.5,0.45
1135.1,0.39
1136.6,0.42
1138.1,0.42
1139.6,0.42
1141.2,0.39
1142.7,0.42
1144.2,0.42
1145.7,0.42
1147.2,0.42
1148.8,0.39
1150.3,0.42
1151.9,0.39
1153.4,0.42
1155.0,0.39
1156.5,0.42
1157.9,0.45
1159.4,0.42
1161.0,0.39
1162.5,0.42
1164.0,0.42
1165.5,0.42
1167.0,0.42
1168.5,0.42
1170.1,0.39
1171.6,0.42
1173.2,0.39
1174.7,0.42
1176.3,0.39
1177.8,0.42
1179.4,0.39
1181.0,0.39
1182.6,0.39
1184.2,0.39
1185.8,0.39
1187.5,0.37
1189.1,0.39
1190.7,0.39
1192.4,0.37
1194.0,0.39
1195.6,0.39
1197.2,0.39
1198.7,0.42
1200.2,0.42
1201.7,0.42
1203.2,0.42
1204.7,0.42
1206.2,0.42
1207.7,0.42
1209.2,0.42
1210.7,0.42
1212.3,0.39
1213.9,0.39
1215.4,0.42
1216.9,0.42
1218.5,0.39
1220.0,0.42
1221.5,0.42
1223.1,0.39
1224.6,0.42
1226.1,0.42
1227.7,0.39
1229.2,0.42
1230.8,0.39
1232.3,0.42
1233.8,0.42
1235.4,0.39
1236.9,0.42
1238.4,0.42
1239.9,0.42
1241.4,0.42
1243.0,0.39
1244.5,0.42
1246.0,0.42
1247.6,0.39
1249.1,0.42
1250.7,0.39
1252.2,0.42
1253.8,0.39
1255.4,0.39
1257.0,0.39
1258.5,0.42
1260.1,0.39
1261.7,0.39
1263.2,0.42
1264.7,0.42
1266.2,0.42
1267.8,0.39
1269.3,0.42
1270.8,0.42
1272.4,0.39
1273.9,0.42
1275.4,0.42
1277.0,0.39
1278.5,0.42
1280.0,0.42
1281.6,0.39
1283.1,0.42
1284.7,0.39
1286.2,0.42
1287.8,0.39
1289.3,0.42
1290.9,0.39
1292.4,0.42
1294.0,0.39
1295.5,0.42
1297.0,0.42
1298.6,0.39
1300.1,0.42
1301.6,0.42
1303.2,0.39
1304.7,0.42
1306.3,0.39
1307.8,0.42
1309.3,0.42
1310.9,0.39
1312.4,0.42
1314.0,0.39
1315.5,0.42
1317.1,0.39
1318.7,0.39
1320.3,0.39
1321.9,0.39
1323.4,0.42
1325.0,0.39
1326.6,0.39
1328.2,0.39
1329.7,0.42
1331.3,0.39
1332.9,0.39
1334.4,0.42
1335.9,0.42
1337.5,0.39
1339.0,0.42
1340.5,0.42
1342.1,0.39
1343.7,0.39
1345.4,0.37
1347.0,0.39
1348.7,0.37
1350.2,0.42
1351.9,0.37
1353.5,0.39
1355.0,0.42
1356.6,0.39
1358.1,0.42
1359.6,0.42
1361.0,0.45
1362.3,0.48
1363.5,0.52
1364.8,0.48
1366.1,0.48
1367.5,0.45
1368.9,0.45
1370.4,0.42
1371.8,0.45
1373.3,0.42
1374.8,0.42
1376.1,0.48
1377.5,0.45
1378.8,0.48
1380.0,0.52
1381.2,0.52
1382.5,0.48
1383.8,0.48
1385.1,0.48
1386.5,0.45
1387.9,0.45
1389.3,0.45
1390.7,0.45
1392.1,0.45
1393.5,0.45
1394.9,0.45
1396.3,0.45
1397.7,0.45
1399.1,0.45
1400.5,0.45
1401.9,0.45
1403.3,0.45
1404.7,0.45
1406.1,0.45
1407.5,0.45
1408.9,0.45
1410.3,0.45
1411.8,0.42
1413.3,0.42
1414.8,0.42
1416.3,0.42
1417.8,0.42
1419.2,0.45
1420.6,0.45
1422.0,0.45
1423.4,0.45
1424.8,0.45
1426.2,0.45
1427.6,0.45
1429.0,0.45
1430.5,0.42
1431.9,0.45
1433.3,0.45
1434.8,0.42
1436.2,0.45
1437.7,0.42
1439.1,0.45
1440.6,0.42
1442.1,0.42
1443.6,0.42
1445.1,0.42
1446.6,0.42
1448.1,0.42
1449.6,0.42
1451.2,0.39
1452.7,0.42
1454.2,0.42
1455.8,0.39
1457.3,0.42
1458.9,0.39
1460.5,0.39
1462.1,0.39
1463.7,0.39
1465.2,0.42
1466.8,0.39
1468.4,0.39
1470.0,0.39
1471.5,0.42
1473.1,0.39
1474.6,0.42
1476.2,0.39
1477.7,0.42
1479.2,0.42
1480.6,0.45
1482.1,0.42
1483.6,0.42
1485.1,0.42
1486.6,0.42
1488.1,0.42
1489.7,0.39
1491.2,0.42
1492.8,0.39
1494.3,0.42
1495.8,0.42
1497.4,0.39
1498.9,0.42
1500.5,0.39
1502.0,0.42
1503.6,0.39
1505.1,0.42
1506.7,0.39
1508.3,0.39
1509.9,0.39
1511.5,0.39
1513.0,0.42
1514.5,0.42
1516.1,0.39
1517.7,0.39
1519.2,0.42
1520.8,0.39
1522.5,0.37
1524.1,0.39
1525.7,0.39
1527.4,0.37
1529.0,0.39
1530.6,0.39
1532.2,0.39
1533.7,0.42
1535.3,0.39
1536.8,0.42
1538.5,0.37
1540.1,0.39
1541.7,0.39
1543.4,0.37
1545.0,0.39
1546.7,0.37
1548.3,0.39
1549.9,0.39
1551.5,0.39
1553.1,0.39
1554.8,0.37
1556.4,0.39
1558.1,0.37
1559.8,0.37
1561.5,0.37
1563.1,0.39
1564.8,0.37
1566.4,0.39
1568.1,0.37
1569.7,0.39
1571.4,0.37
1573.0,0.39
1574.8,0.35
1576.5,0.37
1578.2,0.37
1579.8,0.39
1581.5,0.37
1583.2,0.37
1584.9,0.37
1586.5,0.39
1588.2,0.37
1589.8,0.39
1591.4,0.39
1593.0,0.39
1594.6,0.39
1596.2,0.39
1597.7,0.42
1599.3,0.39
1600.9,0.39
1602.5,0.39
1604.1,0.39
1605.7,0.39
1607.3,0.39
1608.9,0.39
1610.6,0.37
1612.3,0.37
1614.0,0.37
1615.6,0.39
1617.3,0.37
1618.9,0.39
1620.5,0.39
1622.2,0.37
1623.9,0.37
1625.5,0.39
1627.2,0.37
1628.9,0.37
1630.5,0.39
1632.2,0.37
1633.9,0.37
1635.6,0.37
1637.3,0.37
1639.0,0.37
1640.8,0.35
1642.5,0.37
1644.2,0.37
1645.9,0.37
1647.5,0.39
1649.1,0.39
1650.8,0.37
1652.4,0.39
1654.0,0.39
1655.6,0.39
1657.2,0.39
1658.8,0.39
1660.4,0.39
1662.1,0.37
1663.7,0.39
1665.4,0.37
1667.0,0.39
1668.7,0.37
1670.3,0.39
1672.0,0.37
1673.7,0.37
1675.3,0.39
1677.0,0.37
1678.6,0.39
1680.2,0.39
1681.8,0.39
1683.4,0.39
1685.1,0.37
1686.8,0.37
1688.5,0.37
1690.3,0.35
1692.0,0.37
1693.7,0.37
1695.3,0.39
1697.0,0.37
1698.6,0.39
1700.2,0.39
1701.9,0.37
1703.5,0.39
1705.2,0.37
1706.8,0.39
1708.5,0.37
1710.1,0.39
1711.8,0.37
1713.5,0.37
1715.2,0.37
1716.9,0.37
1718.6,0.37
1720.3,0.37
1722.0,0.37
1723.7,0.37
1725.4,0.37
1727.0,0.39
1728.7,0.37
1730.4,0.37
1732.0,0.39
1733.7,0.37
1735.4,0.37
1737.1,0.37
1738.8,0.37
1740.5,0.37
1742.1,0.39
1743.8,0.37
1745.4,0.39
1747.1,0.37
1748.7,0.39
1750.4,0.37
1752.0,0.39
1753.7,0.37
1755.3,0.39
1757.0,0.37
1758.6,0.39
1760.3,0.37
1761.9,0.39
1763.6,0.37
1765.2,0.39
1766.9,0.37
1768.6,0.37
1770.2,0.39
1771.9,0.37
1773.5,0.39
1775.2,0.37
1776.9,0.37
1778.5,0.39
1780.2,0.37
1781.9,0.37
1783.5,0.39
1785.1,0.39
1786.7,0.39
1788.3,0.39
1789.8,0.42
1791.4,0.39
1793.0,0.39
1794.6,0.39
1796.2,0.39
1797.8,0.39
1799.4,0.39
1801.0,0.39
1802.5,0.42
1804.2,0.37
1805.8,0.39
1807.5,0.37
1809.1,0.39
1810.7,0.39
1812.3,0.39
1813.9,0.39
1815.5,0.39
1817.0,0.42
1818.6,0.39
1820.2,0.39
1821.8,0.39
1823.4,0.39
1825.0,0.39
1826.6,0.39
1828.2,0.39
1829.9,0.37
1831.5,0.39
1833.2,0.37
1835.0,0.35
1836.7,0.37
1838.3,0.39
1840.0,0.37
1841.8,0.35
1843.5,0.37
1845.3,0.35
1847.0,0.37
1848.8,0.35
1850.5,0.37
1852.3,0.35
1854.0,0.37
1855.8,0.35
1857.5,0.37
1859.1,0.39
1860.8,0.37
1862.5,0.37
1864.2,0.37
1865.9,0.37
1867.7,0.35
1869.4,0.37
1871.1,0.37
1872.9,0.35
1874.7,0.35
1876.4,0.37
1878.0,0.39
1879.7,0.37
1881.3,0.39
1883.0,0.37
1884.7,0.37
1886.3,0.39
1888.0,0.37
1889.7,0.37
1891.4,0.37
1893.1,0.37
1894.7,0.39
1896.4,0.37
1898.0,0.39
1899.6,0.39
1901.2,0.39
1902.9,0.37
1904.5,0.39
1906.2,0.37
1907.8,0.39
1909.5,0.37
1911.2,0.37
1912.8,0.39
1914.4,0.39
1916.1,0.37
1917.7,0.39
1919.3,0.39
1920.9,0.39
1922.5,0.39
1924.1,0.39
1925.7,0.39
1927.3,0.39
1929.0,0.37
1930.6,0.39
1932.3,0.37
1934.0,0.37
1935.6,0.39
1937.3,0.37
1939.0,0.37
1940.7,0.37
1942.4,0.37
1944.0,0.39
1945.7,0.37
1947.3,0.39
1949.0,0.37
1950.6,0.39
1952.2,0.39
1953.9,0.37
1955.5,0.39
1957.1,0.39
1958.8,0.37
1960.4,0.39
1962.0,0.39
1963.5,0.42
1965.1,0.39
1966.7,0.39
1968.4,0.37
1970.0,0.39
1971.6,0.39
1973.2,0.39
1974.8,0.39
1976.4,0.39
1978.0,0.39
1979.6,0.39
1981.2,0.39
1982.9,0.37
1984.6,0.37
1986.3,0.37
1988.0,0.37
1989.7,0.37
1991.4,0.37
1993.1,0.37
1994.8,0.37
1996.4,0.39
1998.1,0.37
1999.8,0.37
2001.4,0.39
2003.1,0.37
2004.7,0.39
2006.4,0.37
2008.0,0.39
2009.7,0.37
2011.3,0.39
2013.0,0.37
2014.7,0.37
2016.3,0.39
2018.0,0.37
2019.6,0.39
2021.3,0.37
2023.0,0.37
2024.6,0.39
2026.3,0.37
2028.0,0.37
2029.7,0.37
2031.4,0.37
2033.2,0.35
2034.9,0.37
2036.6,0.37
2038.2,0.39
2039.9,0.37
2041.5,0.39
2043.1,0.39
2044.8,0.37
2046.5,0.37
2048.2,0.37
2049.9,0.37
2051.6,0.37
2053.3,0.37
2055.0,0.37
2056.7,0.37
2058.3,0.39
2059.9,0.39
2061.6,0.37
2063.2,0.39
2064.8,0.39
2066.5,0.37
2068.2,0.37
2069.9,0.37
2071.6,0.37
2073.3,0.37
2074.9,0.39
2076.6,0.37
2078.2,0.39
2079.8,0.39
2081.4,0.39
2083.0,0.39
2084.6,0.39
2086.2,0.39
2087.8,0.39
2089.4,0.39
2091.1,0.37
2092.8,0.37
2094.6,0.35
2096.3,0.37
2098.0,0.37
2099.7,0.37
2101.5,0.35
2103.2,0.37
2104.9,0.37
2106.6,0.37
2108.2,0.39
2109.9,0.37
2111.6,0.37
2113.2,0.39
2114.8,0.39
2116.2,0.45
2117.6,0.45
2119.0,0.45
2120.4,0.45
2121.8,0.45
2123.2,0.45
2124.6,0.45
2126.1,0.42
2127.5,0.45
2129.0,0.42
2130.5,0.42
2132.0,0.42
2133.5,0.42
2134.9,0.45
2136.4,0.42
2137.9,0.42
2139.4,0.42
2140.8,0.45
2142.3,0.42
2143.8,0.42
2145.2,0.45
2146.7,0.42
2148.1,0.45
2149.6,0.42
2151.1,0.42
2152.6,0.42
2154.1,0.42
2155.6,0.42
2157.2,0.39
2158.7,0.42
2160.2,0.42
2161.8,0.39
2163.3,0.42
2164.9,0.39
2166.5,0.39
2168.0,0.42
2169.6,0.39
2171.3,0.37
2172.9,0.39
2174.6,0.37
2176.2,0.39
2177.7,0.42
2179.2,0.42
2180.7,0.42
2182.2,0.42
2183.7,0.42
2185.2,0.42
2186.8,0.39
2188.3,0.42
2189.9,0.39
2191.5,0.39
2193.1,0.39
2194.7,0.39
2196.3,0.39
2197.9,0.39
2199.4,0.42
2201.0,0.39
2202.7,0.37
2204.4,0.37
2206.2,0.35
2207.9,0.37
2209.5,0.39
2211.1,0.39
2212.7,0.39
2214.3,0.39
2215.9,0.39
2217.6,0.37
2219.3,0.37
2221.0,0.37
2222.7,0.37
2224.4,0.37
2226.1,0.37
2227.8,0.37
2229.4,0.39
2231.1,0.37
2232.8,0.37
2234.4,0.39
2236.1,0.37
2237.6,0.42
2239.2,0.39
2240.8,0.39
2242.5,0.37
2244.1,0.39
2245.7,0.39
2247.3,0.39
2248.9,0.39
2250.5,0.39
2252.1,0.39
2253.6,0.42
2255.2,0.39
2256.7,0.42
2258.3,0.39
2259.8,0.42
2261.5,0.37
2263.1,0.39
2264.8,0.37
2266.4,0.39
2268.1,0.37
2269.7,0.39
2271.4,0.37
2273.0,0.39
2274.7,0.37
2276.3,0.39
2277.9,0.39
2279.6,0.37
2281.2,0.39
2282.9,0.37
2284.6,0.37
2286.3,0.37
2288.0,0.37
2289.7,0.37
2291.4,0.37
2293.1,0.37
2294.8,0.37
2296.5,0.37
2298.1,0.39
2299.8,0.37
2301.4,0.39
2303.1,0.37
2304.8,0.37
2306.4,0.39
2308.1,0.37
2309.7,0.39
2311.4,0.37
2313.1,0.37
2314.8,0.37
2316.5,0.37
2318.2,0.37
2319.9,0.37
2321.7,0.35
2323.4,0.37
2325.2,0.35
2327.0,0.35
2328.8,0.35
2330.6,0.35
2332.4,0.35
2334.2,0.35
2336.0,0.35
2337.7,0.37
2339.5,0.35
2341.3,0.35
2343.0,0.37
2344.8,0.35
2346.6,0.35
2348.3,0.37
2350.1,0.35
2351.9,0.35
2353.6,0.37
2355.3,0.37
2357.1,0.35
2358.8,0.37
2360.6,0.35
2362.5,0.33
2364.3,0.35
2366.2,0.33
2368.0,0.35
2369.8,0.35
2371.7,0.33
2373.5,0.35
2375.3,0.35
2377.2,0.33
2379.0,0.35
2380.7,0.37
2382.5,0.35
2384.3,0.35
2386.2,0.33
2388.0,0.35
2389.8,0.35
2391.6,0.35
2393.4,0.35
2395.2,0.35
2396.9,0.37
2398.7,0.35
2400.4,0.37
2402.2,0.35
2403.9,0.37
2405.6,0.37
2407.3,0.37
2409.1,0.35
2410.9,0.35
2412.6,0.37
2414.4,0.35
2416.1,0.37
2417.9,0.35
2419.6,0.37
2421.3,0.37
2423.0,0.37
2424.8,0.35
2426.5,0.37
2428.2,0.37
2429.9,0.37
2431.6,0.37
2433.3,0.37
2435.0,0.37
2436.7,0.37
2438.4,0.37
2440.1,0.37
2441.8,0.37
2443.5,0.37
2445.2,0.37
2446.9,0.37
2448.7,0.35
2450.4,0.37
2452.1,0.37
2453.9,0.35
2455.6,0.37
2457.3,0.37
2459.0,0.37
2460.7,0.37
2462.4,0.37
2464.1,0.37
2465.8,0.37
2467.4,0.39
2469.1,0.37
2470.8,0.37
2472.6,0.35
2474.3,0.37
2476.1,0.35
2477.8,0.37
2479.6,0.35
2481.4,0.35
2483.1,0.37
2484.9,0.35
2486.6,0.37
2488.4,0.35
2490.2,0.35
2492.0,0.35
2493.8,0.35
2495.5,0.37
2497.3,0.35
2499.1,0.35
2500.9,0.35
2502.7,0.35
2504.5,0.35
2506.3,0.35
2508.0,0.37
2509.8,0.35
2511.5,0.37
2513.2,0.37
2515.0,0.35
2516.7,0.37
2518.4,0.37
2520.1,0.37
2521.8,0.37
2523.6,0.35
2525.3,0.37
2527.1,0.35
2528.8,0.37
2530.5,0.37
2532.2,0.37
2534.0,0.35
2535.7,0.37
2537.4,0.37
2539.2,0.35
2541.0,0.35
2542.8,0.35
2544.5,0.37
2546.3,0.35
2548.0,0.37
2549.8,0.35
2551.5,0.37
2553.2,0.37
2555.0,0.35
2556.7,0.37
2558.4,0.37
2560.1,0.37
2561.7,0.39
2563.3,0.39
2564.8,0.42
2566.3,0.42
2567.8,0.42
2569.3,0.42
2570.8,0.42
2572.3,0.42
2573.8,0.42
2575.3,0.42
2576.9,0.39
2578.4,0.42
2580.1,0.37
2581.7,0.39
2583.3,0.39
2584.9,0.39
2586.5,0.39
2588.1,0.39
2589.7,0.39
2591.3,0.39
2592.9,0.39
2594.5,0.39
2596.2,0.37
2597.9,0.37
2599.6,0.37
2601.3,0.37
2603.0,0.37
2604.7,0.37
2606.3,0.39
2607.9,0.39
2609.5,0.39
2611.1,0.39
2612.8,0.37
2614.4,0.39
2616.1,0.37
2617.8,0.37
2619.4,0.39
2621.1,0.37
2622.7,0.39
2624.4,0.37
2626.1,0.37
2627.7,0.39
2629.4,0.37
2631.1,0.37
2632.8,0.37
2634.4,0.39
2636.1,0.37
2637.8,0.37
2639.5,0.37
2641.3,0.35
2643.1,0.35
2644.8,0.37
2646.6,0.35
2648.5,0.33
2650.5,0.31
2652.4,0.33
2654.2,0.35
2656.1,0.33
2657.9,0.35
2659.8,0.33
2661.7,0.33
2663.6,0.33
2665.4,0.35
2667.3,0.33
2669.2,0.33
2671.1,0.33
2672.8,0.37
2674.6,0.35
2676.3,0.37
2678.0,0.37
2679.7,0.37
2681.4,0.37
2683.0,0.39
2684.7,0.37
2686.4,0.37
2688.1,0.37
2689.8,0.37
2691.5,0.37
2693.2,0.37
2694.8,0.39
2696.4,0.39
2698.1,0.37
2699.7,0.39
2701.4,0.37
2703.0,0.39
2704.7,0.37
2706.4,0.37
2708.2,0.35
2709.8,0.39
2711.5,0.37
2713.2,0.37
2714.9,0.37
2716.6,0.37
2718.3,0.37
2719.9,0.39
2721.7,0.35
2723.4,0.37
2725.1,0.37
2726.8,0.37
2728.5,0.37
2730.3,0.35
2732.0,0.37
2733.8,0.35
2735.5,0.37
2737.2,0.37
2738.8,0.39
2740.5,0.37
2742.1,0.39
2743.8,0.37
2745.4,0.39
2747.2,0.35
2748.9,0.37
2750.6,0.37
2752.3,0.37
2754.0,0.37
2755.7,0.37
2757.4,0.37
2759.2,0.35
2760.9,0.37
2762.7,0.35
2764.4,0.37
2766.2,0.35
2768.1,0.33
2769.9,0.35
2771.7,0.35
2773.5,0.35
2775.3,0.35
2777.1,0.35
2778.9,0.35
2780.7,0.35
2782.5,0.35
2784.3,0.35
2786.1,0.35
2787.8,0.37
2789.6,0.35
2791.4,0.35
2793.2,0.35
2795.1,0.33
2796.9,0.35
2798.7,0.35
2800.4,0.37
2802.2,0.35
2804.0,0.35
2805.8,0.35
2807.7,0.33
2809.6,0.33
2811.4,0.35
2813.2,0.35
2815.1,0.33
2816.9,0.35
2818.8,0.33
2820.6,0.35
2822.5,0.33
2824.3,0.35
2826.2,0.33
2828.0,0.35
2829.8,0.35
2831.6,0.35
2833.4,0.35
2835.2,0.35
2837.1,0.33
2838.9,0.35
2840.8,0.33
2842.6,0.35
2844.3,0.37
2846.1,0.35
2847.8,0.37
2849.5,0.37
2851.3,0.35
2853.1,0.35
2854.9,0.35
2856.8,0.33
2858.6,0.35
2860.6,0.31
2862.6,0.31
2864.5,0.33
2866.4,0.33
2868.2,0.35
2869.9,0.37
2871.5,0.39
2873.2,0.37
2874.9,0.37
2876.6,0.37
2878.2,0.39
2879.9,0.37
2881.7,0.35
2883.5,0.35
2885.3,0.35
2887.1,0.35
2888.8,0.37
2890.5,0.37
2892.1,0.39
2893.8,0.37
2895.4,0.39
2897.1,0.37
2898.8,0.37
2900.5,0.37
2902.2,0.37
2903.9,0.37
2905.5,0.39
2907.2,0.37
2908.9,0.37
2910.5,0.39
2912.2,0.37
2913.8,0.39
2915.5,0.37
2917.2,0.37
2918.9,0.37
2920.6,0.37
2922.3,0.37
2924.0,0.37
2925.7,0.37
2927.4,0.37
2929.1,0.37
2930.8,0.37
2932.5,0.37
2934.3,0.35
2936.1,0.35
2937.8,0.37
2939.6,0.35
2941.4,0.35
2943.1,0.37
2944.9,0.35
2946.6,0.37
2948.3,0.37
2950.1,0.35
2951.8,0.37
2953.5,0.37
2955.2,0.37
2957.0,0.35
2958.8,0.35
2960.6,0.35
2962.4,0.35
2964.2,0.35
2966.0,0.35
2967.8,0.35
2969.7,0.33
2971.6,0.33
2973.3,0.37
2975.1,0.35
2976.9,0.35
2978.7,0.35
2980.5,0.35
2982.4,0.33
2984.3,0.33
2986.3,0.31
2988.2,0.33
2990.1,0.33
2992.0,0.33
2993.9,0.33
2995.8,0.33
2997.7,0.33
2999.6,0.33
3001.6,0.31
3003.5,0.33
3005.4,0.33
3007.4,0.31
3009.3,0.33
3011.2,0.33
3013.1,0.33
3015.0,0.33
3016.8,0.35
3018.7,0.33
3020.6,0.33
3022.5,0.33
3024.5,0.31
3026.4,0.33
3028.3,0.33
3030.2,0.33
3032.1,0.33
3033.9,0.35
3035.7,0.35
3037.6,0.33
3039.4,0.35
3041.2,0.35
3042.9,0.37
3044.7,0.35
3046.5,0.35
3048.3,0.35
3050.1,0.35
3051.9,0.35
3053.7,0.35
3055.5,0.35
3057.2,0.37
3059.0,0.35
3060.8,0.35
3062.7,0.33
3064.5,0.35
3066.2,0.37
3068.1,0.33
3069.9,0.35
3071.7,0.35
3073.4,0.37
3075.2,0.35
3077.1,0.33
3078.9,0.35
3080.8,0.33
3082.7,0.33
3084.5,0.35
3086.4,0.33
3088.4,0.31
3090.3,0.33
3092.2,0.33
3094.1,0.33
3096.0,0.33
3097.9,0.33
3099.7,0.35
3101.5,0.35
3103.4,0.33
3105.3,0.33
3107.2,0.33
3109.1,0.33
3110.9,0.35
3112.8,0.33
3114.6,0.35
3116.4,0.35
3118.3,0.33
3120.1,0.35
3121.9,0.35
3123.7,0.35
3125.5,0.35
3127.3,0.35
3129.2,0.33
3131.0,0.35
3132.9,0.33
3134.9,0.31
3136.8,0.33
3138.7,0.33
3140.6,0.33
3142.4,0.35
3144.2,0.35
3146.1,0.33
3148.0,0.33
3149.8,0.35
3151.7,0.33
3153.4,0.37
3155.2,0.35
3157.0,0.35
3158.7,0.37
3160.4,0.37
3162.2,0.35
3164.0,0.35
3165.8,0.35
3167.6,0.35
3169.4,0.35
3171.2,0.35
3173.1,0.33
3174.9,0.35
3176.8,0.33
3178.6,0.35
3180.5,0.33
3182.3,0.35
3184.1,0.35
3185.9,0.35
3187.8,0.33
3189.6,0.35
3191.5,0.33
3193.4,0.33
3195.2,0.35
3197.1,0.33
3198.9,0.35
3200.7,0.35
3202.6,0.33
3204.4,0.35
3206.2,0.35
3208.0,0.35
3209.8,0.35
3211.6,0.35
3213.4,0.35
3215.3,0.33
3217.2,0.33
3219.1,0.33
3220.9,0.35
3222.7,0.35
3224.5,0.35
3226.3,0.35
3228.2,0.33
3230.1,0.33
3231.9,0.35
3233.7,0.35
3235.6,0.33
3237.5,0.33
3239.3,0.35
3241.1,0.35
3242.9,0.35
3244.7,0.35
3246.4,0.37
3248.2,0.35
3250.0,0.35
3251.9,0.33
3253.7,0.35
3255.5,0.35
3257.4,0.33
3259.2,0.35
3261.0,0.35
3262.8,0.35
3264.6,0.35
3266.3,0.37
3268.1,0.35
3269.9,0.35
3271.7,0.35
3273.5,0.35
3275.3,0.35
3277.2,0.33
3279.0,0.35
3280.8,0.35
3282.7,0.33
3284.5,0.35
3286.3,0.35
3288.1,0.35
3289.9,0.35
3291.8,0.33
3293.6,0.35
3295.5,0.33
3297.3,0.35
3299.1,0.35
3300.9,0.35
3302.7,0.35
3304.6,0.33
3306.3,0.37
3308.1,0.35
3309.9,0.35
3311.7,0.35
3313.5,0.35
3315.3,0.35
3317.0,0.37
3318.8,0.35
3320.6,0.35
3322.5,0.33
3324.3,0.35
3326.1,0.35
3327.9,0.35
3329.7,0.35
3331.5,0.35
3333.4,0.33
3335.2,0.35
3337.0,0.35
3338.7,0.37
3340.6,0.33
3342.5,0.33
3344.3,0.35
3346.2,0.33
3348.0,0.35
3349.9,0.33
3351.8,0.33
3353.8,0.31
3355.7,0.33
3357.6,0.33
3359.5,0.33
3361.4,0.33
3363.3,0.33
3365.1,0.35
3367.0,0.33
3368.7,0.37
3370.5,0.35
3372.2,0.37
3374.0,0.35
3375.7,0.37
3377.5,0.35
3379.2,0.37
3380.9,0.37
3382.7,0.35
3384.4,0.37
3386.2,0.35
3387.9,0.37
3389.7,0.35
3391.5,0.35
3393.3,0.35
3395.1,0.35
3397.0,0.33
3398.8,0.35
3400.6,0.35
3402.4,0.35
3404.2,0.35
3405.9,0.37
3407.7,0.35
3409.5,0.35
3411.3,0.35
3413.1,0.35
3414.8,0.37
3416.6,0.35
3418.4,0.35
3420.2,0.35
3422.0,0.35
3423.8,0.35
3425.6,0.35
3427.4,0.35
3429.2,0.35
3430.9,0.37
3432.7,0.35
3434.5,0.35
3436.3,0.35
3438.2,0.33
3439.9,0.37
3441.7,0.35
3443.3,0.39
3444.8,0.42
3446.1,0.48
3447.6,0.42
3449.0,0.45
3450.5,0.42
3452.1,0.39
3453.6,0.42
3455.1,0.42
3456.6,0.42
3458.0,0.45
3459.4,0.45
3460.8,0.45
3462.3,0.42
3463.7,0.45
3465.2,0.42
3466.6,0.45
3468.2,0.39
3469.7,0.42
3471.3,0.39
3472.9,0.39
3474.6,0.37
3476.3,0.37
3478.0,0.37
3479.6,0.39
3481.2,0.39
3482.8,0.39
3484.4,0.39
3486.0,0.39
3487.5,0.42
3489.1,0.39
3490.6,0.42
3492.1,0.42
3493.6,0.42
3495.1,0.42
3496.6,0.42
3498.1,0.42
3499.7,0.39
3501.2,0.42
3502.7,0.42
3504.3,0.39
3505.8,0.42
3507.4,0.39
3508.9,0.42
3510.4,0.42
3511.9,0.42
3513.4,0.42
3515.0,0.39
3516.5,0.42
3518.1,0.39
3519.6,0.42
3521.2,0.39
3522.7,0.42
3524.3,0.39
3525.9,0.39
3527.5,0.39
3529.1,0.39
3530.7,0.39
3532.3,0.39
3533.9,0.39
3535.5,0.39
3537.1,0.39
3538.7,0.39
3540.3,0.39
3541.9,0.39
3543.5,0.39
3545.2,0.37
3546.9,0.37
3548.6,0.37
3550.2,0.39
3551.8,0.39
3553.5,0.37
3555.2,0.37
3557.0,0.35
3558.7,0.37
3560.3,0.39
3562.0,0.37
3563.6,0.39
3565.3,0.37
3567.0,0.37
3568.7,0.37
3570.4,0.37
3572.2,0.35
3573.9,0.37
3575.8,0.33
3577.6,0.35
3579.3,0.37
3581.1,0.35
3582.8,0.37
3584.6,0.35
3586.3,0.37
3588.1,0.35
3589.9,0.35
3591.6,0.37
3593.3,0.37
3595.0,0.37
3596.7,0.37
3598.4,0.37
3600.1,0.37
3601.8,0.37
3603.6,0.35
3605.4,0.35
3607.2,0.35
3608.9,0.37
3610.8,0.33
3612.6,0.35
3614.3,0.37
3616.2,0.33
3618.0,0.35
3619.8,0.35
3621.7,0.33
3623.6,0.33
3625.5,0.33
3627.4,0.33
3629.3,0.33
3631.2,0.33
3633.0,0.35
3634.8,0.35
3636.7,0.33
3638.5,0.35
3640.4,0.33
3642.1,0.37
3643.9,0.35
3645.7,0.35
3647.5,0.35
3649.3,0.35
3651.2,0.33
3653.0,0.35
3654.9,0.33
3656.8,0.33
3658.7,0.33
3660.6,0.33
3662.5,0.33
3664.4,0.33
3666.3,0.33
3668.3,0.31
3670.2,0.33
3672.0,0.35
3673.9,0.33
3675.7,0.35
3677.6,0.33
3679.4,0.35
3681.2,0.35
3683.1,0.33
3684.9,0.35
3686.8,0.33
3688.7,0.33
3690.5,0.35
3692.4,0.33
3694.4,0.31
3696.4,0.31
3698.4,0.31
3700.3,0.33
3702.2,0.33
3704.0,0.35
3705.9,0.33
3707.7,0.35
3709.6,0.33
3711.5,0.33
3713.4,0.33
3715.2,0.35
3717.1,0.33
3719.0,0.33
3720.9,0.33
3722.8,0.33
3724.6,0.35
3726.5,0.33
3728.4,0.33
3730.3,0.33
3732.2,0.33
3734.1,0.33
3736.0,0.33
3737.9,0.33
3739.8,0.33
3741.6,0.35
3743.4,0.35
3745.3,0.33
3747.1,0.35
3749.0,0.33
3750.9,0.33
3752.8,0.33
3754.7,0.33
3756.6,0.33
3758.6,0.31
3760.6,0.31
3762.6,0.31
3764.6,0.31
3766.6,0.31
3768.6,0.31
3770.6,0.31
3772.6,0.31
3774.6,0.31
3776.5,0.33
3778.4,0.33
3780.4,0.31
3782.3,0.33
3784.3,0.31
3786.3,0.31
3788.2,0.33
3790.2,0.31
3792.1,0.33
3794.0,0.33
3795.8,0.35
3797.7,0.33
3799.5,0.35
3801.3,0.35
3803.1,0.35
3805.0,0.33
3806.8,0.35
3808.7,0.33
3810.6,0.33
3812.5,0.33
3814.3,0.35
3816.2,0.33
3817.9,0.37
3819.7,0.35
3821.6,0.33
3823.4,0.35
3825.3,0.33
3827.1,0.35
3829.0,0.33
3830.8,0.35
3832.6,0.35
3834.5,0.33
3836.3,0.35
3838.2,0.33
3840.1,0.33
3841.9,0.35
3843.9,0.31
3845.8,0.33
3847.6,0.35
3849.4,0.35
3851.2,0.35
3853.1,0.33
3854.9,0.35
3856.7,0.35
3858.5,0.35
3860.3,0.35
3862.1,0.35
3863.9,0.35
3865.7,0.35
3867.5,0.35
3869.3,0.35
3871.2,0.33
3873.1,0.33
3875.0,0.33
3876.9,0.33
3878.7,0.35
3880.5,0.35
3882.2,0.37
3884.0,0.35
3885.8,0.35
3887.6,0.35
3889.4,0.35
3891.1,0.37
3892.9,0.35
3894.7,0.35
3896.5,0.35
3898.3,0.35
3900.0,0.37
3901.8,0.35
3903.5,0.37
3905.2,0.37
3907.0,0.35
3908.8,0.35
3910.5,0.37
3912.2,0.37
3913.9,0.37
3915.7,0.35
3917.5,0.35
3919.3,0.35
3921.1,0.35
3922.9,0.35
3924.7,0.35
3926.4,0.37
3928.2,0.35
3930.0,0.35
3931.9,0.33
3933.8,0.33
3935.6,0.35
3937.4,0.35
3939.3,0.33
3941.2,0.33
3943.0,0.35
3944.9,0.33
3946.9,0.31
3948.8,0.33
3950.6,0.35
3952.5,0.33
3954.3,0.35
3956.2,0.33
3958.1,0.33
3960.0,0.33
3961.9,0.33
3963.8,0.33
3965.7,0.33
3967.5,0.35
3969.4,0.33
3971.3,0.33
3973.1,0.35
3974.9,0.35
3976.7,0.35
3978.5,0.35
3980.3,0.35
3982.1,0.35
3983.9,0.35
3985.8,0.33
3987.7,0.33
3989.6,0.33
3991.4,0.35
3993.3,0.33
3995.1,0.35
3996.9,0.35
3998.7,0.35
4000.5,0.35
4002.3,0.35
4004.2,0.33
4006.0,0.35
4007.8,0.35
4009.7,0.33
4011.5,0.35
4013.4,0.33
4015.3,0.33
4017.2,0.33
4019.1,0.33
4020.9,0.35
4022.8,0.33
4024.7,0.33
4026.5,0.35
4028.4,0.33
4030.3,0.33
4032.2,0.33
4034.1,0.33
4036.0,0.33
4037.9,0.33
4039.8,0.33
4041.7,0.33
4043.6,0.33
4045.6,0.31
4047.5,0.33
4049.3,0.35
4051.3,0.31
4053.2,0.33
4055.2,0.31
4057.1,0.33
4059.0,0.33
4060.9,0.33
4062.8,0.33
4064.7,0.33
4066.6,0.33
4068.5,0.33
4070.4,0.33
4072.4,0.31
4074.3,0.33
4076.3,0.31
4078.2,0.33
4080.2,0.31
4082.2,0.31
4084.2,0.31
4086.2,0.31
4088.2,0.31
4090.1,0.33
4092.1,0.31
4094.0,0.33
4096.0,0.31
4097.9,0.33
4099.8,0.33
4101.7,0.33
4103.5,0.35
4105.3,0.35
4107.2,0.33
4109.1,0.33
4111.0,0.33
4112.9,0.33
4114.8,0.33
4116.7,0.33
4118.5,0.35
4120.4,0.33
4122.2,0.35
4124.2,0.31
4126.0,0.35
4127.9,0.33
4129.7,0.35
4131.6,0.33
4133.4,0.35
4135.0,0.39
4136.5,0.42
4138.2,0.37
4139.9,0.37
4141.6,0.37
4143.2,0.39
4144.8,0.39
4146.4,0.39
4147.9,0.42
4149.5,0.39
4151.0,0.42
4152.5,0.42
4154.0,0.42
4155.7,0.37
4157.3,0.39
4158.9,0.39
4160.5,0.39
4162.1,0.39
4163.7,0.39
4165.2,0.42
4166.8,0.39
4168.3,0.42
4169.9,0.39
4171.4,0.42
4173.0,0.39
4174.6,0.39
4176.2,0.39
4177.8,0.39
4179.5,0.37
4181.2,0.37
4182.8,0.39
4184.5,0.37
4186.1,0.39
4187.7,0.39
4189.3,0.39
4190.9,0.39
4192.6,0.37
4194.2,0.39
4195.8,0.39
4197.4,0.39
4199.0,0.39
4200.6,0.39
4202.2,0.39
4203.9,0.37
4205.5,0.39
4207.1,0.39
4208.7,0.39
4210.3,0.39
4211.9,0.39
4213.5,0.39
4215.1,0.39
4216.7,0.39
4218.3,0.39
4219.9,0.39
4221.6,0.37
4223.2,0.39
4224.9,0.37
4226.6,0.37
4228.2,0.39
4229.9,0.37
4231.6,0.37
4233.2,0.39
4234.9,0.37
4236.5,0.39
4238.2,0.37
4239.8,0.39
4241.5,0.37
4243.1,0.39
4244.8,0.37
4246.5,0.37
4248.2,0.37
4249.9,0.37
4251.6,0.37
4253.4,0.35
4255.2,0.35
4257.0,0.35
4258.8,0.35
4260.5,0.37
4262.2,0.37
4264.0,0.35
4265.8,0.35
4267.6,0.35
4269.3,0.37
4271.1,0.35
4272.8,0.37
4274.6,0.35
4276.3,0.37
4278.1,0.35
4279.9,0.35
4281.7,0.35
4283.6,0.33
4285.4,0.35
4287.1,0.37
4289.0,0.33
4290.8,0.35
4292.6,0.35
4294.4,0.35
4296.3,0.33
4298.2,0.33
4300.1,0.33
4302.1,0.31
4304.0,0.33
4305.9,0.33
4307.9,0.31
4309.8,0.33
4311.7,0.33
4313.5,0.35
4315.4,0.33
4317.2,0.35
4319.0,0.35
4320.9,0.33
4322.7,0.35
4324.6,0.33
4326.5,0.33
4328.3,0.35
4330.2,0.33
4332.1,0.33
4333.9,0.35
4335.8,0.33
4337.8,0.31
4339.7,0.33
4341.5,0.35
4343.4,0.33
4345.2,0.35
4347.1,0.33
4348.9,0.35
4350.8,0.33
4352.7,0.33
4354.5,0.35
4356.4,0.33
4358.2,0.35
4360.1,0.33
4362.0,0.33
4363.9,0.33
4365.8,0.33
4367.7,0.33
4369.6,0.33
4371.5,0.33
4373.4,0.33
4375.3,0.33
4377.3,0.31
4379.2,0.33
4381.0,0.35
4382.9,0.33
4384.8,0.33
4386.7,0.33
4388.5,0.35
4390.4,0.33
4392.2,0.35
4394.0,0.35
4395.8,0.35
4397.6,0.35
4399.5,0.33
4401.3,0.35
4403.2,0.33
4405.1,0.33
4407.1,0.31
4409.0,0.33
4410.9,0.33
4412.9,0.31
4414.8,0.33
4416.8,0.31
4418.7,0.33
4420.8,0.30
4422.8,0.31
4424.8,0.31
4426.8,0.31
4428.7,0.33
4430.7,0.31
4432.6,0.33
4434.5,0.33
4436.4,0.33
4438.4,0.31
4440.3,0.33
4442.3,0.31
4444.2,0.33
4446.1,0.33
4447.9,0.35
4449.8,0.33
4451.7,0.33
4453.6,0.33
4455.5,0.33
4457.4,0.33
4459.3,0.33
4461.2,0.33
4463.1,0.33
4465.1,0.31
4467.1,0.31
4469.1,0.31
4471.1,0.31
4473.0,0.33
4475.0,0.31
4476.8,0.35
4478.6,0.35
4480.4,0.35
4482.2,0.35
4484.1,0.33
4486.0,0.33
4487.9,0.33
4489.9,0.31
4491.9,0.31
4493.8,0.33
4495.7,0.33
4497.6,0.33
4499.5,0.33
4501.4,0.33
4503.3,0.33
4505.2,0.33
4507.1,0.33
4509.0,0.33
4511.0,0.31
4512.9,0.33
4514.9,0.31
4516.9,0.31
4518.8,0.33
4520.8,0.31
4522.7,0.33
4524.6,0.33
4526.6,0.31
4528.6,0.31
4530.6,0.31
4532.5,0.33
4534.4,0.33
4536.3,0.33
4538.2,0.33
4540.2,0.31
4542.2,0.31
4544.1,0.33
4546.1,0.31
4548.0,0.33
4550.0,0.31
4552.0,0.31
4553.9,0.33
4555.8,0.33
4557.6,0.35
4559.5,0.33
4561.4,0.33
4563.3,0.33
4565.2,0.33
4567.1,0.33
4569.0,0.33
4570.8,0.35
4572.6,0.35
4574.5,0.33
4576.4,0.33
4578.3,0.33
4580.1,0.35
4582.0,0.33
4583.8,0.35
4585.7,0.33
4587.5,0.35
4589.4,0.33
4591.2,0.35
4593.0,0.35
4594.9,0.33
4596.8,0.33
4598.6,0.35
4600.5,0.33
4602.4,0.33
4604.2,0.35
4606.0,0.35
4607.9,0.33
4609.8,0.33
4611.7,0.33
4613.6,0.33
4615.5,0.33
4617.4,0.33
4619.4,0.31
4621.4,0.31
4623.3,0.33
4625.3,0.31
4627.1,0.35
4629.0,0.33
4630.9,0.33
4632.7,0.35
4634.5,0.35
4636.4,0.33
4638.2,0.35
4640.0,0.35
4641.9,0.33
4643.8,0.33
4645.7,0.33
4647.7,0.31
4649.7,0.31
4651.6,0.33
4653.6,0.31
4655.4,0.35
4657.2,0.35
4659.0,0.35
4660.8,0.35
4662.6,0.35
4664.4,0.35
4666.3,0.33
4668.1,0.35
4669.9,0.35
4671.8,0.33
4673.7,0.33
4675.6,0.33
4677.5,0.33
4679.3,0.35
4681.2,0.33
4682.9,0.37
4684.5,0.39
4686.0,0.42
4687.5,0.42
4689.1,0.39
4690.6,0.42
4692.1,0.42
4693.6,0.42
4695.0,0.45
4696.4,0.45
4697.9,0.42
4699.3,0.45
4700.7,0.45
4702.1,0.45
4703.6,0.42
4705.0,0.45
4706.6,0.39
4708.1,0.42
4709.7,0.39
4711.2,0.42
4712.8,0.39
4714.4,0.39
4716.1,0.37
4717.8,0.37
4719.5,0.37
4721.1,0.39
4722.7,0.39
4724.3,0.39
4725.9,0.39
4727.5,0.39
4729.1,0.39
4730.7,0.39
4732.3,0.39
4733.9,0.39
4735.4,0.42
4736.9,0.42
4738.4,0.42
4739.8,0.45
4741.3,0.42
4742.7,0.45
4744.1,0.45
4745.5,0.45
4746.9,0.45
4748.3,0.45
4749.7,0.45
4751.2,0.42
4752.7,0.42
4754.2,0.42
4755.7,0.42
4757.3,0.39
4758.9,0.39
4760.4,0.42
4762.1,0.37
4763.7,0.39
4765.3,0.39
4766.9,0.39
4768.4,0.42
4770.0,0.39
4771.6,0.39
4773.2,0.39
4774.8,0.39
4776.4,0.39
4778.1,0.37
4779.7,0.39
4781.3,0.39
4782.9,0.39
4784.6,0.37
4786.2,0.39
4787.9,0.37
4789.5,0.39
4791.2,0.37
4792.8,0.39
4794.4,0.39
4796.1,0.37
4797.7,0.39
4799.3,0.39
4800.9,0.39
4802.5,0.39
4804.1,0.39
4805.7,0.39
4807.3,0.39
4808.9,0.39
4810.6,0.37
4812.2,0.39
4813.9,0.37
4815.6,0.37
4817.2,0.39
4818.9,0.37
4820.6,0.37
4822.2,0.39
4823.9,0.37
4825.6,0.37
4827.2,0.39
4828.9,0.37
4830.6,0.37
4832.2,0.39
4834.0,0.35
4835.7,0.37
4837.3,0.39
4839.0,0.37
4840.7,0.37
4842.4,0.37
4844.1,0.37
4845.9,0.35
4847.7,0.35
4849.4,0.37
4851.2,0.35
4853.0,0.35
4854.8,0.35
4856.6,0.35
4858.4,0.35
4860.1,0.37
4861.9,0.35
4863.6,0.37
4865.3,0.37
4867.1,0.35
4868.8,0.37
4870.6,0.35
4872.4,0.35
4874.2,0.35
4876.0,0.35
4877.8,0.35
4879.6,0.35
4881.5,0.33
4883.4,0.33
4885.2,0.35
4887.1,0.33
4888.9,0.35
4890.7,0.35
4892.5,0.35
4894.4,0.33
4896.2,0.35
4898.2,0.31
4900.1,0.33
4901.9,0.35
4903.8,0.33
4905.7,0.33
4907.7,0.31
4909.6,0.33
4911.6,0.31
4913.6,0.31
4915.5,0.33
4917.4,0.33
4919.4,0.31
4921.3,0.33
4923.2,0.33
4925.1,0.33
4927.0,0.33
4928.9,0.33
4930.9,0.31
4932.8,0.33
4934.6,0.35
4936.5,0.33
4938.4,0.33
4940.2,0.35
4942.1,0.33
4944.0,0.33
4945.9,0.33
4947.8,0.33
4949.7,0.33
4951.6,0.33
4953.5,0.33
4955.4,0.33
4957.2,0.35
4959.1,0.33
4961.0,0.33
4962.9,0.33
4964.7,0.35
4966.6,0.33
4968.5,0.33
4970.3,0.35
4972.2,0.33
4974.1,0.33
4976.0,0.33
4977.8,0.35
4979.7,0.33
4981.6,0.33
4983.5,0.33
4985.4,0.33
4987.2,0.35
4989.1,0.33
4991.0,0.33
4992.9,0.33
4994.8,0.33
4996.7,0.33
4998.6,0.33
5000.6,0.31
5002.6,0.31
5004.6,0.31
5006.6,0.31
5008.6,0.31
5010.6,0.31
5012.4,0.35
5014.4,0.31
5016.2,0.35
5018.1,0.33
5020.1,0.31
5022.0,0.33
5023.9,0.33
5025.8,0.33
5027.7,0.33
5029.6,0.33
5031.6,0.31
5033.5,0.33
5035.4,0.33
5037.4,0.31
5039.3,0.33
5041.2,0.33
5043.2,0.31
5045.2,0.31
5047.2,0.31
5049.1,0.33
5051.1,0.31
5053.0,0.33
5054.9,0.33
5056.9,0.31
5058.8,0.33
5060.8,0.31
5062.7,0.33
5064.6,0.33
5066.5,0.33
5068.3,0.35
5070.1,0.35
5071.8,0.37
5073.5,0.37
5075.1,0.39
5076.8,0.37
5078.5,0.37
5080.3,0.35
5082.0,0.37
5083.7,0.37
5085.5,0.35
5087.2,0.37
5089.0,0.35
5090.8,0.35
5092.7,0.33
5094.5,0.35
5096.3,0.35
5098.1,0.35
5099.9,0.35
5101.7,0.35
5103.5,0.35
5105.3,0.35
5107.0,0.37
5108.8,0.35
5110.5,0.37
5112.3,0.35
5114.0,0.37
5115.8,0.35
5117.6,0.35
5119.4,0.35
5121.1,0.37
5123.0,0.33
5124.8,0.35
5126.6,0.35
5128.4,0.35
5130.3,0.33
5132.2,0.33
5134.2,0.31
5136.1,0.33
5138.1,0.31
5139.9,0.35
5141.8,0.33
5143.7,0.33
5145.6,0.33
5147.5,0.33
5149.4,0.33
5151.4,0.31
5153.3,0.33
5155.3,0.31
5157.3,0.31
5159.3,0.31
5161.4,0.30
5163.4,0.31
5165.4,0.31
5167.3,0.33
5169.2,0.33
5171.1,0.33
5173.0,0.33
5174.9,0.33
5176.6,0.37
5178.2,0.39
5179.9,0.37
5181.5,0.39
5183.2,0.37
5184.9,0.37
5186.6,0.37
5188.3,0.37
5189.9,0.39
5191.6,0.37
5193.3,0.37
5195.0,0.37
5196.6,0.39
5198.4,0.35
5200.2,0.35
5202.1,0.33
5203.9,0.35
5205.9,0.31
5207.8,0.33
5209.8,0.31
5211.7,0.33
5213.7,0.31
5215.6,0.33
5217.6,0.31
5219.5,0.33
5221.3,0.35
5223.1,0.35
5224.9,0.35
5226.7,0.35
5228.5,0.35
5230.3,0.35
5232.1,0.35
5233.8,0.37
5235.5,0.37
5237.2,0.37
5238.9,0.37
5240.7,0.35
5242.4,0.37
5244.2,0.35
5246.0,0.35
5247.8,0.35
5249.6,0.35
5251.5,0.33
5253.3,0.35
5255.2,0.33
5256.9,0.37
5258.7,0.35
5260.4,0.37
5262.2,0.35
5263.9,0.37
5265.7,0.35
5267.4,0.37
5269.2,0.35
5271.0,0.35
5272.9,0.33
5274.7,0.35
5276.5,0.35
5278.4,0.33
5280.2,0.35
5282.1,0.33
5284.0,0.33
5285.9,0.33
5287.8,0.33
5289.7,0.33
5291.6,0.33
5293.6,0.31
5295.5,0.33
5297.4,0.33
5299.2,0.35
5301.1,0.33
5302.9,0.35
5304.9,0.31
5306.9,0.31
5309.0,0.30
5311.1,0.30
5313.3,0.29
5315.5,0.29
5317.7,0.29
5319.8,0.30
5321.9,0.30
5323.9,0.31
5326.0,0.30
5328.1,0.30
5330.2,0.30
5332.4,0.29
5334.6,0.29
5336.8,0.29
5339.0,0.29
5341.2,0.29
5343.4,0.29
5345.6,0.29
5347.6,0.31
5349.4,0.35
5351.1,0.37
5352.8,0.37
5354.5,0.37
5356.2,0.37
5358.1,0.33
5359.9,0.35
5361.8,0.33
5363.7,0.33
5365.6,0.33
5367.5,0.33
5369.4,0.33
5371.4,0.31
5373.5,0.30
5375.5,0.31
5377.6,0.30
5379.6,0.31
5381.6,0.31
5383.6,0.31
5385.7,0.30
5387.9,0.29
5390.1,0.29
5392.3,0.29
5394.4,0.30
5396.6,0.29
0.0,0.00
