1.3,0.63
2.3,0.63
3.3,0.63
4.3,0.63
5.2,0.70
6.2,0.63
7.1,0.70
8.0,0.70
8.9,0.70
9.9,0.63
10.8,0.70
11.8,0.63
12.7,0.70
13.7,0.63
14.7,0.63
15.7,0.63
16.6,0.70
17.6,0.63
18.6,0.63
19.7,0.57
20.7,0.63
24.3,0.17
42.2,0.39
43.4,0.52
44.6,0.52
45.8,0.52
47.0,0.52
48.2,0.52
49.4,0.52
50.5,0.57
51.7,0.52
52.9,0.52
54.1,0.52
55.2,0.57
56.4,0.52
57.6,0.52
58.8,0.52
60.0,0.52
61.2,0.52
62.5,0.48
63.8,0.48
65.0,0.52
66.3,0.48
67.5,0.52
68.8,0.48
70.0,0.52
71.2,0.52
72.3,0.57
73.5,0.52
74.6,0.57
75.7,0.57
76.8,0.57
77.9,0.57
79.0,0.57
80.0,0.63
81.1,0.57
82.1,0.63
83.2,0.57
84.2,0.63
85.2,0.63
86.2,0.63
87.2,0.63
88.2,0.63
89.3,0.57
90.3,0.63
91.3,0.63
92.3,0.63
93.3,0.63
94.4,0.57
95.4,0.63
96.4,0.63
97.4,0.63
98.4,0.63
99.5,0.57
100.5,0.63
101.5,0.63
102.5,0.63
103.6,0.57
104.6,0.63
105.6,0.63
106.6,0.63
107.6,0.63
108.6,0.63
109.6,0.63
110.7,0.57
111.6,0.70
112.6,0.63
113.6,0.63
114.5,0.70
115.5,0.63
116.5,0.63
117.5,0.63
118.4,0.70
119.4,0.63
120.4,0.63
121.4,0.63
122.3,0.70
123.3,0.63
124.3,0.63
125.3,0.63
126.3,0.63
127.3,0.63
128.3,0.63
129.3,0.63
130.3,0.63
131.3,0.63
132.3,0.63
133.3,0.63
134.2,0.70
135.2,0.63
136.2,0.63
137.2,0.63
138.2,0.63
139.2,0.63
140.1,0.70
141.1,0.63
142.1,0.63
143.1,0.63
144.1,0.63
145.0,0.70
146.0,0.63
147.0,0.63
148.0,0.63
149.0,0.63
150.0,0.63
151.0,0.63
152.0,0.63
152.9,0.70
153.9,0.63
154.9,0.63
155.9,0.63
156.9,0.63
157.9,0.63
158.8,0.70
159.8,0.63
160.9,0.57
161.9,0.63
162.9,0.63
163.9,0.63
164.9,0.63
166.0,0.57
167.0,0.63
167.9,0.70
169.0,0.57
170.0,0.63
171.0,0.63
172.0,0.63
173.0,0.63
174.1,0.57
175.1,0.63
176.1,0.63
177.1,0.63
178.1,0.63
179.1,0.63
180.1,0.63
181.1,0.63
182.2,0.57
183.2,0.63
184.2,0.63
185.2,0.63
186.3,0.57
187.4,0.57
188.4,0.63
189.5,0.57
190.5,0.63
191.5,0.63
192.6,0.57
193.6,0.63
194.7,0.57
195.7,0.63
196.8,0.57
197.8,0.63
198.9,0.57
200.0,0.57
201.1,0.57
202.2,0.57
203.4,0.52
204.5,0.57
205.7,0.52
206.8,0.57
208.0,0.52
209.1,0.57
210.3,0.52
211.4,0.57
212.6,0.52
213.7,0.57
214.9,0.52
216.0,0.57
217.2,0.52
218.3,0.57
219.5,0.52
220.7,0.52
221.9,0.52
223.1,0.52
224.3,0.52
225.6,0.48
226.8,0.52
228.0,0.52
229.1,0.57
230.3,0.52
231.5,0.52
232.7,0.52
233.9,0.52
235.1,0.52
236.3,0.52
237.6,0.48
238.8,0.52
240.0,0.52
241.2,0.52
242.4,0.52
243.5,0.57
244.7,0.52
245.8,0.57
246.9,0.57
248.0,0.57
249.1,0.57
250.3,0.52
251.4,0.57
252.6,0.52
253.7,0.57
254.9,0.52
256.1,0.52
257.2,0.57
258.4,0.52
259.6,0.52
260.8,0.52
262.0,0.52
263.2,0.52
264.4,0.52
265.6,0.52
266.8,0.52
267.9,0.57
269.1,0.52
270.4,0.48
271.6,0.52
272.8,0.52
274.0,0.52
275.1,0.57
276.3,0.52
277.5,0.52
278.8,0.48
280.0,0.52
281.2,0.52
282.4,0.52
283.6,0.52
284.8,0.52
286.0,0.52
287.2,0.52
288.4,0.52
289.7,0.48
290.9,0.52
292.1,0.52
293.4,0.48
294.6,0.52
295.8,0.52
297.0,0.52
298.2,0.52
299.4,0.52
300.6,0.52
301.8,0.52
303.1,0.48
304.3,0.52
305.6,0.48
306.8,0.52
308.1,0.48
309.3,0.52
310.6,0.48
311.9,0.48
313.2,0.48
314.5,0.48
315.8,0.48
317.1,0.48
318.4,0.48
319.7,0.48
321.0,0.48
322.2,0.52
323.5,0.48
324.7,0.52
325.9,0.52
327.1,0.52
328.3,0.52
329.5,0.52
330.7,0.52
331.9,0.52
333.1,0.52
334.3,0.52
335.6,0.48
336.8,0.52
338.1,0.48
339.3,0.52
340.6,0.48
341.9,0.48
343.1,0.52
344.4,0.48
345.6,0.52
346.8,0.52
348.0,0.52
349.2,0.52
350.4,0.52
351.6,0.52
352.8,0.52
354.0,0.52
355.2,0.52
356.4,0.52
357.6,0.52
358.8,0.52
360.0,0.52
361.2,0.52
362.4,0.52
363.6,0.52
364.8,0.52
366.0,0.52
367.2,0.52
368.4,0.52
369.5,0.57
370.6,0.57
371.8,0.52
372.9,0.57
374.1,0.52
375.2,0.57
376.4,0.52
377.6,0.52
378.9,0.48
380.1,0.52
381.2,0.57
382.4,0.52
383.6,0.52
384.8,0.52
386.0,0.52
387.2,0.52
388.3,0.57
389.5,0.52
390.6,0.57
391.8,0.52
392.9,0.57
394.0,0.57
395.1,0.57
396.2,0.57
397.3,0.57
398.4,0.57
399.6,0.52
400.7,0.57
401.9,0.52
403.1,0.52
404.3,0.52
405.4,0.57
406.7,0.48
407.9,0.52
409.1,0.52
410.2,0.57
411.5,0.48
412.7,0.52
413.9,0.52
415.1,0.52
416.3,0.52
417.6,0.48
418.8,0.52
420.0,0.52
421.3,0.48
422.5,0.52
423.7,0.52
424.9,0.52
426.1,0.52
427.3,0.52
428.5,0.52
429.8,0.48
431.1,0.48
432.4,0.48
433.7,0.48
435.1,0.45
436.4,0.48
437.8,0.45
439.1,0.48
440.4,0.48
441.6,0.52
442.9,0.48
444.1,0.52
445.3,0.52
446.5,0.52
447.6,0.57
448.8,0.52
450.0,0.52
451.2,0.52
452.4,0.52
453.5,0.57
454.7,0.52
455.9,0.52
457.1,0.52
458.3,0.52
459.6,0.48
460.8,0.52
462.1,0.48
463.3,0.52
464.6,0.48
465.8,0.52
467.1,0.48
468.3,0.52
469.6,0.48
470.8,0.52
472.1,0.48
473.3,0.52
474.6,0.48
475.8,0.52
477.1,0.48
478.3,0.52
479.6,0.48
480.9,0.48
482.1,0.52
483.4,0.48
484.7,0.48
486.0,0.48
487.3,0.48
488.6,0.48
489.8,0.52
491.1,0.48
492.3,0.52
493.6,0.48
494.8,0.52
496.0,0.52
497.2,0.52
498.4,0.52
499.6,0.52
500.8,0.52
502.0,0.52
503.2,0.52
504.5,0.48
505.7,0.52
506.9,0.52
508.2,0.48
509.4,0.52
510.7,0.48
511.9,0.52
513.1,0.52
514.3,0.52
515.5,0.52
516.7,0.52
517.9,0.52
519.1,0.52
520.3,0.52
521.6,0.48
522.9,0.48
524.2,0.48
525.5,0.48
526.8,0.48
528.1,0.48
529.4,0.48
530.7,0.48
532.0,0.48
533.3,0.48
534.6,0.48
535.9,0.48
537.2,0.48
538.5,0.48
539.8,0.48
541.0,0.52
542.3,0.48
543.5,0.52
544.7,0.52
545.9,0.52
547.1,0.52
548.4,0.48
549.6,0.52
550.9,0.48
552.1,0.52
553.4,0.48
554.7,0.48
556.1,0.45
557.4,0.48
558.7,0.48
560.0,0.48
561.3,0.48
562.6,0.48
563.8,0.52
565.1,0.48
566.4,0.48
567.7,0.48
569.0,0.48
570.2,0.52
571.5,0.48
572.8,0.48
574.1,0.48
575.4,0.48
576.7,0.48
578.0,0.48
579.4,0.45
580.8,0.45
582.2,0.45
583.7,0.42
585.1,0.45
586.5,0.45
587.9,0.45
589.3,0.45
590.6,0.48
592.1,0.42
593.5,0.45
594.9,0.45
596.3,0.45
597.7,0.45
599.1,0.45
600.5,0.45
602.0,0.42
603.5,0.42
604.9,0.45
606.4,0.42
607.9,0.42
609.4,0.42
610.9,0.42
612.5,0.39
613.9,0.45
615.4,0.42
616.9,0.42
618.4,0.42
619.9,0.42
621.3,0.45
622.8,0.42
624.2,0.45
625.7,0.42
627.2,0.42
628.7,0.42
630.2,0.42
631.7,0.42
633.2,0.42
634.8,0.39
636.2,0.45
637.7,0.42
639.2,0.42
640.7,0.42
642.1,0.45
643.6,0.42
645.1,0.42
646.5,0.45
647.9,0.45
649.3,0.45
650.8,0.42
652.2,0.45
653.7,0.42
655.2,0.42
656.7,0.42
658.2,0.42
659.7,0.42
661.1,0.45
662.5,0.45
663.9,0.45
665.3,0.45
666.6,0.48
668.0,0.45
669.4,0.45
670.7,0.48
671.9,0.52
673.1,0.52
674.4,0.48
675.5,0.57
676.7,0.52
677.8,0.57
679.0,0.52
680.1,0.57
681.2,0.57
682.3,0.57
683.4,0.57
684.5,0.57
685.6,0.57
686.6,0.63
687.6,0.63
688.6,0.63
689.6,0.63
690.6,0.63
691.6,0.63
692.6,0.63
693.6,0.63
694.6,0.63
695.6,0.63
696.7,0.57
697.8,0.57
698.8,0.63
699.8,0.63
700.8,0.63
701.8,0.63
702.8,0.63
703.8,0.63
704.8,0.63
705.7,0.70
706.7,0.63
707.6,0.70
708.6,0.63
709.6,0.63
710.5,0.70
711.5,0.63
712.4,0.70
713.4,0.63
714.3,0.70
715.2,0.70
716.2,0.63
717.1,0.70
718.1,0.63
719.1,0.63
720.1,0.63
721.2,0.57
722.3,0.57
723.3,0.63
724.4,0.57
725.5,0.57
726.5,0.63
727.6,0.57
728.6,0.63
729.6,0.63
730.6,0.63
731.6,0.63
732.6,0.63
733.5,0.70
734.5,0.63
735.5,0.63
736.5,0.63
737.4,0.70
738.4,0.63
739.4,0.63
740.3,0.70
741.3,0.63
742.3,0.63
743.3,0.63
744.3,0.63
745.3,0.63
746.3,0.63
747.2,0.70
748.2,0.63
749.2,0.63
750.2,0.63
751.2,0.63
752.2,0.63
753.2,0.63
754.2,0.63
755.2,0.63
756.2,0.63
757.2,0.63
758.2,0.63
759.2,0.63
760.2,0.63
761.2,0.63
762.2,0.63
763.2,0.63
764.2,0.63
765.2,0.63
766.3,0.57
767.3,0.63
768.4,0.57
769.4,0.63
770.4,0.63
771.5,0.57
772.5,0.63
773.5,0.63
774.5,0.63
775.6,0.57
776.6,0.63
777.7,0.57
778.8,0.57
779.8,0.63
780.8,0.63
781.9,0.57
782.9,0.63
783.9,0.63
784.9,0.63
785.9,0.63
786.9,0.63
787.8,0.70
788.8,0.63
789.8,0.63
790.8,0.63
791.8,0.63
792.8,0.63
793.8,0.63
794.9,0.57
795.9,0.63
796.9,0.63
798.0,0.57
799.0,0.63
800.0,0.63
801.1,0.57
802.1,0.63
803.1,0.63
804.1,0.63
805.1,0.63
806.2,0.57
807.2,0.63
808.2,0.63
809.3,0.57
810.3,0.63
811.3,0.63
812.4,0.57
813.4,0.63
814.4,0.63
815.5,0.57
816.5,0.63
817.5,0.63
818.6,0.57
819.6,0.63
820.7,0.57
821.7,0.63
822.8,0.57
823.8,0.63
824.8,0.63
825.9,0.57
826.9,0.63
827.9,0.63
829.0,0.57
830.0,0.63
831.0,0.63
831.9,0.70
832.9,0.63
833.9,0.63
834.9,0.63
835.9,0.63
836.9,0.63
838.0,0.57
839.0,0.63
840.0,0.63
841.1,0.57
842.2,0.57
843.2,0.63
844.3,0.57
845.4,0.57
846.4,0.63
847.5,0.57
848.5,0.63
849.5,0.63
850.6,0.57
851.6,0.63
852.7,0.57
853.7,0.63
854.7,0.63
855.7,0.63
856.8,0.57
857.8,0.63
858.9,0.57
859.9,0.63
860.9,0.63
862.0,0.57
863.0,0.63
864.1,0.57
865.1,0.63
866.1,0.63
867.2,0.57
868.2,0.63
869.3,0.57
870.3,0.63
871.4,0.57
872.4,0.63
873.5,0.57
874.5,0.63
875.6,0.57
876.7,0.57
877.7,0.63
878.8,0.57
879.9,0.57
880.9,0.63
882.0,0.57
883.0,0.63
884.1,0.57
885.1,0.63
886.1,0.63
887.2,0.57
888.2,0.63
889.2,0.63
890.2,0.63
891.3,0.57
892.3,0.63
893.3,0.63
894.4,0.57
895.4,0.63
896.4,0.63
897.5,0.57
898.5,0.63
899.6,0.57
900.6,0.63
901.6,0.63
902.6,0.63
903.7,0.57
904.7,0.63
905.7,0.63
906.7,0.63
907.7,0.63
908.8,0.57
909.8,0.63
910.8,0.63
911.8,0.63
912.8,0.63
913.9,0.57
914.9,0.63
915.9,0.63
916.9,0.63
918.0,0.57
919.0,0.63
920.0,0.63
921.1,0.57
922.1,0.63
923.1,0.63
924.1,0.63
925.2,0.57
926.2,0.63
927.2,0.63
928.3,0.57
929.3,0.63
930.3,0.63
931.4,0.57
932.4,0.63
933.5,0.57
934.5,0.63
935.6,0.57
936.6,0.63
937.6,0.63
938.6,0.63
939.7,0.57
940.7,0.63
941.7,0.63
942.8,0.57
943.8,0.63
944.9,0.57
945.9,0.63
946.9,0.63
948.0,0.57
949.0,0.63
950.1,0.57
951.2,0.57
952.2,0.63
953.3,0.57
954.4,0.57
955.4,0.63
956.4,0.63
957.5,0.57
958.5,0.63
959.6,0.57
960.6,0.63
961.6,0.63
962.7,0.57
963.7,0.63
964.8,0.57
965.8,0.63
966.8,0.63
967.9,0.57
968.9,0.63
970.0,0.57
971.0,0.63
972.1,0.57
973.1,0.63
974.1,0.63
975.1,0.63
976.2,0.57
977.2,0.63
978.3,0.57
979.4,0.57
980.5,0.57
981.5,0.63
982.6,0.57
983.7,0.57
984.8,0.57
985.9,0.57
986.9,0.63
988.0,0.57
989.0,0.63
990.1,0.57
991.2,0.57
992.2,0.63
993.3,0.57
994.4,0.57
995.5,0.57
996.5,0.63
997.6,0.57
998.7,0.57
999.8,0.57
1000.9,0.57
1002.0,0.57
1003.1,0.57
1004.2,0.57
1005.4,0.52
1006.4,0.63
1007.5,0.57
1008.6,0.57
1009.6,0.63
1010.7,0.57
1011.7,0.63
1012.8,0.57
1013.8,0.63
1014.9,0.57
1016.0,0.57
1017.0,0.63
1018.1,0.57
1019.2,0.57
1020.3,0.57
1021.4,0.57
1022.4,0.63
1023.5,0.57
1024.5,0.63
1025.6,0.57
1026.6,0.63
1027.7,0.57
1028.7,0.63
1029.8,0.57
1030.9,0.57
1031.9,0.63
1033.0,0.57
1034.1,0.57
1035.1,0.63
1036.2,0.57
1037.2,0.63
1038.3,0.57
1039.3,0.63
1040.4,0.57
1041.5,0.57
1042.5,0.63
1043.6,0.57
1044.7,0.57
1045.8,0.57
1046.8,0.63
1047.9,0.57
1048.9,0.63
1050.0,0.57
1051.1,0.57
1052.1,0.63
1053.2,0.57
1054.3,0.57
1055.3,0.63
1056.4,0.57
1057.5,0.57
1058.6,0.57
1059.7,0.57
1060.7,0.63
1061.8,0.57
1062.9,0.57
1064.0,0.57
1065.1,0.57
1066.2,0.57
1067.3,0.57
1068.4,0.57
1069.5,0.57
1070.6,0.57
1071.7,0.57
1072.8,0.57
1073.8,0.63
1074.9,0.57
1076.0,0.57
1077.1,0.57
1078.2,0.57
1079.3,0.57
1080.4,0.57
1081.4,0.63
1082.5,0.57
1083.6,0.57
1084.7,0.57
1085.8,0.57
1086.9,0.57
1088.0,0.57
1089.1,0.57
1090.2,0.57
1091.3,0.57
1092.5,0.52
1093.6,0.57
1094.7,0.57
1095.8,0.57
1096.9,0.57
1098.0,0.57
1099.2,0.52
1100.3,0.57
1101.4,0.57
1102.6,0.52
1103.7,0.57
1104.8,0.57
1105.9,0.57
1107.0,0.57
1108.2,0.52
1109.3,0.57
1110.5,0.52
1111.6,0.57
1112.7,0.57
1113.9,0.52
1115.0,0.57
1116.2,0.52
1117.3,0.57
1118.4,0.57
1119.6,0.52
1120.7,0.57
1121.8,0.57
1123.0,0.52
1124.1,0.57
1125.2,0.57
1126.3,0.57
1127.4,0.57
1128.5,0.57
1129.7,0.52
1130.8,0.57
1131.9,0.57
1133.0,0.57
1134.1,0.57
1135.2,0.57
1136.4,0.52
1137.5,0.57
1138.6,0.57
1139.7,0.57
1140.8,0.57
1141.9,0.57
1143.0,0.57
1144.2,0.52
1145.3,0.57
1146.4,0.57
1147.5,0.57
1148.6,0.57
1149.7,0.57
1150.8,0.57
1151.9,0.57
1153.0,0.57
1154.1,0.57
1155.2,0.57
1156.3,0.57
1157.4,0.57
1158.5,0.57
1159.6,0.57
1160.7,0.57
1161.8,0.57
1162.9,0.57
1164.0,0.57
1165.0,0.63
1166.1,0.57
1167.2,0.57
1168.3,0.57
1169.4,0.57
1170.5,0.57
1171.6,0.57
1172.7,0.57
1173.8,0.57
1174.8,0.63
1175.9,0.57
1177.0,0.57
1178.1,0.57
1179.2,0.57
1180.4,0.52
1181.5,0.57
1182.6,0.57
1183.7,0.57
1184.7,0.63
1185.8,0.57
1186.9,0.57
1188.0,0.57
1189.0,0.63
1190.1,0.57
1191.2,0.57
1192.3,0.57
1193.4,0.57
1194.5,0.57
1195.7,0.52
1196.8,0.57
1198.0,0.52
1199.1,0.57
1200.3,0.52
1201.4,0.57
1202.5,0.57
1203.6,0.57
1204.8,0.52
1205.9,0.57
1207.0,0.57
1208.1,0.57
1209.2,0.57
1210.3,0.57
1211.5,0.52
1212.6,0.57
1213.8,0.52
1214.9,0.57
1216.1,0.52
1217.2,0.57
1218.4,0.52
1219.5,0.57
1220.7,0.52
1221.8,0.57
1223.0,0.52
1224.1,0.57
1225.3,0.52
1226.4,0.57
1227.5,0.57
1228.7,0.52
1229.8,0.57
1231.0,0.52
1232.1,0.57
1233.3,0.52
1234.4,0.57
1235.6,0.52
1236.7,0.57
1237.8,0.57
1239.0,0.52
1240.1,0.57
1241.2,0.57
1242.4,0.52
1243.5,0.57
1244.6,0.57
1245.7,0.57
1246.8,0.57
1247.9,0.57
1249.0,0.57
1250.1,0.57
1251.2,0.57
1252.3,0.57
1253.4,0.57
1254.5,0.57
1255.7,0.52
1256.8,0.57
1257.9,0.57
1259.1,0.52
1260.2,0.57
1261.3,0.57
1262.4,0.57
1263.5,0.57
1264.6,0.57
1265.7,0.57
1266.8,0.57
1267.9,0.57
1269.0,0.57
1270.1,0.57
1271.2,0.57
1272.4,0.52
1273.5,0.57
1274.6,0.57
1275.7,0.57
1276.9,0.52
1278.0,0.57
1279.1,0.57
1280.2,0.57
1281.3,0.57
1282.4,0.57
1283.5,0.57
1284.6,0.57
1285.7,0.57
1286.8,0.57
1287.8,0.63
1288.9,0.57
1290.0,0.57
1291.1,0.57
1292.2,0.57
1293.3,0.57
1294.5,0.52
1295.6,0.57
1296.7,0.57
1297.9,0.52
1299.0,0.57
1300.2,0.52
1301.3,0.57
1302.5,0.52
1303.6,0.57
1304.7,0.57
1305.8,0.57
1307.0,0.52
1308.1,0.57
1309.3,0.52
1310.5,0.52
1311.6,0.57
1312.8,0.52
1313.9,0.57
1315.0,0.57
1316.2,0.52
1317.3,0.57
1318.5,0.52
1319.6,0.57
1320.7,0.57
1321.8,0.57
1322.9,0.57
1324.0,0.57
1325.1,0.57
1326.2,0.57
1327.3,0.57
1328.4,0.57
1329.6,0.52
1330.7,0.57
1331.8,0.57
1332.9,0.57
1334.0,0.57
1335.1,0.57
1336.2,0.57
1337.3,0.57
1338.4,0.57
1339.5,0.57
1340.5,0.63
1341.6,0.57
1342.7,0.57
1343.8,0.57
1344.9,0.57
1346.0,0.57
1347.1,0.57
1348.2,0.57
1349.3,0.57
1350.4,0.57
1351.5,0.57
1352.6,0.57
1353.8,0.52
1354.9,0.57
1356.0,0.57
1357.2,0.52
1358.3,0.57
1359.5,0.52
1360.8,0.48
1362.0,0.52
1363.1,0.57
1364.3,0.52
1365.5,0.52
1366.7,0.52
1367.9,0.52
1369.0,0.57
1370.2,0.52
1371.3,0.57
1372.4,0.57
1373.5,0.57
1374.6,0.57
1375.6,0.63
1376.7,0.57
1377.8,0.57
1378.9,0.57
1380.0,0.57
1381.1,0.57
1382.2,0.57
1383.3,0.57
1384.4,0.57
1385.5,0.57
1386.6,0.57
1387.7,0.57
1388.8,0.57
1389.9,0.57
1391.0,0.57
1392.1,0.57
1393.3,0.52
1394.4,0.57
1395.6,0.52
1396.7,0.57
1397.9,0.52
1399.1,0.52
1400.2,0.57
1401.4,0.52
1402.6,0.52
1403.7,0.57
1404.8,0.57
1406.0,0.52
1407.1,0.57
1408.2,0.57
1409.4,0.52
1410.5,0.57
1411.7,0.52
1412.9,0.52
1414.1,0.52
1415.3,0.52
1416.5,0.52
1417.7,0.52
1418.8,0.57
1420.0,0.52
1421.2,0.52
1422.4,0.52
1423.5,0.57
1424.7,0.52
1425.8,0.57
1426.9,0.57
1428.1,0.52
1429.2,0.57
1430.3,0.57
1431.5,0.52
1432.6,0.57
1433.8,0.52
1434.9,0.57
1436.1,0.52
1437.2,0.57
1438.3,0.57
1439.5,0.52
1440.6,0.57
1441.8,0.52
1442.9,0.57
1444.0,0.57
1445.2,0.52
1446.3,0.57
1447.5,0.52
1448.6,0.57
1449.8,0.52
1451.0,0.52
1452.1,0.57
1453.3,0.52
1454.5,0.52
1455.6,0.57
1456.7,0.57
1457.8,0.57
1458.9,0.57
1460.0,0.57
1461.1,0.57
1462.3,0.52
1463.4,0.57
1464.5,0.57
1465.7,0.52
1466.8,0.57
1468.0,0.52
1469.1,0.57
1470.2,0.57
1471.4,0.52
1472.5,0.57
1473.6,0.57
1474.8,0.52
1475.9,0.57
1477.0,0.57
1478.2,0.52
1479.3,0.57
1480.5,0.52
1481.6,0.57
1482.8,0.52
1483.9,0.57
1485.1,0.52
1486.2,0.57
1487.4,0.52
1488.6,0.52
1489.8,0.52
1491.0,0.52
1492.2,0.52
1493.3,0.57
1494.5,0.52
1495.6,0.57
1496.7,0.57
1497.8,0.57
1499.0,0.52
1500.2,0.52
1501.3,0.57
1502.5,0.52
1503.6,0.57
1504.8,0.52
1506.0,0.52
1507.1,0.57
1508.3,0.52
1509.5,0.52
1510.7,0.52
1511.9,0.52
1513.1,0.52
1514.3,0.52
1515.5,0.52
1516.6,0.57
1517.8,0.52
1519.0,0.52
1520.2,0.52
1521.3,0.57
1522.5,0.52
1523.7,0.52
1524.8,0.57
1526.0,0.52
1527.2,0.52
1528.3,0.57
1529.5,0.52
1530.7,0.52
1531.8,0.57
1533.0,0.52
1534.1,0.57
1535.3,0.52
1536.4,0.57
1537.6,0.52
1538.7,0.57
1539.8,0.57
1541.0,0.52
1542.1,0.57
1543.3,0.52
1544.4,0.57
1545.6,0.52
1546.8,0.52
1548.0,0.52
1549.2,0.52
1550.4,0.52
1551.5,0.57
1552.7,0.52
1553.8,0.57
1554.9,0.57
1556.0,0.57
1557.1,0.57
1558.2,0.57
1559.4,0.52
1560.6,0.52
1561.7,0.57
1562.9,0.52
1564.1,0.52
1565.3,0.52
1566.5,0.52
1567.6,0.57
1568.8,0.52
1569.9,0.57
1571.1,0.52
1572.2,0.57
1573.4,0.52
1574.5,0.57
1575.7,0.52
1576.9,0.52
1578.0,0.57
1579.2,0.52
1580.3,0.57
1581.5,0.52
1582.7,0.52
1583.8,0.57
1585.0,0.52
1586.1,0.57
1587.3,0.52
1588.4,0.57
1589.6,0.52
1590.7,0.57
1591.9,0.52
1593.0,0.57
1594.2,0.52
1595.4,0.52
1596.6,0.52
1597.8,0.52
1599.0,0.52
1600.2,0.52
1601.4,0.52
1602.6,0.52
1603.8,0.52
1604.9,0.57
1606.1,0.52
1607.3,0.52
1608.5,0.52
1609.7,0.52
1610.9,0.52
1612.1,0.52
1613.3,0.52
1614.5,0.52
1615.7,0.52
1616.8,0.57
1618.0,0.52
1619.2,0.52
1620.3,0.57
1621.5,0.52
1622.7,0.52
1623.9,0.52
1625.0,0.57
1626.2,0.52
1627.4,0.52
1628.6,0.52
1629.8,0.52
1631.0,0.52
1632.2,0.52
1633.4,0.52
1634.5,0.57
1635.7,0.52
1636.8,0.57
1638.0,0.52
1639.2,0.52
1640.4,0.52
1641.5,0.57
1642.7,0.52
1643.9,0.52
1645.1,0.52
1646.3,0.52
1647.5,0.52
1648.7,0.52
1650.0,0.48
1651.2,0.52
1652.4,0.52
1653.6,0.52
1654.8,0.52
1656.0,0.52
1657.3,0.48
1658.5,0.52
1659.7,0.52
1660.9,0.52
1662.1,0.52
1663.3,0.52
1664.5,0.52
1665.7,0.52
1666.9,0.52
1668.1,0.52
1669.3,0.52
1670.5,0.52
1671.8,0.48
1673.0,0.52
1674.3,0.48
1675.6,0.48
1676.8,0.52
1678.1,0.48
1679.4,0.48
1680.7,0.48
1682.0,0.48
1683.3,0.48
1684.6,0.48
1686.0,0.45
1687.3,0.48
1688.6,0.48
1689.8,0.52
1691.1,0.48
1692.3,0.52
1693.6,0.48
1694.9,0.48
1696.2,0.48
1697.4,0.52
1698.7,0.48
1700.0,0.48
1701.2,0.52
1702.5,0.48
1703.8,0.48
1705.1,0.48
1706.4,0.48
1707.7,0.48
1709.0,0.48
1710.3,0.48
1711.5,0.52
1712.8,0.48
1714.1,0.48
1715.4,0.48
1716.7,0.48
1718.0,0.48
1719.3,0.48
1720.6,0.48
1721.8,0.52
1723.1,0.48
1724.3,0.52
1725.6,0.48
1726.9,0.48
1728.1,0.52
1729.3,0.52
1730.6,0.48
1731.8,0.52
1733.0,0.52
1734.3,0.48
1735.5,0.52
1736.8,0.48
1738.0,0.52
1739.3,0.48
1740.6,0.48
1741.8,0.52
1743.1,0.48
1744.4,0.48
1745.7,0.48
1746.9,0.52
1748.2,0.48
1749.5,0.48
1750.8,0.48
1752.1,0.48
1753.4,0.48
1754.7,0.48
1755.9,0.52
1757.2,0.48
1758.5,0.48
1759.8,0.48
1761.0,0.52
1762.3,0.48
1763.6,0.48
1764.8,0.52
1766.1,0.48
1767.4,0.48
1768.7,0.48
1770.0,0.48
1771.2,0.52
1772.5,0.48
1773.8,0.48
1775.1,0.48
1776.4,0.48
1777.7,0.48
1779.0,0.48
1780.3,0.48
1781.6,0.48
1782.9,0.48
1784.2,0.48
1785.4,0.52
1786.7,0.48
1788.0,0.48
1789.3,0.48
1790.6,0.48
1791.9,0.48
1793.2,0.48
1794.5,0.48
1795.8,0.48
1797.1,0.48
1798.4,0.48
1799.7,0.48
1801.0,0.48
1802.3,0.48
1803.6,0.48
1804.8,0.52
1806.1,0.48
1807.4,0.48
1808.7,0.48
1809.9,0.52
1811.2,0.48
1812.4,0.52
1813.7,0.48
1814.9,0.52
1816.2,0.48
1817.4,0.52
1818.7,0.48
1820.0,0.48
1821.2,0.52
1822.5,0.48
1823.8,0.48
1825.1,0.48
1826.3,0.52
1827.6,0.48
1828.9,0.48
1830.2,0.48
1831.4,0.52
1832.7,0.48
1833.9,0.52
1835.2,0.48
1836.4,0.52
1837.7,0.48
1839.0,0.48
1840.3,0.48
1841.5,0.52
1842.8,0.48
1844.1,0.48
1845.4,0.48
1846.7,0.48
1848.0,0.48
1849.2,0.52
1850.5,0.48
1851.8,0.48
1853.1,0.48
1854.4,0.48
1855.7,0.48
1857.0,0.48
1858.3,0.48
1859.6,0.48
1860.9,0.48
1862.2,0.48
1863.4,0.52
1864.7,0.48
1866.0,0.48
1867.2,0.52
1868.5,0.48
1869.7,0.52
1871.0,0.48
1872.3,0.48
1873.6,0.48
1874.9,0.48
1876.2,0.48
1877.5,0.48
1878.8,0.48
1880.1,0.48
1881.4,0.48
1882.6,0.52
1883.9,0.48
1885.1,0.52
1886.4,0.48
1887.7,0.48
1889.0,0.48
1890.3,0.48
1891.6,0.48
1892.8,0.52
1894.1,0.48
1895.3,0.52
1896.5,0.52
1897.8,0.48
1899.1,0.48
1900.4,0.48
1901.7,0.48
1903.0,0.48
1904.3,0.48
1905.6,0.48
1906.9,0.48
1908.2,0.48
1909.4,0.52
1910.7,0.48
1912.0,0.48
1913.2,0.52
1914.5,0.48
1915.8,0.48
1917.1,0.48
1918.4,0.48
1919.7,0.48
1921.0,0.48
1922.2,0.52
1923.5,0.48
1924.8,0.48
1926.0,0.52
1927.3,0.48
1928.6,0.48
1929.9,0.48
1931.1,0.52
1932.4,0.48
1933.7,0.48
1934.9,0.52
1936.2,0.48
1937.4,0.52
1938.7,0.48
1940.0,0.48
1941.2,0.52
1942.5,0.48
1943.7,0.52
1945.0,0.48
1946.2,0.52
1947.5,0.48
1948.7,0.52
1950.0,0.48
1951.2,0.52
1952.5,0.48
1953.7,0.52
1955.0,0.48
1956.3,0.48
1957.6,0.48
1958.8,0.52
1960.1,0.48
1961.4,0.48
1962.7,0.48
1963.9,0.52
1965.2,0.48
1966.4,0.52
1967.6,0.52
1968.8,0.52
1970.0,0.52
1971.3,0.48
1972.5,0.52
1973.7,0.52
1975.0,0.48
1976.2,0.52
1977.5,0.48
1978.7,0.52
1980.0,0.48
1981.2,0.52
1982.5,0.48
1983.8,0.48
1985.0,0.52
1986.3,0.48
1987.5,0.52
1988.8,0.48
1989.9,0.57
1991.0,0.57
1992.2,0.52
1993.5,0.48
1994.7,0.52
1996.0,0.48
1997.2,0.52
1998.5,0.48
1999.7,0.52
2000.8,0.57
2002.0,0.52
2003.2,0.52
2004.3,0.57
2005.5,0.52
2006.7,0.52
2007.9,0.52
2009.1,0.52
2010.3,0.52
2011.5,0.52
2012.7,0.52
2013.9,0.52
2015.2,0.48
2016.5,0.48
2017.8,0.48
2019.0,0.52
2020.3,0.48
2021.7,0.45
2023.0,0.48
2024.3,0.48
2025.6,0.48
2027.0,0.45
2028.3,0.48
2029.6,0.48
2031.0,0.45
2032.3,0.48
2033.7,0.45
2035.1,0.45
2036.5,0.45
2037.9,0.45
2039.2,0.48
2040.5,0.48
2041.7,0.52
2043.0,0.48
2044.2,0.52
2045.5,0.48
2046.7,0.52
2048.0,0.48
2049.2,0.52
2050.5,0.48
2051.7,0.52
2053.0,0.48
2054.3,0.48
2055.6,0.48
2056.8,0.52
2058.1,0.48
2059.3,0.52
2060.5,0.52
2061.8,0.48
2063.0,0.52
2064.2,0.52
2065.4,0.52
2066.6,0.52
2067.8,0.52
2068.9,0.57
2070.1,0.52
2071.3,0.52
2072.5,0.52
2073.7,0.52
2075.0,0.48
2076.2,0.52
2077.6,0.45
2078.9,0.48
2080.2,0.48
2081.4,0.52
2082.7,0.48
2083.9,0.52
2085.2,0.48
2086.4,0.52
2087.7,0.48
2088.9,0.52
2090.2,0.48
2091.4,0.52
2092.7,0.48
2093.9,0.52
2095.2,0.48
2096.5,0.48
2097.7,0.52
2099.0,0.48
2100.2,0.52
2101.5,0.48
2102.7,0.52
2104.0,0.48
2105.2,0.52
2106.5,0.48
2107.7,0.52
2109.0,0.48
2110.2,0.52
2111.4,0.52
2112.7,0.48
2113.9,0.52
2115.1,0.52
2116.3,0.52
2117.6,0.48
2118.8,0.52
2120.0,0.52
2121.3,0.48
2122.6,0.48
2123.8,0.52
2125.1,0.48
2126.4,0.48
2127.6,0.52
2128.9,0.48
2130.1,0.52
2131.3,0.52
2132.5,0.52
2133.7,0.52
2134.9,0.52
2136.1,0.52
2137.3,0.52
2138.5,0.52
2139.7,0.52
2140.9,0.52
2142.1,0.52
2143.3,0.52
2144.5,0.52
2145.8,0.48
2147.0,0.52
2148.2,0.52
2149.5,0.48
2150.7,0.52
2152.0,0.48
2153.2,0.52
2154.5,0.48
2155.7,0.52
2156.9,0.52
2158.2,0.48
2159.4,0.52
2160.7,0.48
2161.9,0.52
2163.2,0.48
2164.4,0.52
2165.7,0.48
2166.9,0.52
2168.1,0.52
2169.4,0.48
2170.6,0.52
2171.8,0.52
2173.0,0.52
2174.2,0.52
2175.5,0.48
2176.7,0.52
2177.9,0.52
2179.2,0.48
2180.4,0.52
2181.6,0.52
2182.9,0.48
2184.1,0.52
2185.3,0.52
2186.5,0.52
2187.7,0.52
2188.9,0.52
2190.2,0.48
2191.4,0.52
2192.6,0.52
2193.8,0.52
2195.1,0.48
2196.3,0.52
2197.5,0.52
2198.7,0.52
2199.9,0.52
2201.1,0.52
2202.4,0.48
2203.6,0.52
2204.9,0.48
2206.1,0.52
2207.3,0.52
2208.5,0.52
2209.7,0.52
2211.0,0.48
2212.2,0.52
2213.4,0.52
2214.7,0.48
2216.0,0.48
2217.3,0.48
2218.6,0.48
2219.8,0.52
2221.1,0.48
2222.4,0.48
2223.6,0.52
2224.9,0.48
2226.2,0.48
2227.4,0.52
2228.7,0.48
2229.9,0.52
2231.1,0.52
2232.4,0.48
2233.6,0.52
2234.8,0.52
2236.0,0.52
2237.2,0.52
2238.4,0.52
2239.6,0.52
2240.8,0.52
2242.1,0.48
2243.3,0.52
2244.6,0.48
2245.8,0.52
2247.1,0.48
2248.4,0.48
2249.6,0.52
2250.9,0.48
2252.2,0.48
2253.5,0.48
2254.8,0.48
2256.1,0.48
2257.4,0.48
2258.7,0.48
2259.9,0.52
2261.2,0.48
2262.4,0.52
2263.7,0.48
2265.0,0.48
2266.3,0.48
2267.7,0.45
2269.0,0.48
2270.4,0.45
2271.7,0.48
2273.0,0.48
2274.2,0.52
2275.5,0.48
2276.7,0.52
2278.0,0.48
2279.3,0.48
2280.6,0.48
2281.9,0.48
2283.2,0.48
2284.4,0.52
2285.7,0.48
2287.0,0.48
2288.3,0.48
2289.6,0.48
2290.8,0.52
2292.1,0.48
2293.4,0.48
2294.7,0.48
2296.0,0.48
2297.3,0.48
2298.7,0.45
2299.9,0.52
2301.2,0.48
2302.5,0.48
2303.8,0.48
2305.2,0.45
2306.5,0.48
2307.8,0.48
2309.1,0.48
2310.4,0.48
2311.7,0.48
2313.0,0.48
2314.3,0.48
2315.6,0.48
2316.9,0.48
2318.2,0.48
2319.4,0.52
2320.7,0.48
2321.9,0.52
2323.2,0.48
2324.4,0.52
2325.7,0.48
2326.9,0.52
2328.2,0.48
2329.4,0.52
2330.7,0.48
2332.0,0.48
2333.2,0.52
2334.4,0.52
2335.7,0.48
2337.0,0.48
2338.2,0.52
2339.5,0.48
2340.7,0.52
2342.0,0.48
2343.2,0.52
2344.5,0.48
2345.7,0.52
2347.0,0.48
2348.2,0.52
2349.5,0.48
2350.7,0.52
2352.0,0.48
2353.3,0.48
2354.5,0.52
2355.8,0.48
2357.0,0.52
2358.3,0.48
2359.5,0.52
2360.8,0.48
2362.0,0.52
2363.3,0.48
2364.6,0.48
2365.8,0.52
2367.1,0.48
2368.4,0.48
2369.7,0.48
2371.0,0.48
2372.3,0.48
2373.6,0.48
2374.8,0.52
2376.1,0.48
2377.4,0.48
2378.6,0.52
2379.9,0.48
2381.2,0.48
2382.4,0.52
2383.7,0.48
2384.9,0.52
2386.2,0.48
2387.4,0.52
2388.7,0.48
2390.0,0.48
2391.3,0.48
2392.6,0.48
2393.9,0.48
2395.2,0.48
2396.5,0.48
2397.8,0.48
2399.1,0.48
2400.3,0.52
2401.6,0.48
2402.9,0.48
2404.2,0.48
2405.4,0.52
2406.7,0.48
2408.0,0.48
2409.3,0.48
2410.6,0.48
2411.9,0.48
2413.2,0.48
2414.5,0.48
2415.8,0.48
2417.1,0.48
2418.4,0.48
2419.7,0.48
2421.1,0.45
2422.5,0.45
2423.8,0.48
2425.2,0.45
2426.5,0.48
2427.9,0.45
2429.2,0.48
2430.6,0.45
2432.0,0.45
2433.4,0.45
2434.8,0.45
2436.2,0.45
2437.5,0.48
2438.9,0.45
2440.2,0.48
2441.5,0.48
2442.9,0.45
2444.2,0.48
2445.5,0.48
2446.7,0.52
2447.9,0.52
2449.1,0.52
2450.3,0.52
2451.5,0.52
2452.8,0.48
2454.1,0.48
2455.5,0.45
2456.9,0.45
2458.2,0.48
2459.6,0.45
2460.9,0.48
2462.1,0.52
2463.3,0.52
2464.5,0.52
2465.7,0.52
2466.9,0.52
2468.1,0.52
2469.3,0.52
2470.6,0.48
2471.8,0.52
2473.1,0.48
2474.3,0.52
2475.6,0.48
2476.9,0.48
2478.2,0.48
2479.6,0.45
2480.9,0.48
2482.3,0.45
2483.6,0.48
2485.0,0.45
2486.3,0.48
2487.6,0.48
2488.9,0.48
2490.3,0.45
2491.6,0.48
2492.9,0.48
2494.2,0.48
2495.6,0.45
2496.9,0.48
2498.2,0.48
2499.5,0.48
2500.8,0.48
2502.1,0.48
2503.3,0.52
2504.6,0.48
2505.8,0.52
2507.1,0.48
2508.3,0.52
2509.5,0.52
2510.8,0.48
2512.0,0.52
2513.3,0.48
2514.5,0.52
2515.8,0.48
2517.0,0.52
2518.2,0.52
2519.4,0.52
2520.7,0.48
2521.9,0.52
2523.1,0.52
2524.3,0.52
2525.5,0.52
2526.8,0.48
2528.0,0.52
2529.2,0.52
2530.4,0.52
2531.6,0.52
2532.8,0.52
2534.0,0.52
2535.2,0.52
2536.4,0.52
2537.7,0.48
2538.9,0.52
2540.2,0.48
2541.4,0.52
2542.7,0.48
2543.9,0.52
2545.2,0.48
2546.4,0.52
2547.7,0.48
2548.9,0.52
2550.1,0.52
2551.4,0.48
2552.6,0.52
2553.8,0.52
2555.1,0.48
2556.3,0.52
2557.6,0.48
2558.9,0.48
2560.2,0.48
2561.4,0.52
2562.7,0.48
2564.0,0.48
2565.3,0.48
2566.6,0.48
2567.9,0.48
2569.2,0.48
2570.5,0.48
2571.7,0.52
2573.0,0.48
2574.2,0.52
2575.4,0.52
2576.7,0.48
2577.9,0.52
2579.2,0.48
2580.4,0.52
2581.7,0.48
2582.9,0.52
2584.2,0.48
2585.4,0.52
2586.6,0.52
2587.9,0.48
2589.1,0.52
2590.3,0.52
2591.5,0.52
2592.7,0.52
2593.9,0.52
2595.2,0.48
2596.5,0.48
2597.8,0.48
2599.0,0.52
2600.3,0.48
2601.5,0.52
2602.7,0.52
2604.0,0.48
2605.2,0.52
2606.4,0.52
2607.7,0.48
2608.9,0.52
2610.2,0.48
2611.4,0.52
2612.7,0.48
2613.9,0.52
2615.2,0.48
2616.5,0.48
2617.8,0.48
2619.0,0.52
2620.3,0.48
2621.5,0.52
2622.8,0.48
2624.0,0.52
2625.2,0.52
2626.4,0.52
2627.7,0.48
2629.0,0.48
2630.2,0.52
2631.5,0.48
2632.8,0.48
2634.2,0.45
2635.5,0.48
2636.8,0.48
2638.0,0.52
2639.3,0.48
2640.6,0.48
2641.8,0.52
2643.1,0.48
2644.4,0.48
2645.6,0.52
2646.8,0.52
2648.1,0.48
2649.3,0.52
2650.6,0.48
2651.9,0.48
2653.2,0.48
2654.6,0.45
2656.0,0.45
2657.4,0.45
2658.9,0.42
2660.4,0.42
2661.9,0.42
2663.4,0.42
2664.9,0.42
2666.3,0.45
2667.7,0.45
2669.1,0.45
2670.3,0.52
2671.6,0.48
2672.9,0.48
2674.2,0.48
2675.5,0.48
2676.8,0.48
2678.1,0.48
2679.3,0.52
2680.6,0.48
2681.8,0.52
2683.1,0.48
2684.3,0.52
2685.5,0.52
2686.8,0.48
2688.1,0.48
2689.3,0.52
2690.6,0.48
2691.8,0.52
2693.1,0.48
2694.3,0.52
2695.6,0.48
2696.9,0.48
2698.1,0.52
2699.4,0.48
2700.7,0.48
2702.0,0.48
2703.3,0.48
2704.6,0.48
2706.0,0.45
2707.4,0.45
2708.9,0.42
2710.4,0.42
2711.9,0.42
2713.4,0.42
2715.0,0.39
2716.5,0.42
2718.0,0.42
2719.6,0.39
2721.1,0.42
2722.6,0.42
2724.1,0.42
2725.5,0.45
2727.0,0.42
2728.4,0.45
2729.9,0.42
2731.3,0.45
2732.8,0.42
2734.2,0.45
2735.5,0.48
2736.9,0.45
2738.3,0.45
2739.6,0.48
2741.0,0.45
2742.3,0.48
2743.7,0.45
2745.0,0.48
2746.3,0.48
2747.6,0.48
2748.9,0.48
2750.2,0.48
2751.4,0.52
2752.7,0.48
2754.0,0.48
2755.3,0.48
2756.6,0.48
2757.9,0.48
2759.2,0.48
2760.4,0.52
2761.7,0.48
2763.0,0.48
2764.3,0.48
2765.6,0.48
2766.9,0.48
2768.2,0.48
2769.4,0.52
2770.7,0.48
2772.1,0.45
2773.4,0.48
2774.7,0.48
2776.0,0.48
2777.4,0.45
2778.7,0.48
2780.0,0.48
2781.4,0.45
2782.7,0.48
2784.0,0.48
2785.3,0.48
2786.6,0.48
2787.9,0.48
2789.1,0.52
2790.4,0.48
2791.6,0.52
2792.9,0.48
2794.2,0.48
2795.4,0.52
2796.7,0.48
2798.0,0.48
2799.2,0.52
2800.5,0.48
2801.8,0.48
2803.1,0.48
2804.3,0.52
2805.6,0.48
2806.8,0.52
2808.1,0.48
2809.3,0.52
2810.5,0.52
2811.7,0.52
2812.9,0.52
2814.2,0.48
2815.5,0.48
2816.8,0.48
2818.0,0.52
2819.3,0.48
2820.6,0.48
2821.8,0.52
2823.0,0.52
2824.3,0.48
2825.5,0.52
2826.8,0.48
2828.1,0.48
2829.4,0.48
2830.6,0.52
2831.8,0.52
2833.1,0.48
2834.3,0.52
2835.5,0.52
2836.8,0.48
2838.0,0.52
2839.3,0.48
2840.5,0.52
2841.8,0.48
2843.1,0.48
2844.3,0.52
2845.6,0.48
2846.8,0.52
2848.0,0.52
2849.2,0.52
2850.4,0.52
2851.7,0.48
2852.9,0.52
2854.2,0.48
2855.4,0.52
2856.7,0.48
2858.0,0.48
2859.2,0.52
2860.5,0.48
2861.7,0.52
2863.0,0.48
2864.3,0.48
2865.6,0.48
2866.8,0.52
2868.1,0.48
2869.4,0.48
2870.6,0.52
2871.9,0.48
2873.1,0.52
2874.4,0.48
2875.7,0.48
2876.9,0.52
2878.2,0.48
2879.5,0.48
2880.7,0.52
2882.0,0.48
2883.2,0.52
2884.4,0.52
2885.7,0.48
2886.9,0.52
2888.2,0.48
2889.4,0.52
2890.7,0.48
2892.0,0.48
2893.3,0.48
2894.6,0.48
2895.8,0.52
2897.1,0.48
2898.3,0.52
2899.5,0.52
2900.7,0.52
2901.9,0.52
2903.2,0.48
2904.4,0.52
2905.7,0.48
2907.0,0.48
2908.2,0.52
2909.5,0.48
2910.8,0.48
2912.0,0.52
2913.3,0.48
2914.6,0.48
2915.8,0.52
2917.1,0.48
2918.4,0.48
2919.7,0.48
2920.9,0.52
2922.2,0.48
2923.5,0.48
2924.8,0.48
2926.0,0.52
2927.3,0.48
2928.5,0.52
2929.8,0.48
2931.1,0.48
2932.3,0.52
2933.6,0.48
2934.9,0.48
2936.2,0.48
2937.5,0.48
2938.7,0.52
2940.0,0.48
2941.3,0.48
2942.6,0.48
2943.8,0.52
2945.1,0.48
2946.4,0.48
2947.7,0.48
2948.9,0.52
2950.2,0.48
2951.5,0.48
2952.8,0.48
2954.1,0.48
2955.4,0.48
2956.7,0.48
2958.0,0.48
2959.3,0.48
2960.6,0.48
2961.9,0.48
2963.2,0.48
2964.5,0.48
2965.7,0.52
2967.0,0.48
2968.3,0.48
2969.6,0.48
2971.0,0.45
2972.3,0.48
2973.6,0.48
2974.9,0.48
2976.2,0.48
2977.5,0.48
2978.8,0.48
2980.1,0.48
2981.4,0.48
2982.8,0.45
2984.1,0.48
2985.4,0.48
2986.8,0.45
2988.1,0.48
2989.4,0.48
2990.7,0.48
2992.0,0.48
2993.3,0.48
2994.7,0.45
2996.0,0.48
2997.3,0.48
2998.7,0.45
3000.0,0.48
3001.4,0.45
3002.7,0.48
3004.1,0.45
3005.4,0.48
3006.7,0.48
3008.0,0.48
3009.3,0.48
3010.6,0.48
3011.9,0.48
3013.2,0.48
3014.5,0.48
3015.8,0.48
3017.1,0.48
3018.4,0.48
3019.7,0.48
3021.0,0.48
3022.3,0.48
3023.7,0.45
3025.1,0.45
3026.5,0.45
3027.9,0.45
3029.2,0.48
3030.6,0.45
3032.0,0.45
3033.3,0.48
3034.7,0.45
3036.0,0.48
3037.3,0.48
3038.7,0.45
3040.0,0.48
3041.4,0.45
3042.8,0.45
3044.1,0.48
3045.4,0.48
3046.7,0.48
3047.9,0.52
3049.2,0.48
3050.4,0.52
3051.6,0.52
3052.8,0.52
3054.1,0.48
3055.3,0.52
3056.6,0.48
3057.9,0.48
3059.2,0.48
3060.5,0.48
3061.8,0.48
3063.1,0.48
3064.4,0.48
3065.8,0.45
3067.1,0.48
3068.4,0.48
3069.8,0.45
3071.1,0.48
3072.4,0.48
3073.7,0.48
3074.9,0.52
3076.2,0.48
3077.5,0.48
3078.7,0.52
3079.9,0.52
3081.2,0.48
3082.4,0.52
3083.6,0.52
3084.8,0.52
3086.0,0.52
3087.2,0.52
3088.4,0.52
3089.7,0.48
3090.9,0.52
3092.1,0.52
3093.3,0.52
3094.4,0.57
3095.6,0.52
3096.7,0.57
3097.8,0.57
3099.0,0.52
3100.2,0.52
3101.3,0.57
3102.5,0.52
3103.8,0.48
3105.0,0.52
3106.2,0.52
3107.4,0.52
3108.6,0.52
3109.8,0.52
3111.0,0.52
3112.1,0.57
3113.3,0.52
3114.5,0.52
3115.7,0.52
3116.8,0.57
3118.0,0.52
3119.1,0.57
3120.3,0.52
3121.5,0.52
3122.7,0.52
3123.9,0.52
3125.1,0.52
3126.3,0.52
3127.4,0.57
3128.6,0.52
3129.8,0.52
3131.0,0.52
3132.2,0.52
3133.4,0.52
3134.7,0.48
3135.9,0.52
3137.1,0.52
3138.3,0.52
3139.6,0.48
3140.8,0.52
3142.0,0.52
3143.2,0.52
3144.4,0.52
3145.6,0.52
3146.7,0.57
3147.9,0.52
3149.1,0.52
3150.2,0.57
3151.4,0.52
3152.6,0.52
3153.7,0.57
3154.9,0.52
3156.1,0.52
3157.3,0.52
3158.4,0.57
3159.7,0.48
3160.8,0.57
3162.1,0.48
3163.3,0.52
3164.5,0.52
3165.7,0.52
3167.0,0.48
3168.2,0.52
3169.5,0.48
3170.7,0.52
3171.9,0.52
3173.2,0.48
3174.4,0.52
3175.6,0.52
3176.7,0.57
3177.9,0.52
3179.1,0.52
3180.3,0.52
3181.6,0.48
3182.8,0.52
3184.1,0.48
3185.3,0.52
3186.5,0.52
3187.7,0.52
3189.0,0.48
3190.2,0.52
3191.4,0.52
3192.6,0.52
3193.8,0.52
3195.0,0.52
3196.2,0.52
3197.4,0.52
3198.6,0.52
3199.8,0.52
3201.1,0.48
3202.3,0.52
3203.4,0.57
3204.7,0.48
3205.9,0.52
3207.1,0.52
3208.3,0.52
3209.5,0.52
3210.7,0.52
3212.0,0.48
3213.2,0.52
3214.4,0.52
3215.7,0.48
3216.9,0.52
3218.1,0.52
3219.3,0.52
3220.6,0.48
3221.8,0.52
3223.1,0.48
3224.3,0.52
3225.5,0.52
3226.8,0.48
3228.0,0.52
3229.2,0.52
3230.4,0.52
3231.7,0.48
3232.9,0.52
3234.1,0.52
3235.3,0.52
3236.5,0.52
3237.7,0.52
3239.0,0.48
3240.2,0.52
3241.4,0.52
3242.6,0.52
3243.8,0.52
3245.0,0.52
3246.3,0.48
3247.5,0.52
3248.7,0.52
3249.9,0.52
3251.2,0.48
3252.4,0.52
3253.6,0.52
3254.8,0.52
3256.1,0.48
3257.3,0.52
3258.6,0.48
3259.8,0.52
3261.0,0.52
3262.3,0.48
3263.5,0.52
3264.8,0.48
3266.0,0.52
3267.3,0.48
3268.5,0.52
3269.8,0.48
3271.1,0.48
3272.3,0.52
3273.6,0.48
3274.8,0.52
3276.1,0.48
3277.3,0.52
3278.6,0.48
3279.8,0.52
3281.0,0.52
3282.2,0.52
3283.4,0.52
3284.6,0.52
3285.9,0.48
3287.2,0.48
3288.5,0.48
3289.7,0.52
3290.9,0.52
3292.2,0.48
3293.5,0.48
3294.8,0.48
3296.2,0.45
3297.5,0.48
3298.9,0.45
3300.4,0.42
3301.8,0.45
3303.2,0.45
3304.6,0.45
3306.0,0.45
3307.5,0.42
3308.9,0.45
3310.4,0.42
3311.9,0.42
3313.4,0.42
3314.9,0.42
3316.3,0.45
3317.7,0.45
3319.0,0.48
3320.3,0.48
3321.5,0.52
3322.7,0.52
3323.9,0.52
3325.1,0.52
3326.3,0.52
3327.5,0.52
3328.7,0.52
3329.9,0.52
3331.2,0.48
3332.4,0.52
3333.7,0.48
3335.1,0.45
3336.4,0.48
3337.8,0.45
3339.2,0.45
3340.5,0.48
3341.9,0.45
3343.3,0.45
3344.7,0.45
3346.2,0.42
3347.6,0.45
3349.0,0.45
3350.4,0.45
3351.9,0.42
3353.4,0.42
3354.8,0.45
3356.3,0.42
3357.7,0.45
3359.1,0.45
3360.5,0.45
3361.8,0.48
3363.1,0.48
3364.4,0.48
3365.8,0.45
3367.1,0.48
3368.3,0.52
3369.6,0.48
3370.8,0.52
3372.1,0.48
3373.4,0.48
3374.7,0.48
3375.9,0.52
3377.2,0.48
3378.4,0.52
3379.6,0.52
3380.9,0.48
3382.1,0.52
3383.4,0.48
3384.6,0.52
3385.9,0.48
3387.1,0.52
3388.3,0.52
3389.6,0.48
3390.8,0.52
3392.1,0.48
3393.3,0.52
3394.6,0.48
3395.9,0.48
3397.2,0.48
3398.5,0.48
3399.8,0.48
3401.1,0.48
3402.4,0.48
3403.7,0.48
3405.0,0.48
3406.3,0.48
3407.6,0.48
3408.9,0.48
3410.1,0.52
3411.4,0.48
3412.7,0.48
3413.9,0.52
3415.2,0.48
3416.6,0.45
3417.8,0.52
3419.1,0.48
3420.4,0.48
3421.6,0.52
3422.9,0.48
3424.1,0.52
3425.4,0.48
3426.7,0.48
3428.0,0.48
3429.3,0.48
3430.5,0.52
3431.8,0.48
3433.0,0.52
3434.3,0.48
3435.5,0.52
3436.8,0.48
3438.1,0.48
3439.3,0.52
3440.6,0.48
3441.9,0.48
3443.1,0.52
3444.3,0.52
3445.6,0.48
3446.8,0.52
3448.1,0.48
3449.4,0.48
3450.7,0.48
3452.0,0.48
3453.2,0.52
3454.4,0.52
3455.7,0.48
3456.8,0.57
3458.1,0.48
3459.3,0.52
3460.5,0.52
3461.7,0.52
3462.9,0.52
3464.2,0.48
3465.4,0.52
3466.6,0.52
3467.8,0.52
3469.0,0.52
3470.2,0.52
3471.5,0.48
3472.7,0.52
3473.9,0.52
3475.2,0.48
3476.4,0.52
3477.6,0.52
3478.9,0.48
3480.1,0.52
3481.4,0.48
3482.6,0.52
3483.9,0.48
3485.1,0.52
3486.3,0.52
3487.6,0.48
3488.8,0.52
3490.1,0.48
3491.3,0.52
3492.6,0.48
3493.9,0.48
3495.1,0.52
3496.4,0.48
3497.7,0.48
3499.0,0.48
3500.3,0.48
3501.6,0.48
3502.9,0.48
3504.2,0.48
3505.4,0.52
3506.7,0.48
3507.9,0.52
3509.2,0.48
3510.5,0.48
3511.7,0.52
3513.0,0.48
3514.2,0.52
3515.5,0.48
3516.8,0.48
3518.0,0.52
3519.3,0.48
3520.7,0.45
3521.9,0.52
3523.2,0.48
3524.6,0.45
3525.9,0.48
3527.3,0.45
3528.6,0.48
3529.9,0.48
3531.3,0.45
3532.6,0.48
3533.9,0.48
3535.2,0.48
3536.6,0.45
3537.9,0.48
3539.2,0.48
3540.5,0.48
3541.8,0.48
3543.1,0.48
3544.4,0.48
3545.7,0.48
3547.0,0.48
3548.2,0.52
3549.5,0.48
3550.8,0.48
3552.1,0.48
3553.4,0.48
3554.7,0.48
3556.0,0.48
3557.4,0.45
3558.7,0.48
3560.0,0.48
3561.3,0.48
3562.6,0.48
3563.9,0.48
3565.2,0.48
3566.4,0.52
3567.6,0.52
3568.9,0.48
3570.1,0.52
3571.4,0.48
3572.6,0.52
3573.9,0.48
3575.1,0.52
3576.4,0.48
3577.7,0.48
3578.9,0.52
3580.2,0.48
3581.4,0.52
3582.7,0.48
3583.9,0.52
3585.2,0.48
3586.4,0.52
3587.7,0.48
3589.0,0.48
3590.3,0.48
3591.6,0.48
3593.0,0.45
3594.3,0.48
3595.6,0.48
3596.9,0.48
3598.3,0.45
3599.6,0.48
3600.9,0.48
3602.3,0.45
3603.6,0.48
3604.8,0.52
3606.2,0.45
3607.5,0.48
3608.8,0.48
3610.1,0.48
3611.5,0.45
3612.8,0.48
3614.2,0.45
3615.5,0.48
3616.8,0.48
3618.1,0.48
3619.4,0.48
3620.7,0.48
3621.9,0.52
3623.2,0.48
3624.4,0.52
3625.7,0.48
3627.0,0.48
3628.3,0.48
3629.6,0.48
3630.9,0.48
3632.2,0.48
3633.4,0.52
3634.8,0.45
3636.1,0.48
3637.4,0.48
3638.7,0.48
3640.0,0.48
3641.4,0.45
3642.7,0.48
3644.1,0.45
3645.5,0.45
3646.8,0.48
3648.2,0.45
3649.5,0.48
3650.8,0.48
3652.1,0.48
3653.4,0.48
3654.7,0.48
3656.0,0.48
3657.3,0.48
3658.7,0.45
3660.0,0.48
3661.3,0.48
3662.7,0.45
3664.0,0.48
3665.3,0.48
3666.6,0.48
3668.0,0.45
3669.3,0.48
3670.7,0.45
3672.0,0.48
3673.4,0.45
3674.7,0.48
3676.0,0.48
3677.3,0.48
3678.6,0.48
3679.9,0.48
3681.2,0.48
3682.5,0.48
3683.8,0.48
3685.1,0.48
3686.5,0.45
3687.8,0.48
3689.2,0.45
3690.5,0.48
3691.8,0.48
3693.1,0.48
3694.4,0.48
3695.7,0.48
3697.0,0.48
3698.3,0.48
3699.6,0.48
3700.9,0.48
3702.2,0.48
3703.4,0.52
3704.7,0.48
3705.9,0.52
3707.2,0.48
3708.4,0.52
3709.7,0.48
3710.9,0.52
3712.2,0.48
3713.5,0.48
3714.8,0.48
3716.1,0.48
3717.4,0.48
3718.7,0.48
3720.0,0.48
3721.4,0.45
3722.7,0.48
3724.0,0.48
3725.3,0.48
3726.6,0.48
3727.9,0.48
3729.3,0.45
3730.7,0.45
3732.0,0.48
3733.3,0.48
3734.6,0.48
3735.9,0.48
3737.1,0.52
3738.4,0.48
3739.7,0.48
3740.9,0.52
3742.3,0.45
3743.6,0.48
3744.9,0.48
3746.2,0.48
3747.4,0.52
3748.7,0.48
3749.9,0.52
3751.2,0.48
3752.4,0.52
3753.7,0.48
3754.9,0.52
3756.2,0.48
3757.4,0.52
3758.7,0.48
3759.9,0.52
3761.2,0.48
3762.5,0.48
3763.8,0.48
3765.1,0.48
3766.4,0.48
3767.8,0.45
3769.1,0.48
3770.4,0.48
3771.7,0.48
3772.9,0.52
3774.2,0.48
3775.4,0.52
3776.6,0.52
3777.8,0.52
3779.1,0.48
3780.3,0.52
3781.6,0.48
3782.8,0.52
3784.0,0.52
3785.2,0.52
3786.4,0.52
3787.6,0.52
3788.8,0.52
3790.1,0.48
3791.3,0.52
3792.6,0.48
3793.8,0.52
3795.1,0.48
3796.4,0.48
3797.7,0.48
3799.0,0.48
3800.3,0.48
3801.5,0.52
3802.8,0.48
3804.0,0.52
3805.2,0.52
3806.4,0.52
3807.6,0.52
3808.7,0.57
3809.9,0.52
3811.1,0.52
3812.2,0.57
3813.4,0.52
3814.7,0.48
3815.9,0.52
3817.1,0.52
3818.4,0.48
3819.6,0.52
3820.8,0.52
3822.1,0.48
3823.3,0.52
3824.5,0.52
3825.7,0.52
3826.9,0.52
3828.1,0.52
3829.3,0.52
3830.5,0.52
3831.7,0.52
3832.9,0.52
3834.1,0.52
3835.3,0.52
3836.4,0.57
3837.6,0.52
3838.8,0.52
3840.0,0.52
3841.2,0.52
3842.5,0.48
3843.7,0.52
3844.9,0.52
3846.1,0.52
3847.3,0.52
3848.5,0.52
3849.7,0.52
3850.9,0.52
3852.0,0.57
3853.2,0.52
3854.4,0.52
3855.6,0.52
3856.8,0.52
3858.1,0.48
3859.3,0.52
3860.6,0.48
3861.9,0.48
3863.2,0.48
3864.5,0.48
3865.7,0.52
3867.0,0.48
3868.2,0.52
3869.5,0.48
3870.7,0.52
3871.9,0.52
3873.1,0.52
3874.3,0.52
3875.5,0.52
3876.7,0.52
3877.8,0.57
3879.0,0.52
3880.2,0.52
3881.4,0.52
3882.6,0.52
3883.8,0.52
3884.9,0.57
3886.1,0.52
3887.2,0.57
3888.4,0.52
3889.6,0.52
3890.8,0.52
3891.9,0.57
3893.1,0.52
3894.3,0.52
3895.5,0.52
3896.7,0.52
3897.9,0.52
3899.1,0.52
3900.3,0.52
3901.5,0.52
3902.7,0.52
3904.0,0.48
3905.2,0.52
3906.4,0.90
3907.6,0.52
3908.8,0.52
3910.0,0.52
3911.2,0.52
3912.4,0.52
3913.7,0.48
3914.9,0.52
3916.1,0.52
3917.3,0.52
3918.5,0.52
3919.7,0.52
3920.9,0.52
3922.1,0.52
3923.3,0.52
3924.6,0.48
3925.8,0.52
3927.0,0.52
3928.2,0.52
3929.4,0.52
3930.6,0.52
3931.8,0.52
3933.1,0.48
3934.3,0.52
3935.5,0.52
3936.7,0.52
3937.9,0.52
3939.1,0.52
3940.4,0.48
3941.6,0.52
3942.9,0.48
3944.2,0.48
3945.4,0.52
3946.7,0.48
3948.0,0.48
3949.2,0.52
3950.5,0.48
3951.8,0.48
3953.0,0.52
3954.3,0.48
3955.5,0.52
3956.8,0.48
3958.0,0.52
3959.2,0.52
3960.5,0.48
3961.7,0.52
3963.0,0.48
3964.2,0.52
3965.4,0.52
3966.6,0.52
3967.8,0.52
3969.1,0.48
3970.4,0.48
3971.7,0.48
3972.9,0.52
3974.2,0.48
3975.4,0.52
3976.7,0.48
3978.1,0.45
3979.4,0.48
3980.7,0.48
3982.0,0.48
3983.3,0.48
3984.7,0.45
3986.0,0.48
3987.4,0.45
3988.8,0.45
3990.2,0.45
3991.6,0.45
3992.9,0.48
3994.3,0.45
3995.6,0.48
3996.9,0.48
3998.1,0.52
3999.4,0.48
4000.7,0.48
4001.9,0.52
4003.2,0.48
4004.4,0.52
4005.7,0.48
4007.0,0.48
4008.3,0.48
4009.7,0.45
4011.0,0.48
4012.3,0.48
4013.7,0.45
4015.0,0.48
4016.4,0.45
4017.8,0.45
4019.2,0.45
4020.6,0.45
4021.9,0.48
4023.3,0.45
4024.6,0.48
4025.9,0.48
4027.2,0.48
4028.6,0.45
4029.9,0.48
4031.2,0.48
4032.6,0.45
4034.1,0.42
4035.6,0.42
4037.1,0.42
4038.7,0.39
4040.2,0.42
4041.7,0.42
4043.2,0.42
4044.6,0.45
4045.9,0.48
4047.2,0.48
4048.6,0.45
4049.8,0.52
4051.1,0.48
4052.4,0.48
4053.7,0.48
4054.9,0.52
4056.1,0.52
4057.3,0.52
4058.5,0.52
4059.7,0.52
4061.0,0.48
4062.2,0.52
4063.4,0.52
4064.6,0.52
4065.8,0.52
4067.1,0.48
4068.3,0.52
4069.6,0.48
4070.9,0.48
4072.2,0.48
4073.4,0.52
4074.7,0.48
4075.9,0.52
4077.2,0.48
4078.4,0.52
4079.6,0.52
4080.8,0.52
4082.0,0.52
4083.2,0.52
4084.4,0.52
4085.7,0.48
4086.9,0.52
4088.2,0.48
4089.4,0.52
4090.7,0.48
4092.0,0.48
4093.3,0.48
4094.6,0.48
4095.9,0.48
4097.1,0.52
4098.4,0.48
4099.6,0.52
4100.9,0.48
4102.2,0.48
4103.5,0.48
4104.7,0.52
4106.0,0.48
4107.2,0.52
4108.5,0.48
4109.7,0.52
4110.9,0.52
4112.2,0.48
4113.4,0.52
4114.6,0.52
4115.9,0.48
4117.1,0.52
4118.4,0.48
4119.7,0.48
4120.9,0.52
4122.3,0.45
4123.6,0.48
4124.9,0.48
4126.2,0.48
4127.5,0.48
4128.8,0.48
4130.0,0.52
4131.2,0.52
4132.5,0.48
4133.8,0.48
4135.1,0.48
4136.3,0.52
4137.6,0.48
4138.9,0.48
4140.2,0.48
4141.6,0.45
4142.9,0.48
4144.2,0.48
4145.5,0.48
4146.9,0.45
4148.2,0.48
4149.6,0.45
4150.9,0.48
4152.2,0.48
4153.5,0.48
4154.9,0.45
4156.2,0.48
4157.4,0.52
4158.7,0.48
4160.0,0.48
4161.2,0.52
4162.4,0.52
4163.7,0.48
4164.9,0.52
4166.1,0.52
4167.4,0.48
4168.6,0.52
4169.9,0.48
4171.1,0.52
4172.4,0.48
4173.6,0.52
4174.9,0.48
4176.2,0.48
4177.4,0.52
4178.7,0.48
4180.0,0.48
4181.3,0.48
4182.6,0.48
4183.8,0.52
4185.1,0.48
4186.4,0.48
4187.7,0.48
4189.0,0.48
4190.2,0.52
4191.4,0.52
4192.7,0.48
4193.9,0.52
4195.2,0.48
4196.5,0.48
4197.8,0.48
4199.0,0.52
4200.3,0.48
4201.6,0.48
4202.9,0.48
4204.2,0.48
4205.4,0.52
4206.6,0.52
4207.9,0.48
4209.1,0.52
4210.3,0.52
4211.6,0.48
4212.8,0.52
4214.1,0.48
4215.4,0.48
4216.6,0.52
4217.9,0.48
4219.1,0.52
4220.4,0.48
4221.6,0.52
4222.8,0.52
4224.1,0.48
4225.3,0.52
4226.5,0.52
4227.8,0.48
4229.0,0.52
4230.2,0.52
4231.4,0.52
4232.6,0.52
4233.9,0.48
4235.1,0.52
4236.4,0.48
4237.7,0.48
4239.1,0.45
4240.4,0.48
4241.6,0.52
4242.9,0.48
4244.1,0.52
4245.4,0.48
4246.6,0.52
4247.8,0.52
4249.0,0.52
4250.2,0.52
4251.4,0.52
4252.7,0.48
4253.9,0.52
4255.2,0.48
4256.4,0.52
4257.7,0.48
4259.0,0.48
4260.2,0.52
4261.6,0.45
4262.9,0.48
4264.2,0.48
4265.5,0.48
4266.8,0.48
4268.1,0.48
4269.3,0.52
4270.6,0.48
4271.8,0.52
4273.1,0.48
4274.3,0.52
4275.6,0.48
4276.9,0.48
4278.2,0.48
4279.5,0.48
4280.7,0.52
4282.0,0.48
4283.2,0.52
4284.5,0.48
4285.7,0.52
4287.0,0.48
4288.2,0.52
4289.4,0.52
4290.7,0.48
4291.9,0.52
4293.1,0.52
4294.4,0.48
4295.7,0.48
4297.0,0.48
4298.3,0.48
4299.6,0.48
4300.9,0.48
4302.2,0.48
4303.5,0.48
4304.8,0.48
4306.1,0.48
4307.4,0.48
4308.7,0.48
4310.0,0.48
4311.4,0.45
4312.8,0.45
4314.2,0.45
4315.5,0.48
4316.9,0.45
4318.2,0.48
4319.5,0.48
4320.8,0.48
4322.1,0.48
4323.4,0.48
4324.6,0.52
4325.9,0.48
4327.2,0.48
4328.5,0.48
4329.8,0.48
4331.2,0.45
4332.6,0.45
4333.9,0.48
4335.2,0.48
4336.5,0.48
4337.8,0.48
4339.1,0.48
4340.5,0.45
4341.8,0.48
4343.2,0.45
4344.5,0.48
4345.9,0.45
4347.2,0.48
4348.5,0.48
4349.7,0.52
4351.0,0.48
4352.3,0.48
4353.6,0.48
4354.9,0.48
4356.2,0.48
4357.5,0.48
4358.8,0.48
4360.1,0.48
4361.3,0.52
4362.6,0.48
4363.8,0.52
4365.1,0.48
4366.4,0.48
4367.6,0.52
4368.9,0.48
4370.1,0.52
4371.3,0.52
4372.6,0.48
4373.8,0.52
4375.0,0.52
4376.2,0.52
4377.5,0.48
4378.7,0.52
4379.9,0.52
4381.2,0.48
4382.4,0.52
4383.7,0.48
4384.9,0.52
4386.1,0.52
4387.3,0.52
4388.5,0.52
4389.7,0.52
4390.9,0.52
4392.1,0.52
4393.3,0.52
4394.6,0.48
4395.8,0.52
4397.1,0.48
4398.4,0.48
4399.6,0.52
4400.9,0.48
4402.1,0.52
4403.3,0.52
4404.6,0.48
4405.9,0.48
4407.1,0.52
4408.4,0.48
4409.8,0.45
4411.1,0.48
4412.4,0.48
4413.7,0.48
4415.0,0.48
4416.3,0.48
4417.6,0.48
4418.9,0.48
4420.2,0.48
4421.4,0.52
4422.7,0.48
4423.9,0.52
4425.2,0.48
4426.4,0.52
4427.7,0.48
4428.9,0.52
4430.2,0.48
4431.4,0.52
4432.7,0.48
4433.9,0.52
4435.1,0.52
4436.4,0.48
4437.6,0.52
4438.9,0.48
4440.1,0.52
4441.4,0.48
4442.6,0.52
4443.9,0.48
4445.2,0.48
4446.4,0.52
4447.7,0.48
4449.0,0.48
4450.3,0.48
4451.6,0.48
4452.9,0.48
4454.2,0.48
4455.5,0.48
4456.8,0.48
4458.1,0.48
4459.3,0.52
4460.6,0.48
4461.9,0.48
4463.1,0.52
4464.4,0.48
4465.7,0.48
4467.0,0.48
4468.3,0.48
4469.6,0.48
4470.8,0.52
4472.1,0.48
4473.4,0.48
4474.7,0.48
4476.0,0.48
4477.2,0.52
4478.5,0.48
4479.8,0.48
4481.1,0.48
4482.4,0.48
4483.7,0.48
4485.0,0.48
4486.3,0.48
4487.7,0.45
4489.0,0.48
4490.4,0.45
4491.7,0.48
4493.0,0.48
4494.3,0.48
4495.6,0.48
4497.0,0.45
4498.3,0.48
4499.6,0.48
4501.0,0.45
4502.3,0.48
4503.6,0.48
4504.9,0.48
4506.2,0.48
4507.4,0.52
4508.7,0.48
4510.0,0.48
4511.4,0.45
4512.7,0.48
4514.0,0.48
4515.2,0.52
4516.5,0.48
4517.8,0.48
4519.2,0.45
4520.5,0.48
4521.8,0.48
4523.2,0.45
4524.6,0.45
4525.9,0.48
4527.3,0.45
4528.7,0.45
4530.1,0.45
4531.4,0.48
4532.7,0.48
4534.1,0.45
4535.4,0.48
4536.7,0.48
4538.0,0.48
4539.3,0.48
4540.6,0.48
4541.9,0.48
4543.3,0.45
4544.6,0.48
4545.9,0.48
4547.3,0.45
4548.6,0.48
4549.9,0.48
4551.2,0.48
4552.5,0.48
4553.8,0.48
4555.1,0.48
4556.4,0.48
4557.7,0.48
4559.0,0.48
4560.4,0.45
4561.7,0.48
4563.0,0.48
4564.3,0.48
4565.7,0.45
4567.1,0.45
4568.4,0.48
4569.9,0.42
4571.3,0.45
4572.7,0.45
4574.1,0.45
4575.5,0.45
4576.9,0.45
4578.2,0.48
4579.6,0.45
4580.9,0.48
4582.3,0.45
4583.6,0.48
4584.9,0.48
4586.2,0.48
4587.5,0.48
4588.9,0.45
4590.3,0.45
4591.7,0.45
4593.1,0.45
4594.5,0.45
4595.8,0.48
4597.1,0.48
4598.5,0.45
4599.8,0.48
4601.1,0.48
4602.5,0.45
4603.8,0.48
4605.1,0.48
4606.3,0.52
4607.5,0.52
4608.9,0.45
4610.2,0.48
4611.7,0.42
4613.2,0.42
4614.6,0.45
4616.0,0.45
4617.4,0.45
4618.8,0.45
4620.2,0.45
4621.6,0.45
4622.9,0.48
4624.3,0.45
4625.6,0.48
4627.0,0.45
4628.5,0.42
4629.9,0.45
4631.4,0.42
4632.9,0.42
4634.4,0.42
4636.0,0.39
4637.6,0.39
4639.2,0.39
4640.7,0.42
4642.2,0.42
4643.7,0.42
4645.2,0.42
4646.8,0.39
4648.3,0.42
4649.7,0.45
4651.1,0.45
4652.5,0.45
4653.9,0.45
4655.2,0.48
4656.6,0.45
4657.9,0.48
4659.2,0.48
4660.5,0.48
4661.9,0.45
4663.2,0.48
4664.5,0.48
4665.8,0.48
4667.1,0.48
4668.5,0.45
4669.8,0.48
4671.2,0.45
4672.5,0.48
4673.9,0.45
4675.3,0.45
4676.8,0.42
4678.3,0.42
4679.8,0.42
4681.2,0.45
4682.6,0.45
4684.0,0.45
4685.4,0.45
4686.8,0.45
4688.2,0.45
4689.6,0.45
4690.9,0.48
4692.3,0.45
4693.7,0.45
4695.1,0.45
4696.5,0.45
4698.0,0.42
4699.4,0.45
4700.9,0.42
4702.4,0.42
4703.8,0.45
4705.2,0.45
4706.6,0.45
4708.1,0.42
4709.4,0.48
4710.8,0.45
4712.2,0.45
4713.6,0.45
4715.0,0.45
4716.4,0.45
4717.8,0.45
4719.2,0.45
4720.6,0.45
4722.1,0.42
4723.5,0.45
4725.0,0.42
4726.4,0.45
4727.9,0.42
4729.3,0.45
4730.8,0.42
4732.2,0.45
4733.7,0.42
4735.1,0.45
4736.5,0.45
4738.0,0.42
4739.5,0.42
4741.0,0.42
4742.5,0.42
4744.0,0.42
4745.4,0.45
4746.9,0.42
4748.2,0.48
4749.5,0.48
4750.9,0.45
4752.2,0.48
4753.6,0.45
4755.0,0.45
4756.4,0.45
4757.8,0.45
4759.3,0.42
4760.7,0.45
4762.1,0.45
4763.5,0.45
4764.9,0.45
4766.3,0.45
4767.7,0.45
4769.0,0.48
4770.4,0.45
4771.8,0.45
4773.1,0.48
4774.5,0.45
4775.8,0.48
4777.1,0.48
4778.5,0.45
4779.8,0.48
4781.1,0.48
4782.5,0.45
4783.8,0.48
4785.2,0.45
4786.5,0.48
4787.8,0.48
4789.2,0.45
4790.5,0.48
4791.8,0.48
4793.1,0.48
4794.4,0.48
4795.7,0.48
4797.1,0.45
4798.5,0.45
4799.8,0.48
4801.2,0.45
4802.6,0.45
4804.0,0.45
4805.5,0.42
4806.9,0.45
4808.4,0.42
4809.8,0.45
4811.3,0.42
4812.8,0.42
4814.2,0.45
4815.7,0.42
4817.2,0.42
4818.6,0.45
4820.1,0.42
4821.5,0.45
4822.9,0.45
4824.2,0.48
4825.6,0.45
4826.9,0.48
4828.3,0.45
4829.6,0.48
4831.0,0.45
4832.4,0.45
4833.8,0.45
4835.1,0.48
4836.5,0.45
4837.9,0.45
4839.2,0.48
4840.6,0.45
4841.9,0.48
4843.3,0.45
4844.6,0.48
4845.9,0.48
4847.2,0.48
4848.5,0.48
4849.8,0.48
4851.1,0.48
4852.4,0.48
4853.7,0.48
4855.0,0.48
4856.4,0.45
4857.7,0.48
4859.1,0.45
4860.5,0.45
4861.8,0.48
4863.2,0.45
4864.4,0.52
4865.7,0.48
4867.0,0.48
4868.3,0.48
4869.7,0.45
4871.0,0.48
4872.3,0.48
4873.6,0.48
4874.9,0.48
4876.2,0.48
4877.5,0.48
4878.8,0.48
4880.1,0.48
4881.4,0.48
4882.6,0.52
4883.9,0.48
4885.1,0.52
4886.4,0.48
4887.7,0.48
4889.0,0.48
4890.2,0.52
4891.5,0.48
4892.8,0.48
4894.1,0.48
4895.3,0.52
4896.6,0.48
4897.9,0.48
4899.1,0.52
4900.4,0.48
4901.6,0.52
4902.9,0.48
4904.2,0.48
4905.5,0.48
4906.7,0.52
4907.9,0.52
4909.2,0.48
4910.4,0.52
4911.6,0.52
4912.8,0.52
4914.0,0.52
4915.2,0.52
4916.5,0.48
4917.7,0.52
4918.9,0.52
4920.1,0.52
4921.3,0.52
4922.5,0.52
4923.7,0.52
4925.0,0.48
4926.2,0.52
4927.4,0.52
4928.6,0.52
4929.8,0.52
4931.1,0.48
4932.3,0.52
4933.6,0.48
4934.9,0.48
4936.2,0.48
4937.5,0.48
4938.8,0.48
4940.0,0.52
4941.2,0.52
4942.5,0.48
4943.8,0.48
4945.1,0.48
4946.3,0.52
4947.6,0.48
4948.9,0.48
4950.1,0.52
4951.4,0.48
4952.7,0.48
4954.1,0.45
4955.4,0.48
4956.7,0.48
4958.1,0.45
4959.4,0.48
4960.8,0.45
4962.1,0.48
4963.3,0.52
4964.6,0.48
4965.9,0.48
4967.2,0.48
4968.4,0.52
4969.7,0.48
4970.9,0.52
4972.1,0.52
4973.3,0.52
4974.5,0.52
4975.7,0.52
4976.9,0.52
4978.1,0.52
4979.4,0.48
4980.7,0.48
4982.0,0.48
4983.3,0.48
4984.6,0.48
4985.9,0.48
4987.1,0.52
4988.4,0.48
4989.6,0.52
4990.9,0.48
4992.1,0.52
4993.4,0.48
4994.7,0.48
4995.9,0.52
4997.2,0.48
4998.5,0.48
4999.8,0.48
5001.0,0.52
5002.3,0.48
5003.5,0.52
5004.8,0.48
5006.1,0.48
5007.4,0.48
5008.7,0.48
5010.0,0.48
5011.3,0.48
5012.6,0.48
5013.8,0.52
5015.1,0.48
5016.4,0.48
5017.6,0.52
5018.9,0.48
5020.2,0.48
5021.4,0.52
5022.7,0.48
5023.9,0.52
5025.2,0.48
5026.5,0.48
5027.8,0.48
5029.0,0.52
5030.3,0.48
5031.6,0.48
5033.0,0.45
5034.3,0.48
5035.6,0.48
5037.0,0.45
5038.3,0.48
5039.6,0.48
5040.9,0.48
5042.3,0.45
5043.6,0.48
5044.9,0.48
5046.2,0.48
5047.5,0.48
5048.9,0.45
5050.2,0.48
5051.4,0.52
5052.7,0.48
5054.0,0.48
5055.3,0.48
5056.6,0.48
5057.9,0.48
5059.1,0.52
5060.4,0.48
5061.6,0.52
5062.9,0.48
5064.2,0.48
5065.5,0.48
5066.8,0.48
5068.0,0.52
5069.2,0.52
5070.5,0.48
5071.7,0.52
5072.9,0.52
5074.2,0.48
5075.5,0.48
5076.7,0.52
5078.0,0.48
5079.3,0.48
5080.6,0.48
5081.9,0.48
5083.1,0.52
5084.4,0.48
5085.7,0.48
5087.0,0.48
5088.2,0.52
5089.5,0.48
5090.8,0.48
5092.1,0.48
5093.5,0.45
5094.8,0.48
5096.1,0.48
5097.4,0.48
5098.7,0.48
5100.0,0.48
5101.2,0.52
5102.5,0.48
5103.8,0.48
5105.1,0.48
5106.4,0.48
5107.7,0.48
5109.0,0.48
5110.3,0.48
5111.7,0.45
5113.0,0.48
5114.3,0.48
5115.6,0.48
5116.9,0.48
5118.2,0.48
5119.6,0.45
5120.9,0.48
5122.2,0.48
5123.4,0.52
5124.7,0.48
5126.0,0.48
5127.3,0.48
5128.6,0.48
5129.9,0.48
5131.2,0.48
5132.6,0.45
5133.9,0.48
5135.2,0.48
5136.6,0.45
5137.9,0.48
5139.3,0.45
5140.7,0.45
5142.1,0.45
5143.5,0.45
5144.8,0.48
5146.2,0.45
5147.5,0.48
5148.8,0.48
5150.2,0.45
5151.5,0.48
5152.9,0.45
5154.2,0.48
5155.6,0.45
5156.9,0.48
5158.2,0.48
5159.6,0.45
5160.9,0.48
5162.3,0.45
5163.6,0.48
5164.9,0.48
5166.2,0.48
5167.5,0.48
5168.8,0.48
5170.1,0.48
5171.4,0.48
5172.6,0.52
5174.0,0.45
5175.3,0.48
5176.6,0.48
5177.9,0.48
5179.1,0.52
5180.4,0.48
5181.7,0.48
5183.0,0.48
5184.3,0.48
5185.6,0.48
5186.9,0.48
5188.2,0.48
5189.5,0.48
5190.8,0.48
5192.2,0.45
5193.5,0.48
5194.8,0.48
5196.1,0.48
5197.3,0.52
5198.6,0.48
5199.9,0.48
5201.2,0.48
5202.5,0.48
5203.9,0.45
5205.2,0.48
5206.5,0.48
5207.9,0.45
5209.2,0.48
5210.5,0.48
5211.7,0.52
5213.0,0.48
5214.3,0.48
5215.6,0.48
5216.9,0.48
5218.2,0.48
5219.5,0.48
5220.8,0.48
5222.1,0.48
5223.4,0.48
5224.7,0.48
5226.0,0.48
5227.2,0.52
5228.5,0.48
5229.8,0.48
5231.1,0.48
5232.4,0.48
5233.7,0.48
5235.1,0.45
5236.4,0.48
5237.7,0.48
5239.1,0.45
5240.4,0.48
5241.7,0.48
5243.1,0.45
5244.4,0.48
5245.7,0.48
5247.1,0.45
5248.4,0.48
5249.7,0.48
5251.0,0.48
5252.3,0.48
5253.6,0.48
5254.9,0.48
5256.2,0.48
5257.6,0.45
5259.0,0.45
5260.4,0.45
5261.8,0.45
5263.2,0.45
5264.6,0.45
5266.0,0.45
5267.3,0.48
5268.7,0.45
5270.0,0.48
5271.4,0.45
5272.7,0.48
5274.1,0.45
5275.5,0.45
5276.8,0.48
5278.2,0.45
5279.6,0.45
5280.9,0.48
5282.3,0.45
5283.6,0.48
5285.0,0.45
5286.4,0.45
5287.7,0.48
5289.0,0.48
5290.4,0.45
5291.7,0.48
5293.0,0.48
5294.4,0.45
5295.7,0.48
5297.1,0.45
5298.4,0.48
5299.8,0.45
5301.1,0.48
5302.5,0.45
5303.9,0.45
5305.3,0.45
5306.6,0.48
5308.0,0.45
5309.3,0.48
5310.7,0.45
5312.0,0.48
5313.4,0.45
5314.7,0.48
5316.1,0.45
5317.4,0.48
5318.8,0.45
5320.1,0.48
5321.5,0.45
5322.9,0.45
5324.3,0.45
5325.7,0.45
5327.1,0.45
5328.6,0.42
5330.0,0.45
5331.4,0.45
5332.9,0.42
5334.3,0.45
5335.7,0.45
5337.1,0.45
5338.5,0.45
5339.9,0.45
5341.3,0.45
5342.7,0.45
5344.1,0.45
5345.6,0.42
5347.0,0.45
5348.4,0.45
5349.7,0.48
5351.1,0.45
5352.4,0.48
5353.7,0.48
5355.0,0.48
5356.3,0.48
5357.6,0.48
5358.9,0.48
5360.1,0.52
5361.4,0.48
5362.5,0.57
5363.7,0.52
5364.9,0.52
5366.0,0.57
5367.2,0.52
5368.4,0.52
5369.5,0.57
5370.6,0.57
5371.8,0.52
5372.9,0.57
5374.1,0.52
5375.2,0.57
5376.4,0.52
5377.5,0.57
5378.7,0.52
5379.8,0.57
5381.0,0.52
5382.2,0.52
5383.4,0.52
5384.6,0.52
5385.8,0.52
5387.0,0.52
5388.1,0.57
5389.3,0.52
5390.5,0.52
5391.6,0.57
5392.8,0.52
5394.0,0.52
5395.2,0.52
5396.4,0.52
5397.7,0.48
0.0,0.00
