12424.3,0.27
12425.9,0.39
12427.4,0.42
12428.9,0.42
12430.3,0.45
12431.8,0.42
12433.2,0.45
12434.7,0.42
12436.2,0.42
12437.6,0.45
12439.1,0.42
12440.6,0.42
12442.1,0.42
12443.6,0.42
12445.1,0.42
12446.5,0.45
12448.0,0.42
12449.6,0.39
12451.2,0.39
12452.8,0.39
12454.3,0.42
12455.9,0.39
12457.4,0.42
12459.0,0.39
12460.6,0.39
12462.2,0.39
12463.8,0.39
12465.3,0.42
12466.8,0.42
12468.4,0.39
12470.0,0.39
12471.6,0.39
12473.3,0.37
12474.9,0.39
12476.5,0.39
12478.1,0.39
12479.8,0.37
12481.4,0.39
12483.1,0.37
12484.8,0.37
12486.5,0.37
12488.1,0.39
12489.6,0.42
12491.1,0.42
12492.7,0.39
12494.4,0.37
12496.0,0.39
12497.6,0.39
12499.3,0.37
12501.0,0.37
12502.6,0.39
12504.2,0.39
12505.8,0.39
12507.4,0.39
12509.0,0.39
12510.6,0.39
12512.3,0.37
12513.9,0.39
12515.6,0.37
12517.3,0.37
12519.0,0.37
12520.6,0.39
12522.3,0.37
12524.0,0.37
12525.7,0.37
12527.4,0.37
12529.0,0.39
12530.6,0.39
12532.2,0.39
12533.9,0.37
12535.6,0.37
12537.3,0.37
12538.9,0.39
12540.5,0.39
12542.2,0.37
12543.8,0.39
12545.4,0.39
12547.1,0.37
12548.9,0.35
12550.7,0.35
12552.5,0.35
12554.2,0.37
12555.9,0.37
12557.6,0.37
12559.2,0.39
12560.9,0.37
12562.5,0.39
12564.1,0.39
12565.8,0.37
12567.3,0.42
12568.9,0.39
12570.5,0.39
12572.0,0.42
12573.6,0.39
12575.2,0.39
12576.8,0.39
12578.3,0.42
12579.9,0.39
12581.5,0.39
12583.1,0.39
12584.6,0.42
12586.2,0.39
12587.8,0.39
12589.4,0.39
12591.0,0.39
12592.6,0.39
12594.3,0.37
12595.9,0.39
12597.6,0.37
12599.2,0.39
12600.9,0.37
12602.6,0.37
12604.2,0.39
12605.9,0.37
12607.5,0.39
12609.2,0.37
12610.8,0.39
12612.4,0.39
12614.0,0.39
12615.7,0.37
12617.4,0.37
12619.1,0.37
12620.7,0.39
12622.3,0.39
12623.8,0.42
12625.3,0.42
12626.7,0.45
12628.1,0.45
12629.6,0.42
12631.1,0.42
12632.6,0.42
12634.1,0.42
12635.7,0.39
12637.3,0.39
12638.9,0.39
12640.6,0.37
12642.2,0.39
12643.8,0.39
12645.4,0.39
12646.9,0.42
12648.5,0.39
12650.1,0.39
12651.7,0.39
12653.4,0.37
12655.0,0.39
12656.7,0.37
12658.4,0.37
12660.0,0.39
12661.7,0.37
12663.4,0.37
12665.1,0.37
12666.7,0.39
12668.3,0.39
12670.0,0.37
12671.6,0.39
12673.3,0.37
12675.0,0.37
12676.8,0.35
12678.5,0.37
12680.1,0.39
12681.7,0.39
12683.3,0.39
12684.9,0.39
12686.5,0.39
12688.1,0.39
12689.8,0.37
12691.4,0.39
12693.1,0.37
12694.8,0.37
12696.5,0.37
12698.3,0.35
12700.0,0.37
12701.7,0.37
12703.5,0.35
12705.2,0.37
12707.0,0.35
12708.7,0.37
12710.4,0.37
12712.1,0.37
12713.8,0.37
12715.5,0.37
12717.1,0.39
12718.8,0.37
12720.5,0.37
12722.1,0.39
12723.7,0.39
12725.3,0.39
12726.9,0.39
12728.5,0.39
12730.1,0.39
12731.6,0.42
12733.2,0.39
12734.7,0.42
12736.3,0.39
12737.9,0.39
12739.4,0.42
12741.0,0.39
12742.6,0.39
12744.2,0.39
12745.8,0.39
12747.3,0.42
12748.9,0.39
12750.5,0.39
12752.1,0.39
12753.7,0.39
12755.3,0.39
12756.9,0.39
12758.6,0.37
12760.2,0.39
12761.8,0.39
12763.3,0.42
12764.8,0.42
12766.4,0.39
12767.9,0.42
12769.5,0.39
12771.1,0.39
12772.6,0.42
12774.2,0.39
12775.7,0.42
12777.3,0.39
12778.8,0.42
12780.4,0.39
12781.9,0.42
12783.5,0.39
12785.1,0.39
12786.7,0.39
12788.3,0.39
12789.9,0.39
12791.5,0.39
12793.0,0.42
12794.7,0.37
12796.3,0.39
12797.9,0.39
12799.5,0.39
12801.2,0.37
12802.9,0.37
12804.6,0.37
12806.2,0.39
12807.9,0.37
12809.5,0.39
12811.1,0.39
12812.7,0.39
12814.3,0.39
12816.0,0.37
12817.6,0.39
12819.3,0.37
12821.0,0.37
12822.7,0.37
12824.4,0.37
12826.0,0.39
12827.6,0.39
12829.2,0.39
12830.9,0.37
12832.5,0.39
12834.1,0.39
12835.7,0.39
12837.4,0.37
12839.0,0.39
12840.6,0.39
12842.3,0.37
12844.0,0.37
12845.7,0.37
12847.4,0.37
12849.0,0.39
12850.7,0.37
12852.4,0.37
12854.0,0.39
12855.6,0.39
12857.2,0.39
12858.9,0.37
12860.5,0.39
12862.2,0.37
12864.0,0.35
12865.7,0.37
12867.4,0.37
12869.0,0.39
12870.7,0.37
12872.3,0.39
12874.0,0.37
12875.6,0.39
12877.3,0.37
12879.0,0.37
12880.6,0.39
12882.4,0.35
12884.1,0.37
12885.8,0.37
12887.6,0.35
12889.3,0.37
12891.0,0.37
12892.8,0.35
12894.5,0.37
12896.3,0.35
12898.1,0.35
12899.9,0.35
12901.6,0.37
12903.4,0.35
12905.2,0.35
12906.9,0.37
12908.7,0.35
12910.5,0.35
12912.3,0.35
12914.0,0.37
12915.8,0.35
12917.5,0.37
12919.1,0.39
12920.6,0.42
12922.1,0.42
12923.6,0.42
12925.1,0.42
12926.5,0.45
12928.1,0.39
12929.6,0.42
12931.2,0.39
12932.8,0.39
12934.4,0.39
12936.1,0.37
12937.8,0.37
12939.5,0.37
12941.2,0.37
12943.0,0.35
12944.8,0.35
12946.5,0.37
12948.2,0.37
12950.0,0.35
12951.8,0.35
12953.5,0.37
12955.3,0.35
12957.1,0.35
12958.9,0.35
12960.6,0.37
12962.4,0.35
12964.2,0.35
12966.0,0.35
12967.9,0.33
12969.7,0.35
12971.5,0.35
12973.4,0.33
12975.2,0.35
12977.0,0.35
12978.8,0.35
12980.7,0.33
12982.5,0.35
12984.3,0.35
12986.1,0.35
12987.9,0.35
12989.8,0.33
12991.6,0.35
12993.5,0.33
12995.5,0.31
12997.4,0.33
12999.2,0.35
13001.1,0.33
13003.0,0.33
13004.9,0.33
13006.8,0.33
13008.6,0.35
13010.4,0.35
13012.2,0.35
13014.0,0.35
13015.8,0.35
13017.6,0.35
13019.4,0.35
13021.2,0.35
13023.0,0.35
13024.8,0.35
13026.5,0.37
13028.3,0.35
13030.2,0.33
13032.0,0.35
13033.8,0.35
13035.6,0.35
13037.3,0.37
13039.1,0.35
13040.8,0.37
13042.6,0.35
13044.4,0.35
13046.2,0.35
13048.1,0.33
13049.9,0.35
13051.6,0.37
13053.4,0.35
13055.1,0.37
13056.8,0.37
13058.5,0.37
13060.3,0.35
13062.1,0.35
13063.8,0.37
13065.6,0.35
13067.5,0.33
13069.3,0.35
13071.2,0.33
13073.1,0.33
13075.1,0.31
13076.9,0.35
13078.8,0.33
13080.6,0.35
13082.5,0.33
13084.3,0.35
13086.1,0.35
13087.9,0.35
13089.8,0.33
13091.6,0.35
13093.4,0.35
13095.3,0.33
13097.1,0.35
13099.0,0.33
13100.9,0.33
13102.8,0.33
13104.7,0.33
13106.5,0.35
13108.4,0.33
13110.3,0.33
13112.2,0.33
13114.0,0.35
13115.8,0.35
13117.6,0.35
13119.5,0.33
13121.3,0.35
13123.2,0.33
13125.0,0.35
13126.9,0.33
13128.7,0.35
13130.6,0.33
13132.4,0.35
13134.2,0.35
13136.0,0.35
13137.9,0.33
13139.7,0.35
13141.5,0.35
13143.4,0.33
13145.3,0.33
13147.1,0.35
13148.9,0.35
13150.8,0.33
13152.6,0.35
13154.5,0.33
13156.4,0.33
13158.3,0.33
13160.1,0.35
13162.0,0.33
13163.9,0.33
13165.8,0.33
13167.6,0.35
13169.4,0.35
13171.1,0.37
13172.9,0.35
13174.6,0.37
13176.5,0.33
13178.4,0.33
13180.2,0.35
13182.1,0.33
13184.0,0.33
13185.9,0.33
13187.7,0.35
13189.4,0.37
13191.2,0.35
13193.0,0.35
13194.7,0.37
13196.5,0.35
13198.2,0.37
13200.0,0.35
13201.8,0.35
13203.6,0.35
13205.4,0.35
13207.1,0.37
13208.9,0.35
13210.6,0.37
13212.4,0.35
13214.1,0.37
13215.9,0.35
13217.6,0.37
13219.4,0.35
13221.1,0.37
13222.9,0.35
13224.7,0.35
13226.5,0.35
13228.3,0.35
13230.1,0.35
13231.8,0.37
13233.6,0.35
13235.4,0.35
13237.2,0.35
13239.0,0.35
13240.8,0.35
13242.6,0.35
13244.4,0.35
13246.2,0.35
13248.1,0.33
13250.0,0.33
13251.9,0.33
13253.8,0.33
13255.6,0.35
13257.5,0.33
13259.4,0.33
13261.3,0.33
13263.2,0.33
13265.1,0.33
13267.0,0.33
13268.9,0.33
13270.8,0.33
13272.7,0.33
13274.6,0.33
13276.5,0.33
13278.4,0.33
13280.3,0.33
13282.3,0.31
13284.2,0.33
13286.2,0.31
13288.1,0.33
13289.9,0.35
13291.8,0.33
13293.6,0.35
13295.5,0.33
13297.4,0.33
13299.2,0.35
13301.1,0.33
13302.9,0.35
13304.8,0.33
13306.7,0.33
13308.6,0.33
13310.6,0.31
13312.5,0.33
13314.5,0.31
13316.4,0.33
13318.4,0.31
13320.3,0.33
13322.3,0.31
13324.3,0.31
13326.3,0.31
13328.2,0.33
13330.1,0.33
13332.1,0.31
13334.0,0.33
13336.1,0.30
13338.2,0.30
13340.2,0.31
13342.2,0.31
13344.3,0.30
13346.4,0.30
13348.4,0.31
13350.5,0.30
13352.5,0.31
13354.3,0.35
13356.1,0.35
13357.8,0.37
13359.5,0.37
13361.1,0.39
13362.8,0.37
13364.4,0.39
13366.2,0.35
13368.1,0.33
13370.2,0.30
13372.3,0.30
13374.4,0.30
13376.5,0.30
13378.4,0.33
13380.2,0.35
13382.0,0.35
13383.7,0.37
13385.4,0.37
13387.0,0.39
13388.7,0.37
13390.3,0.39
13392.0,0.37
13393.6,0.39
13395.3,0.37
13397.1,0.35
13398.9,0.35
13400.8,0.33
13402.6,0.35
13404.5,0.33
13406.4,0.33
13408.4,0.31
13410.4,0.31
13412.5,0.30
13414.6,0.30
13416.6,0.31
13418.7,0.30
13420.8,0.30
13422.9,0.30
13424.9,0.31
13427.0,0.30
13429.1,0.30
13431.2,0.30
13433.5,0.27
13435.7,0.29
13437.8,0.30
13440.0,0.29
13442.3,0.27
13444.6,0.27
13446.8,0.29
13449.0,0.29
13451.2,0.29
13453.4,0.29
13455.5,0.30
13457.6,0.30
13459.7,0.30
13462.0,0.27
13464.0,0.31
13466.1,0.30
13468.0,0.33
13470.0,0.31
13472.0,0.31
13474.1,0.30
13476.2,0.30
13478.4,0.29
13480.7,0.27
13482.9,0.29
13485.1,0.29
13487.2,0.30
13489.3,0.30
13491.5,0.29
13493.7,0.29
13495.9,0.29
13498.1,0.29
13500.3,0.29
13502.4,0.30
13504.7,0.27
13507.0,0.27
13509.1,0.30
13511.4,0.27
13513.6,0.29
13515.9,0.27
13518.1,0.29
13520.4,0.27
13522.7,0.27
13524.9,0.29
13527.1,0.29
13529.3,0.29
13531.5,0.29
13533.7,0.29
13535.9,0.29
13538.2,0.27
13540.5,0.27
13542.7,0.29
13544.9,0.29
13547.1,0.29
13549.3,0.29
13551.5,0.29
13553.7,0.29
13555.8,0.30
13558.0,0.29
13560.2,0.29
13562.3,0.30
13564.4,0.30
13566.5,0.30
13568.6,0.30
13570.7,0.30
13572.7,0.31
13574.9,0.29
13577.1,0.29
13579.3,0.29
13581.4,0.30
13583.6,0.29
13585.8,0.29
13588.0,0.29
13590.2,0.29
13592.4,0.29
13594.7,0.27
13596.9,0.29
13599.1,0.29
13601.3,0.29
13603.5,0.29
13605.7,0.29
13608.0,0.27
13610.1,0.30
13612.3,0.29
13614.4,0.30
13616.6,0.29
13618.7,0.30
13621.0,0.27
13623.4,0.26
13625.6,0.29
13627.9,0.27
13630.1,0.29
13632.5,0.26
13634.8,0.27
13637.0,0.29
13639.4,0.26
13641.7,0.27
13644.1,0.26
13646.4,0.27
13648.7,0.27
13651.0,0.27
13653.5,0.25
13655.9,0.26
13658.1,0.29
13660.5,0.26
13662.9,0.26
13665.3,0.26
13667.6,0.27
13669.8,0.29
13672.0,0.29
13674.2,0.29
13676.5,0.27
13678.8,0.27
13681.1,0.27
13683.5,0.26
13685.7,0.29
13688.0,0.27
13690.4,0.26
13692.7,0.27
13695.1,0.26
13697.5,0.26
13700.1,0.24
13702.6,0.25
13705.2,0.24
13707.5,0.27
13709.8,0.27
13712.1,0.27
13714.4,0.27
13716.6,0.29
13718.7,0.30
13720.9,0.29
13723.0,0.30
13725.1,0.30
13727.2,0.30
13729.5,0.27
13731.7,0.29
13734.0,0.27
13736.4,0.26
13738.7,0.27
13741.0,0.27
13743.4,0.26
13745.8,0.26
13748.1,0.27
13750.4,0.27
13752.8,0.26
13755.1,0.27
13757.4,0.27
13759.8,0.26
13762.1,0.27
13764.4,0.27
13766.7,0.27
13768.9,0.29
13771.1,0.29
13773.3,0.29
13775.6,0.27
13777.9,0.27
13780.2,0.27
13782.5,0.27
13785.0,0.25
13787.2,0.29
13789.6,0.26
13791.9,0.27
13794.2,0.27
13796.4,0.29
13798.6,0.29
13800.9,0.27
13803.3,0.26
13805.7,0.26
13808.1,0.26
13810.5,0.26
13812.9,0.26
13815.3,0.26
13817.8,0.25
13820.3,0.25
13822.7,0.26
13825.2,0.25
13827.6,0.26
13830.0,0.26
13832.5,0.25
13834.9,0.26
13837.2,0.27
13839.5,0.27
13841.8,0.27
13844.1,0.27
13846.5,0.26
13848.9,0.26
13851.2,0.27
13853.8,0.24
13856.4,0.24
13859.0,0.24
13861.5,0.25
13864.2,0.23
13866.9,0.23
13869.6,0.23
13872.1,0.25
13874.5,0.26
13876.9,0.26
13879.2,0.27
13881.6,0.26
13884.1,0.25
13886.5,0.26
13888.9,0.26
13891.3,0.26
13893.7,0.26
13896.2,0.25
13898.9,0.23
13901.4,0.25
13904.0,0.24
13906.8,0.22
13909.5,0.23
13912.1,0.24
13914.6,0.25
13917.2,0.24
13919.6,0.26
13922.1,0.25
13924.5,0.26
13926.9,0.26
13929.1,0.29
13931.4,0.27
13933.8,0.26
13936.3,0.25
13938.8,0.25
13941.5,0.23
13944.1,0.24
13946.5,0.26
13949.0,0.25
13951.5,0.25
13953.9,0.26
13956.5,0.24
13959.1,0.24
13961.6,0.25
13964.0,0.26
13966.4,0.26
13968.7,0.27
13971.0,0.27
13973.6,0.24
13976.1,0.25
13978.5,0.26
13981.0,0.25
13983.4,0.26
13985.6,0.29
13987.9,0.27
13990.2,0.27
13992.5,0.27
13994.6,0.30
13996.5,0.33
13998.7,0.29
14001.0,0.27
14003.5,0.25
14005.9,0.26
14008.2,0.27
14010.3,0.30
14012.2,0.33
14014.2,0.31
14016.1,0.33
14018.2,0.30
14020.4,0.29
14022.5,0.30
14024.7,0.29
14026.8,0.30
14029.0,0.29
14031.1,0.30
14033.3,0.29
14035.5,0.29
14037.8,0.27
14040.3,0.25
14042.9,0.24
14045.4,0.25
14047.9,0.25
14050.4,0.25
14052.9,0.25
14055.2,0.27
14057.7,0.25
14060.2,0.25
14062.8,0.24
14065.4,0.24
14068.0,0.24
14070.5,0.25
14073.1,0.24
14075.8,0.23
14078.6,0.22
14081.5,0.22
14084.2,0.23
14086.8,0.24
14089.4,0.24
14092.1,0.23
14094.8,0.23
14097.4,0.24
14100.0,0.24
14102.7,0.23
14105.4,0.23
14108.0,0.24
14110.7,0.23
14113.4,0.23
14116.2,0.22
14119.0,0.22
14121.8,0.22
14124.4,0.24
14126.9,0.25
14129.4,0.25
14132.0,0.24
14134.7,0.23
14137.4,0.23
14140.1,0.23
14142.9,0.22
14145.7,0.22
14148.5,0.22
14151.5,0.21
14154.4,0.22
14157.3,0.22
14160.2,0.22
14163.0,0.22
14165.7,0.23
14168.4,0.23
14171.1,0.23
14173.8,0.23
14176.7,0.22
14179.4,0.23
14182.1,0.23
14184.6,0.25
14187.2,0.24
14189.9,0.23
14192.8,0.22
14195.5,0.23
14198.3,0.22
14201.1,0.22
14203.9,0.22
14206.7,0.22
14209.5,0.22
14212.4,0.22
14214.9,0.25
14217.6,0.23
14220.2,0.24
14222.8,0.24
14225.5,0.23
14228.2,0.23
14230.9,0.23
14233.7,0.22
14236.4,0.23
14239.0,0.24
14241.8,0.22
14244.5,0.23
14247.3,0.22
14250.0,0.23
14252.9,0.22
14255.6,0.23
14258.4,0.22
14261.3,0.22
14264.1,0.22
14267.0,0.22
14269.8,0.22
14272.8,0.21
14276.1,0.19
14279.2,0.20
14282.2,0.21
14285.1,0.22
14288.0,0.22
14291.0,0.21
14293.8,0.22
14296.7,0.22
14299.5,0.22
14302.4,0.22
14305.3,0.22
14307.9,0.24
14310.6,0.23
14313.4,0.22
14316.1,0.23
14319.1,0.21
14322.1,0.21
14325.0,0.22
14327.8,0.22
14330.9,0.20
14333.9,0.21
14336.7,0.22
14339.7,0.21
14342.6,0.22
14345.5,0.22
14348.3,0.22
14351.0,0.23
14353.7,0.23
14356.5,0.22
14359.1,0.24
14361.7,0.24
14364.3,0.24
14366.9,0.24
14369.5,0.24
14372.1,0.24
14374.7,0.24
14377.3,0.24
14380.0,0.23
14382.8,0.22
14385.6,0.22
14388.5,0.22
14391.4,0.22
14394.0,0.24
14396.8,0.22
14399.6,0.22
14402.6,0.21
14405.6,0.21
14408.8,0.20
14411.7,0.22
14414.6,0.22
14417.3,0.23
14420.1,0.22
14422.9,0.22
14425.7,0.22
14428.4,0.23
14431.1,0.23
14433.8,0.23
14436.5,0.23
14439.1,0.24
14441.8,0.23
14444.4,0.24
14447.2,0.22
14449.9,0.23
14452.6,0.23
14455.4,0.22
14458.3,0.22
14461.1,0.22
14463.7,0.24
14466.4,0.23
14469.0,0.24
14471.8,0.22
14474.5,0.23
14477.1,0.24
14479.6,0.25
14482.1,0.25
14484.6,0.25
14486.7,0.30
14488.7,0.31
14490.6,0.33
14492.6,0.31
14494.5,0.33
14496.5,0.31
14498.6,0.30
14500.8,0.29
14503.0,0.29
14505.2,0.29
14507.4,0.29
14509.6,0.29
14511.9,0.27
14514.2,0.27
14516.6,0.26
14519.0,0.26
14521.2,0.29
14523.6,0.26
14526.0,0.26
14528.5,0.25
14530.9,0.26
14533.3,0.26
14535.7,0.26
14538.1,0.26
14540.4,0.27
14542.8,0.26
14545.2,0.26
14547.6,0.26
14550.0,0.26
14552.5,0.25
14555.0,0.25
14557.5,0.25
14559.9,0.26
14562.4,0.25
14564.9,0.25
14567.5,0.24
14570.0,0.25
14572.4,0.26
14574.9,0.25
14577.5,0.24
14580.1,0.24
14582.6,0.25
14585.2,0.24
14587.8,0.24
14590.4,0.24
14593.0,0.24
14595.6,0.24
14598.1,0.25
14600.6,0.25
14603.1,0.25
14605.5,0.26
14608.2,0.23
14610.8,0.24
14613.4,0.24
14615.9,0.25
14618.4,0.25
14620.8,0.26
14623.3,0.25
14625.9,0.24
14628.5,0.24
14631.1,0.24
14633.6,0.25
14636.0,0.26
14638.5,0.25
14641.0,0.25
14643.6,0.24
14646.4,0.22
14649.1,0.23
14651.8,0.23
14654.5,0.23
14657.2,0.23
14659.9,0.23
14662.5,0.24
14665.0,0.25
14667.4,0.26
14669.8,0.26
14672.2,0.26
14674.6,0.26
14677.1,0.25
14679.5,0.26
14681.8,0.27
14684.2,0.26
14686.7,0.25
14689.2,0.25
14691.7,0.25
14694.1,0.26
14696.6,0.25
14699.1,0.25
14701.5,0.26
14704.0,0.25
14706.3,0.27
14708.6,0.27
14710.9,0.27
14713.2,0.27
14715.5,0.27
14717.8,0.27
14720.0,0.29
14722.3,0.27
14724.4,0.30
14726.4,0.31
14728.4,0.31
14730.5,0.30
14732.7,0.29
14734.9,0.29
14737.2,0.27
14739.5,0.27
14741.9,0.26
14744.3,0.26
14746.6,0.27
14749.0,0.26
14751.3,0.27
14753.5,0.29
14755.8,0.27
14758.1,0.27
14760.3,0.29
14762.6,0.27
14764.8,0.29
14767.0,0.29
14769.2,0.29
14771.4,0.29
14773.5,0.30
14775.7,0.29
14777.9,0.29
14780.2,0.27
14782.5,0.27
14784.8,0.27
14787.0,0.29
14789.2,0.29
14791.4,0.29
14793.7,0.27
14796.1,0.26
14798.8,0.23
14801.6,0.22
14804.5,0.22
14807.3,0.22
14810.0,0.23
14812.8,0.22
14815.6,0.22
14818.4,0.22
14821.3,0.22
14824.3,0.21
14827.4,0.20
14830.2,0.22
14833.0,0.22
14835.8,0.22
14838.8,0.21
14841.6,0.22
14844.4,0.22
14847.0,0.24
14849.8,0.22
14852.7,0.22
14855.7,0.21
14858.5,0.22
14861.3,0.22
14863.9,0.24
14866.5,0.24
14869.1,0.24
14871.8,0.23
14874.2,0.26
14877.0,0.22
14879.8,0.22
14882.6,0.22
14885.4,0.22
14888.4,0.21
14891.3,0.22
14894.3,0.21
14897.1,0.22
14899.8,0.23
14902.4,0.24
14905.1,0.23
14907.7,0.24
14910.2,0.25
14912.7,0.25
14915.4,0.23
14918.1,0.23
14920.8,0.23
14923.5,0.23
14926.5,0.21
14929.4,0.22
14932.3,0.22
14935.2,0.22
14938.2,0.21
14941.2,0.21
14944.3,0.20
14947.3,0.21
14950.1,0.22
14953.0,0.22
14955.9,0.22
14958.9,0.21
14961.9,0.21
14964.8,0.22
14967.5,0.23
14970.1,0.24
14972.7,0.24
14975.3,0.24
14977.9,0.24
14980.4,0.25
14982.9,0.25
14985.6,0.23
14988.5,0.22
14991.4,0.22
14994.4,0.21
14997.3,0.22
15000.1,0.22
15002.9,0.22
15005.7,0.22
15008.4,0.23
15011.0,0.24
15013.6,0.24
15016.2,0.24
15019.1,0.22
15022.1,0.21
15025.0,0.22
15027.9,0.22
15030.7,0.22
15033.8,0.20
15037.0,0.20
15040.0,0.21
15043.0,0.21
15046.1,0.20
15049.0,0.22
15051.8,0.22
15054.5,0.23
15057.3,0.22
15060.0,0.23
15062.6,0.24
15065.3,0.23
15068.0,0.23
15070.7,0.23
15073.4,0.23
15075.9,0.25
15078.4,0.25
15081.1,0.23
15083.9,0.22
15086.8,0.22
15089.7,0.22
15092.5,0.22
15095.3,0.22
15098.2,0.22
15101.0,0.22
15103.8,0.22
15106.5,0.23
15109.2,0.23
15111.9,0.23
15114.8,0.22
15117.6,0.22
15120.4,0.22
15123.3,0.22
15126.0,0.23
15128.7,0.23
15131.5,0.22
15134.2,0.23
15137.0,0.22
15139.9,0.22
15142.6,0.23
15145.3,0.23
15147.9,0.24
15150.6,0.23
15153.3,0.23
15156.0,0.23
15158.7,0.23
15161.2,0.25
15163.6,0.26
15166.2,0.24
15168.8,0.24
15171.5,0.23
15174.1,0.24
15176.6,0.25
15179.2,0.24
15181.9,0.23
15184.7,0.22
15187.5,0.22
15190.4,0.22
15193.3,0.22
15196.0,0.23
15198.8,0.22
15201.8,0.21
15204.6,0.22
15207.3,0.23
15209.8,0.25
15212.4,0.24
15214.9,0.25
15217.4,0.25
15220.0,0.24
15222.6,0.24
15225.3,0.23
15227.9,0.24
15230.6,0.23
15233.2,0.24
15235.9,0.23
15238.6,0.23
15241.1,0.25
15243.6,0.25
15246.0,0.26
15248.5,0.25
15250.9,0.26
15253.4,0.25
15256.0,0.24
15258.5,0.25
15261.1,0.24
15263.7,0.24
15266.3,0.24
15268.8,0.25
15271.4,0.24
15274.0,0.24
15276.7,0.23
15279.3,0.24
15281.9,0.24
15284.5,0.24
15287.3,0.22
15290.0,0.23
15292.8,0.22
15295.7,0.22
15298.7,0.21
15301.6,0.22
15304.4,0.22
15307.1,0.23
15309.8,0.23
15312.5,0.23
15315.4,0.22
15318.3,0.22
15321.1,0.22
15324.0,0.22
15326.8,0.22
15329.4,0.24
15332.1,0.23
15334.7,0.24
15337.3,0.24
15339.9,0.24
15342.5,0.24
15345.3,0.22
15348.0,0.23
15350.7,0.23
15353.3,0.24
15355.9,0.24
15358.5,0.24
15360.8,0.27
15363.3,0.25
15365.9,0.24
15368.4,0.25
15370.9,0.25
15373.3,0.26
15375.7,0.26
15378.2,0.25
15380.8,0.24
15383.5,0.23
15386.2,0.23
15388.7,0.25
15390.7,0.31
15392.6,0.33
15394.4,0.35
15396.3,0.33
15398.1,0.35
15400.0,0.33
15402.0,0.31
15404.0,0.31
15406.0,0.31
15407.9,0.33
15409.8,0.33
15411.7,0.33
15413.5,0.35
15415.4,0.33
15417.4,0.31
15419.4,0.31
15421.4,0.31
15423.4,0.31
15425.5,0.30
15427.6,0.30
15429.7,0.30
15432.0,0.27
15434.4,0.26
15436.7,0.27
15439.0,0.27
15441.5,0.25
15443.9,0.26
15446.3,0.26
15448.8,0.25
15451.2,0.26
15453.8,0.24
15456.2,0.26
15458.5,0.27
15460.9,0.26
15463.4,0.25
15465.9,0.25
15468.5,0.24
15471.1,0.24
15473.7,0.24
15476.5,0.22
15479.1,0.24
15481.9,0.22
15484.5,0.24
15487.1,0.24
15489.6,0.25
15492.0,0.26
15494.4,0.26
15496.9,0.25
15499.6,0.23
15502.3,0.23
15505.0,0.23
15507.6,0.24
15510.2,0.24
15512.8,0.24
15515.3,0.25
15517.8,0.25
15520.5,0.23
15523.2,0.23
15526.0,0.22
15528.7,0.23
15531.4,0.23
15534.0,0.24
15536.6,0.24
15539.1,0.25
15541.8,0.23
15544.7,0.22
15547.5,0.22
15550.4,0.22
15553.2,0.22
15556.2,0.21
15559.4,0.20
15562.6,0.20
15565.7,0.20
15568.5,0.22
15571.3,0.22
15574.0,0.23
15576.7,0.23
15579.4,0.23
15582.0,0.24
15584.5,0.25
15587.0,0.25
15589.5,0.25
15592.0,0.25
15594.8,0.22
15597.9,0.20
15600.8,0.22
15603.6,0.22
15606.5,0.22
15609.4,0.22
15612.1,0.23
15614.8,0.23
15617.6,0.22
15620.5,0.22
15623.2,0.23
15626.0,0.22
15628.7,0.23
15631.2,0.25
15633.7,0.25
15636.2,0.25
15638.8,0.24
15641.4,0.24
15644.0,0.24
15646.5,0.25
15649.0,0.25
15651.7,0.23
15654.6,0.22
15657.6,0.21
15660.6,0.21
15663.4,0.22
15666.0,0.24
15668.5,0.25
15671.2,0.23
15673.9,0.23
15676.5,0.24
15679.0,0.25
15681.6,0.24
15684.1,0.25
15686.7,0.24
15689.2,0.25
15691.7,0.25
15694.4,0.23
15697.0,0.24
15699.6,0.24
15702.2,0.24
15704.9,0.23
15707.6,0.23
15710.2,0.24
15712.8,0.24
15715.5,0.23
15718.2,0.23
15721.0,0.22
15723.7,0.23
15726.5,0.22
15729.2,0.23
15731.8,0.24
15734.6,0.22
15737.4,0.22
15740.1,0.23
15742.8,0.23
15745.5,0.23
15748.2,0.23
15750.9,0.23
15753.5,0.24
15756.1,0.24
15758.8,0.23
15761.6,0.22
15764.2,0.24
15766.7,0.25
15769.2,0.25
15771.7,0.25
15774.1,0.26
15776.5,0.26
15779.0,0.25
15781.7,0.23
15784.5,0.22
15787.2,0.23
15789.9,0.23
15792.6,0.23
15795.1,0.25
15797.5,0.26
15800.0,0.25
15802.4,0.26
15804.8,0.26
15807.2,0.26
15809.6,0.26
15812.0,0.26
15814.6,0.24
15817.2,0.24
15820.0,0.22
15822.7,0.23
15825.4,0.23
15828.1,0.23
15831.0,0.22
15833.8,0.22
15836.5,0.23
15839.2,0.23
15842.0,0.22
15844.7,0.23
15847.4,0.23
15850.2,0.22
15852.9,0.23
15855.4,0.25
15858.1,0.23
15860.7,0.24
15863.3,0.24
15865.9,0.24
15868.5,0.24
15871.0,0.25
15873.5,0.25
15875.9,0.26
15878.4,0.25
15880.9,0.25
15883.4,0.25
15885.9,0.25
15888.5,0.24
15890.9,0.26
15893.3,0.26
15895.6,0.27
15898.0,0.26
15900.4,0.26
15902.9,0.25
15905.4,0.25
15907.9,0.25
15910.6,0.23
15913.2,0.24
15915.9,0.23
15918.5,0.24
15921.0,0.25
15923.5,0.25
15926.0,0.25
15928.6,0.24
15931.0,0.26
15933.5,0.25
15935.9,0.26
15938.3,0.26
15940.7,0.26
15943.0,0.27
15945.4,0.26
15947.7,0.27
15949.8,0.30
15952.0,0.29
15954.4,0.26
15956.7,0.27
15958.9,0.29
15961.2,0.27
15963.3,0.30
15965.4,0.30
15967.5,0.30
15969.7,0.29
15972.0,0.27
15974.5,0.25
15976.9,0.26
15979.3,0.26
15981.6,0.27
15983.9,0.27
15986.2,0.27
15988.5,0.27
15990.7,0.29
15992.9,0.29
15994.9,0.31
15997.0,0.30
15999.0,0.31
16001.2,0.29
16003.2,0.31
16005.3,0.30
16007.4,0.30
16009.4,0.31
16011.5,0.30
16013.5,0.31
16015.6,0.30
16017.6,0.31
16019.7,0.30
16021.8,0.30
16023.8,0.31
16025.9,0.30
16027.9,0.31
16029.9,0.31
16031.9,0.31
16033.9,0.31
16036.0,0.30
16038.0,0.31
16040.1,0.30
16042.2,0.30
16044.2,0.31
16046.2,0.31
16048.2,0.31
16050.2,0.31
16052.2,0.31
16054.1,0.33
16056.0,0.33
16058.0,0.31
16060.0,0.31
16062.1,0.30
16064.1,0.31
16066.2,0.30
16068.2,0.31
16070.2,0.31
16072.3,0.30
16074.3,0.31
16076.3,0.31
16078.3,0.31
16080.3,0.31
16082.3,0.31
16084.2,0.33
16086.1,0.33
16088.1,0.31
16090.1,0.31
16092.1,0.31
16094.1,0.31
16096.1,0.31
16098.1,0.31
16100.1,0.31
16102.1,0.31
16104.1,0.31
16106.1,0.31
16108.0,0.33
16109.7,0.37
16111.3,0.39
16112.9,0.39
16114.4,0.42
16116.0,0.39
16117.8,0.35
16119.6,0.35
16121.6,0.31
16123.6,0.31
16125.5,0.33
16127.3,0.35
16129.2,0.33
16131.0,0.35
16132.9,0.33
16134.8,0.33
16136.6,0.35
16138.5,0.33
16140.4,0.33
16142.4,0.31
16144.5,0.30
16146.5,0.31
16148.7,0.29
16151.0,0.27
16153.4,0.26
16155.7,0.27
16158.1,0.26
16160.5,0.26
16162.8,0.27
16165.2,0.26
16167.5,0.27
16169.7,0.29
16171.8,0.30
16174.0,0.29
16176.1,0.30
16178.3,0.29
16180.5,0.29
16182.7,0.29
16184.9,0.29
16187.0,0.30
16189.3,0.27
16191.5,0.29
16193.7,0.29
16195.9,0.29
16198.0,0.30
16200.3,0.27
16202.5,0.29
16204.9,0.26
16207.2,0.27
16209.5,0.27
16211.8,0.27
16214.0,0.29
16216.4,0.26
16218.6,0.29
16220.9,0.27
16223.1,0.29
16225.4,0.27
16227.5,0.30
16229.6,0.30
16231.8,0.29
16234.0,0.29
16236.2,0.29
16238.5,0.27
16240.7,0.29
16243.0,0.27
16245.2,0.29
16247.5,0.27
16249.7,0.29
16251.9,0.29
16254.2,0.27
16256.5,0.27
16258.6,0.30
16260.9,0.27
16263.2,0.27
16265.5,0.27
16267.6,0.30
16269.8,0.29
16271.9,0.30
16274.0,0.30
16276.2,0.29
16278.3,0.30
16280.4,0.30
16282.5,0.30
16284.6,0.30
16286.8,0.29
16288.9,0.30
16291.1,0.29
16293.2,0.30
16295.4,0.29
16297.7,0.27
16300.0,0.27
16302.2,0.29
16304.4,0.29
16306.5,0.30
16308.7,0.29
16310.8,0.30
16313.1,0.27
16315.3,0.29
16317.6,0.27
16319.7,0.30
16321.9,0.29
16324.0,0.30
16326.3,0.27
16328.5,0.29
16330.7,0.29
16332.9,0.29
16334.9,0.31
16336.8,0.33
16338.8,0.31
16340.8,0.31
16342.7,0.33
16344.7,0.31
16346.6,0.33
16348.6,0.31
16350.8,0.29
16352.9,0.30
16355.0,0.30
16357.1,0.30
16359.3,0.29
16361.5,0.29
16363.6,0.30
16365.7,0.30
16367.7,0.31
16369.8,0.30
16371.8,0.31
16373.9,0.30
16375.9,0.31
16378.0,0.30
16380.0,0.31
16382.2,0.29
16384.3,0.30
16386.4,0.30
16388.4,0.31
16390.5,0.30
16392.4,0.33
16394.4,0.31
16396.5,0.30
16398.7,0.29
16401.0,0.27
16403.3,0.27
16405.6,0.27
16407.9,0.27
16410.0,0.30
16412.1,0.30
16414.3,0.29
16416.4,0.30
16418.5,0.30
16420.8,0.27
16423.0,0.29
16425.2,0.29
16427.4,0.29
16429.5,0.30
16431.6,0.30
16433.7,0.30
16435.8,0.30
16438.0,0.29
16440.1,0.30
16442.4,0.27
16444.8,0.26
16447.1,0.27
16449.2,0.30
16451.3,0.30
16453.3,0.31
16455.4,0.30
16457.5,0.30
16459.7,0.29
16461.8,0.30
16464.0,0.29
16466.2,0.29
16468.3,0.30
16470.3,0.31
16472.3,0.31
16474.3,0.31
16476.3,0.31
16478.4,0.30
16480.6,0.29
16482.8,0.29
16484.9,0.30
16487.0,0.30
16489.1,0.30
16491.2,0.30
16493.5,0.27
16495.6,0.30
16497.8,0.29
16499.9,0.30
16501.9,0.31
16503.9,0.31
16506.0,0.30
16508.0,0.31
16510.0,0.31
16511.9,0.33
16513.9,0.31
16515.8,0.33
16517.8,0.31
16519.7,0.33
16521.6,0.33
16523.6,0.31
16525.6,0.31
16527.7,0.30
16529.8,0.30
16531.8,0.31
16533.8,0.31
16535.8,0.31
16537.8,0.31
16539.7,0.33
16541.6,0.33
16543.5,0.33
16545.4,0.33
16547.3,0.33
16549.4,0.30
16551.4,0.31
16553.3,0.33
16555.2,0.33
16557.2,0.31
16559.1,0.33
16561.2,0.30
16563.3,0.30
16565.3,0.31
16567.4,0.30
16569.5,0.30
16571.5,0.31
16573.5,0.31
16575.5,0.31
16577.5,0.31
16579.6,0.30
16581.4,0.35
16583.1,0.37
16584.8,0.37
16586.4,0.39
16588.0,0.39
16589.6,0.39
16591.3,0.37
16593.0,0.37
16594.7,0.37
16596.5,0.35
16598.2,0.37
16600.1,0.33
16601.9,0.35
16603.8,0.33
16605.7,0.33
16607.5,0.35
16609.4,0.33
16611.3,0.33
16613.3,0.31
16615.3,0.31
16617.3,0.31
16619.3,0.31
16621.2,0.33
16623.1,0.33
16625.0,0.33
16627.0,0.31
16628.9,0.33
16630.8,0.33
16632.7,0.33
16634.5,0.35
16636.3,0.35
16638.1,0.35
16639.9,0.35
16641.8,0.33
16643.8,0.31
16645.9,0.30
16648.0,0.30
16650.1,0.30
16652.2,0.30
16654.3,0.30
16656.4,0.30
16658.6,0.29
16660.8,0.29
16663.0,0.29
16665.1,0.30
16667.2,0.30
16669.3,0.30
16671.5,0.29
16673.6,0.30
16675.8,0.29
16677.9,0.30
16679.9,0.31
16682.0,0.30
16684.0,0.31
16686.2,0.29
16688.3,0.30
16690.2,0.33
16692.1,0.33
16694.0,0.33
16696.1,0.30
16698.1,0.31
16700.0,0.33
16701.8,0.35
16703.7,0.33
16705.6,0.33
16707.5,0.33
16709.4,0.33
16711.4,0.31
16713.3,0.33
16715.3,0.31
16717.2,0.33
16719.2,0.31
16721.2,0.31
16723.2,0.31
16725.2,0.31
16727.2,0.31
16729.2,0.31
16731.2,0.31
16733.3,0.30
16735.4,0.30
16737.5,0.30
16739.6,0.30
16741.6,0.31
16743.7,0.30
16745.7,0.31
16747.7,0.31
16749.6,0.33
16751.6,0.31
16753.7,0.30
16755.7,0.31
16757.6,0.33
16759.5,0.33
16761.4,0.33
16763.4,0.31
16765.5,0.30
16767.5,0.31
16769.5,0.31
16771.6,0.30
16773.6,0.31
16775.7,0.30
16777.7,0.31
16779.7,0.31
16781.7,0.31
16783.7,0.31
16785.6,0.33
16787.6,0.31
16789.6,0.31
16791.6,0.31
16793.6,0.31
16795.7,0.30
16797.7,0.31
16799.7,0.31
16801.8,0.30
16803.8,0.31
16805.8,0.31
16807.7,0.33
16809.7,0.31
16811.6,0.33
16813.5,0.33
16815.4,0.33
16817.3,0.33
16819.2,0.33
16821.1,0.33
16823.0,0.33
16825.0,0.31
16827.0,0.31
16829.0,0.31
16831.1,0.30
16833.2,0.30
16835.3,0.30
16837.4,0.30
16839.4,0.31
16841.5,0.30
16843.5,0.31
16845.5,0.31
16847.5,0.31
16849.5,0.31
16851.5,0.31
16853.5,0.31
16855.7,0.29
16857.9,0.29
16860.1,0.29
16862.4,0.27
16864.6,0.29
16866.9,0.27
16869.1,0.29
16871.2,0.30
16873.3,0.30
16875.4,0.30
16877.4,0.31
16879.4,0.31
16881.4,0.31
16883.4,0.31
16885.5,0.30
16887.5,0.31
16889.5,0.31
16891.5,0.31
16893.4,0.33
16895.3,0.33
16897.4,0.30
16899.6,0.29
16901.6,0.31
16903.6,0.31
16905.6,0.31
16907.6,0.31
16909.7,0.30
16911.9,0.29
16914.1,0.29
16916.3,0.29
16918.4,0.30
16920.5,0.30
16922.6,0.30
16924.7,0.30
16926.8,0.30
16929.0,0.29
16931.2,0.29
16933.3,0.30
16935.4,0.30
16937.4,0.31
16939.3,0.33
16941.1,0.35
16942.7,0.39
16944.6,0.33
16946.5,0.33
16948.3,0.35
16950.2,0.33
16952.1,0.33
16954.0,0.33
16956.0,0.31
16958.1,0.30
16960.1,0.31
16962.0,0.33
16963.9,0.33
16965.9,0.31
16967.8,0.33
16969.8,0.31
16971.7,0.33
16973.6,0.33
16975.5,0.33
16977.4,0.33
16979.4,0.31
16981.4,0.31
16983.4,0.31
16985.3,0.33
16987.3,0.31
16989.2,0.33
16991.1,0.33
16993.0,0.33
16995.0,0.31
16996.8,0.35
16998.6,0.35
17000.4,0.35
17002.2,0.35
17004.0,0.35
17005.8,0.35
17007.7,0.33
17009.5,0.35
17011.2,0.37
17013.0,0.35
17014.8,0.35
17016.7,0.33
17018.6,0.33
17020.5,0.33
17022.3,0.35
17024.1,0.35
17025.9,0.35
17027.7,0.35
17029.6,0.33
17031.6,0.31
17033.8,0.29
17036.1,0.27
17038.6,0.25
17041.0,0.26
17043.3,0.27
17045.5,0.29
17047.8,0.27
17050.1,0.27
17052.4,0.27
17054.8,0.26
17057.2,0.26
17059.5,0.27
17061.7,0.29
17063.8,0.30
17066.1,0.27
17068.4,0.27
17070.7,0.27
17072.9,0.29
17075.3,0.26
17077.6,0.27
17079.9,0.27
17082.2,0.27
17084.4,0.29
17086.7,0.27
17088.9,0.29
17091.3,0.26
17093.7,0.26
17096.0,0.27
17098.4,0.26
17100.7,0.27
17102.9,0.29
17105.2,0.27
17107.4,0.29
17109.7,0.27
17111.9,0.29
17114.2,0.27
17116.5,0.27
17118.8,0.27
17120.9,0.30
17123.2,0.27
17125.5,0.27
17127.8,0.27
17130.1,0.27
17132.3,0.29
17134.6,0.27
17136.8,0.29
17138.9,0.30
17141.2,0.27
17143.5,0.27
17145.7,0.29
17147.9,0.29
17150.3,0.26
17152.7,0.26
17155.1,0.26
17157.4,0.27
17159.7,0.27
17161.9,0.29
17164.2,0.27
17166.5,0.27
17168.7,0.29
17170.9,0.29
17173.3,0.26
17175.7,0.26
17177.9,0.29
17180.2,0.27
17182.5,0.27
17184.9,0.26
17187.3,0.26
17189.6,0.27
17191.8,0.29
17194.1,0.27
17196.4,0.27
17198.8,0.26
17201.0,0.29
17203.3,0.27
17205.5,0.29
17207.8,0.27
17210.1,0.27
17212.4,0.27
17214.6,0.29
17216.8,0.29
17218.9,0.30
17221.1,0.29
17223.3,0.29
17225.5,0.29
17227.6,0.30
17229.8,0.29
17231.9,0.30
17234.2,0.27
17236.4,0.29
17238.7,0.27
17241.0,0.27
17243.4,0.26
17245.8,0.26
17248.3,0.25
17250.5,0.29
17252.8,0.27
17255.0,0.29
17257.4,0.26
17259.7,0.27
17262.1,0.26
17264.5,0.26
17266.8,0.27
17269.2,0.26
17271.5,0.27
17273.9,0.26
17276.2,0.27
17278.6,0.26
17281.0,0.26
17283.2,0.29
17285.5,0.27
17287.6,0.30
17289.9,0.27
17292.1,0.29
17294.3,0.29
17296.5,0.29
17298.9,0.26
17301.2,0.27
17303.6,0.26
17306.0,0.26
17308.3,0.27
17310.5,0.29
17312.9,0.26
17315.3,0.26
17317.7,0.26
17320.1,0.26
17322.5,0.26
17324.9,0.26
17327.3,0.26
17329.8,0.25
17332.2,0.26
17334.5,0.27
17336.8,0.27
17339.3,0.25
17341.7,0.26
17344.1,0.26
17346.4,0.27
17348.7,0.27
17350.9,0.29
17353.1,0.29
17355.3,0.29
17357.5,0.29
17359.7,0.29
17361.9,0.29
17364.2,0.27
17366.5,0.27
17368.7,0.29
17370.9,0.29
17373.1,0.29
17375.4,0.27
17377.7,0.27
17380.0,0.27
17382.3,0.27
17384.6,0.27
17386.8,0.29
17389.0,0.29
17391.2,0.29
17393.4,0.29
17395.7,0.27
17397.9,0.29
17400.1,0.29
17402.3,0.29
17404.5,0.29
17406.8,0.27
17409.0,0.29
17411.2,0.29
17413.4,0.29
17415.6,0.29
17417.8,0.29
17420.1,0.27
17422.3,0.29
17424.5,0.29
17426.8,0.27
17429.2,0.26
17431.6,0.26
17434.0,0.26
17436.3,0.27
17438.6,0.27
17440.8,0.29
17443.0,0.29
17445.2,0.29
17447.4,0.29
17449.5,0.30
17451.7,0.29
17453.8,0.30
17456.0,0.29
17458.1,0.30
17460.2,0.30
17462.4,0.29
17464.7,0.27
17466.9,0.29
17469.3,0.26
17471.6,0.27
17474.0,0.26
17476.5,0.25
17479.0,0.25
17481.3,0.27
17483.6,0.27
17485.9,0.27
17488.4,0.25
17490.8,0.26
17493.1,0.27
17495.5,0.26
17497.8,0.27
17500.1,0.27
17502.4,0.27
17504.6,0.29
17506.8,0.29
17509.0,0.29
17511.2,0.29
17513.3,0.30
17515.5,0.29
17517.7,0.29
17519.8,0.30
17521.9,0.30
17524.0,0.30
17526.1,0.30
17528.3,0.29
17530.6,0.27
17532.9,0.27
17535.2,0.27
17537.6,0.26
17540.0,0.26
17542.3,0.27
17544.6,0.27
17546.8,0.29
17549.0,0.29
17551.3,0.27
17553.6,0.27
17556.0,0.26
17558.4,0.26
17560.8,0.26
17563.2,0.26
17565.6,0.26
17568.1,0.25
17570.6,0.25
17573.1,0.25
17575.6,0.25
17578.1,0.25
17580.4,0.27
17582.6,0.29
17584.6,0.31
17586.7,0.30
17588.8,0.30
17591.0,0.29
17593.3,0.27
17595.5,0.29
17597.9,0.26
17600.1,0.29
17602.4,0.27
17604.7,0.27
17607.0,0.27
17609.2,0.29
17611.6,0.26
17614.1,0.25
17616.6,0.25
17619.0,0.26
17621.3,0.27
17623.5,0.29
17625.4,0.33
17627.3,0.33
17629.2,0.33
17631.2,0.31
17633.2,0.31
17635.3,0.30
17637.4,0.30
17639.5,0.30
17641.7,0.29
17644.0,0.27
17646.3,0.27
17648.6,0.27
17650.9,0.27
17653.3,0.26
17655.8,0.25
17658.2,0.26
17660.6,0.26
17662.8,0.29
17665.0,0.29
17667.3,0.27
17669.6,0.27
17672.0,0.26
17674.3,0.27
17676.7,0.26
17678.5,0.35
17680.2,0.37
17681.9,0.37
17683.5,0.39
17685.1,0.39
17686.7,0.39
17688.3,0.39
17689.9,0.39
17691.5,0.39
17693.1,0.39
17694.7,0.39
17696.4,0.37
17698.0,0.39
17699.6,0.39
17701.2,0.39
17702.9,0.37
17704.6,0.37
17706.2,0.39
17707.9,0.37
17709.5,0.39
17711.2,0.37
17712.8,0.39
17714.5,0.37
17716.2,0.37
17718.0,0.35
17719.7,0.37
17721.4,0.37
17723.2,0.35
17725.1,0.33
17727.1,0.31
17729.1,0.31
17731.2,0.30
17733.2,0.31
17735.2,0.31
17737.1,0.33
17739.0,0.33
17741.0,0.31
17743.1,0.30
17745.1,0.31
17747.1,0.31
17749.2,0.30
17751.3,0.30
17753.3,0.31
17755.3,0.31
17757.3,0.31
17759.3,0.31
17761.3,0.31
17763.3,0.31
17765.2,0.33
17767.1,0.33
17769.0,0.33
17770.9,0.33
17772.9,0.31
17774.9,0.31
17777.0,0.30
17779.0,0.31
17781.1,0.30
17783.2,0.30
17785.2,0.31
17787.3,0.30
17789.3,0.31
17791.4,0.30
17793.4,0.31
17795.5,0.30
17797.5,0.31
17799.5,0.31
17801.6,0.30
17803.6,0.31
17805.7,0.30
17807.8,0.30
17809.9,0.30
17811.9,0.31
17813.9,0.31
17815.9,0.31
17817.9,0.31
17819.9,0.31
17821.8,0.33
17823.8,0.31
17825.8,0.31
17827.8,0.31
17829.8,0.31
17831.9,0.30
17833.9,0.31
17836.0,0.30
17838.1,0.30
17840.2,0.30
17842.2,0.31
17844.2,0.31
17846.1,0.33
17848.0,0.33
17849.8,0.35
17851.6,0.35
17853.5,0.33
17855.5,0.31
17857.5,0.31
17859.5,0.31
17861.5,0.31
17863.5,0.31
17865.5,0.31
17867.5,0.31
17869.5,0.31
17871.5,0.31
17873.5,0.31
17875.4,0.33
17877.4,0.31
17879.3,0.33
17881.3,0.31
17883.3,0.31
17885.3,0.31
17887.3,0.31
17889.3,0.31
17891.2,0.33
17893.2,0.31
17895.1,0.33
17897.0,0.33
17898.9,0.33
17900.9,0.31
17902.8,0.33
17904.7,0.33
17906.6,0.33
17908.6,0.31
17910.6,0.31
17912.7,0.30
17914.8,0.30
17916.9,0.30
17918.9,0.31
17920.9,0.31
17922.9,0.31
17924.8,0.33
17926.8,0.31
17928.7,0.33
17930.8,0.30
17932.7,0.33
17934.7,0.31
17936.6,0.33
17938.5,0.33
17940.3,0.35
17942.1,0.35
17943.9,0.35
17945.6,0.37
17947.4,0.35
17949.2,0.35
17951.0,0.35
17952.8,0.35
17954.7,0.33
17956.5,0.35
17958.5,0.31
17960.5,0.31
17962.5,0.31
17964.5,0.31
17966.4,0.33
17968.3,0.33
17970.2,0.33
17972.1,0.33
17974.0,0.33
17975.9,0.33
17977.8,0.33
17979.8,0.31
17981.7,0.33
17983.6,0.33
17985.5,0.33
17987.4,0.33
17989.3,0.33
17991.2,0.33
17993.2,0.31
17995.2,0.31
17997.2,0.31
17999.1,0.33
18001.2,0.30
18003.2,0.31
18005.2,0.31
18007.1,0.33
18009.1,0.31
18011.0,0.33
18012.8,0.35
18014.7,0.33
18016.5,0.35
18018.5,0.31
18020.4,0.33
18022.2,0.35
18024.1,0.33
18026.0,0.33
18028.0,0.31
18030.1,0.30
18032.2,0.30
18034.2,0.31
18036.2,0.31
18038.2,0.31
18040.1,0.33
18042.0,0.33
18044.0,0.31
18046.0,0.31
18047.9,0.33
18050.0,0.30
18052.0,0.31
18054.0,0.31
18055.9,0.33
18057.9,0.31
18059.9,0.31
18062.0,0.30
18064.1,0.30
18066.1,0.31
18068.1,0.31
18070.0,0.33
18072.0,0.31
18073.9,0.33
18075.9,0.31
18077.8,0.33
18079.8,0.31
18081.7,0.33
18083.6,0.33
18085.5,0.33
18087.5,0.31
18089.5,0.31
18091.4,0.33
18093.3,0.33
18095.3,0.31
18097.3,0.31
18099.4,0.30
18101.5,0.30
18103.5,0.31
18105.5,0.31
18107.5,0.31
18109.5,0.31
18111.4,0.33
18113.4,0.31
18115.2,0.35
18117.2,0.31
18119.2,0.31
18121.2,0.31
18123.3,0.30
18125.4,0.30
18127.3,0.33
18129.3,0.31
18131.2,0.33
18133.1,0.33
18135.0,0.33
18137.0,0.31
18138.9,0.33
18140.8,0.33
18142.7,0.33
18144.8,0.30
18146.8,0.31
18148.8,0.31
18150.7,0.33
18152.5,0.35
18154.4,0.33
18156.2,0.35
18158.1,0.33
18160.0,0.33
18161.9,0.33
18163.8,0.33
18165.8,0.31
18167.7,0.33
18169.7,0.31
18171.6,0.33
18173.6,0.31
18175.6,0.31
18177.6,0.31
18179.7,0.30
18181.7,0.31
18183.7,0.31
18185.7,0.31
18187.6,0.33
18189.6,0.31
18191.6,0.31
18193.6,0.31
18195.6,0.31
18197.6,0.31
18199.6,0.31
18201.5,0.33
18203.4,0.33
18205.4,0.31
18207.2,0.35
18209.1,0.33
18210.9,0.35
18212.8,0.33
18214.7,0.33
18216.8,0.30
18218.8,0.31
18220.9,0.30
18222.9,0.31
18225.0,0.30
18227.0,0.31
18229.0,0.31
18231.1,0.30
18233.1,0.31
18235.2,0.30
18237.3,0.30
18239.3,0.31
18241.4,0.30
18243.4,0.31
18245.2,0.35
18246.9,0.37
18248.5,0.39
18250.0,0.42
18251.6,0.39
18253.2,0.39
18255.0,0.35
18256.7,0.37
18258.5,0.35
18260.3,0.35
18262.0,0.37
18263.8,0.35
18265.5,0.37
18267.4,0.33
18269.2,0.35
18271.1,0.33
18272.9,0.35
18274.8,0.33
18276.7,0.33
18278.6,0.33
18280.5,0.33
18282.2,0.37
18283.9,0.37
18285.7,0.35
18287.4,0.37
18289.1,0.37
18290.8,0.37
18292.7,0.33
18294.5,0.35
18296.3,0.35
18298.2,0.33
18300.2,0.31
18302.2,0.31
18304.3,0.30
18306.5,0.29
18308.8,0.27
18311.0,0.29
18313.1,0.30
18315.2,0.30
18317.3,0.30
18319.5,0.29
18321.8,0.27
18324.1,0.27
18326.4,0.27
18328.6,0.29
18330.9,0.27
18333.2,0.27
18335.5,0.27
18337.9,0.26
18340.2,0.27
18342.5,0.27
18344.8,0.27
18347.1,0.27
18349.3,0.29
18351.6,0.27
18353.9,0.27
18356.3,0.26
18358.6,0.27
18361.0,0.26
18363.2,0.29
18365.5,0.27
18367.8,0.27
18370.0,0.29
18372.4,0.26
18374.7,0.27
18377.0,0.27
18379.3,0.27
18381.7,0.26
18384.0,0.27
18386.4,0.26
18388.8,0.26
18391.2,0.26
18393.5,0.27
18395.9,0.26
18398.3,0.26
18400.6,0.27
18402.8,0.29
18405.0,0.29
18407.3,0.27
18409.6,0.27
18411.9,0.27
18414.3,0.26
18416.8,0.25
18419.2,0.26
18421.5,0.27
18423.9,0.26
18426.3,0.26
18428.5,0.29
18430.9,0.26
18433.3,0.26
18435.6,0.27
18438.0,0.26
18440.4,0.26
18442.8,0.26
18445.1,0.27
18447.2,0.30
18449.4,0.29
18451.6,0.29
18454.0,0.26
18456.3,0.27
18458.7,0.26
18460.9,0.29
18463.3,0.26
18465.6,0.27
18467.8,0.29
18469.9,0.30
18472.1,0.29
18474.3,0.29
18476.5,0.29
18478.7,0.29
18481.0,0.27
18483.3,0.27
18485.5,0.29
18487.7,0.29
18490.0,0.27
18492.3,0.27
18494.8,0.25
18497.3,0.25
18499.7,0.26
18502.1,0.26
18504.4,0.27
18506.6,0.29
18508.8,0.29
18511.2,0.26
18513.5,0.27
18515.8,0.27
18518.1,0.27
18520.4,0.27
18522.7,0.27
18524.9,0.29
18527.2,0.27
18529.5,0.27
18531.9,0.26
18534.3,0.26
18536.7,0.26
18539.1,0.26
18541.7,0.24
18544.1,0.26
18546.5,0.26
18548.8,0.27
18551.2,0.26
18553.5,0.27
18555.8,0.27
18558.2,0.26
18560.5,0.27
18562.8,0.27
18565.0,0.29
18567.3,0.27
18569.8,0.25
18572.2,0.26
18574.6,0.26
18577.0,0.26
18579.4,0.26
18581.8,0.26
18584.2,0.26
18586.4,0.29
18588.6,0.29
18590.9,0.27
18593.2,0.27
18595.6,0.26
18598.0,0.26
18600.1,0.30
18602.2,0.30
18604.2,0.31
18606.2,0.31
18608.4,0.29
18610.5,0.30
18612.7,0.29
18614.9,0.29
18617.1,0.29
18619.2,0.30
18621.5,0.27
18623.8,0.27
18626.1,0.27
18628.4,0.27
18630.6,0.29
18632.8,0.29
18635.0,0.29
18637.2,0.29
18639.5,0.27
18641.6,0.30
18643.7,0.30
18645.7,0.31
18647.8,0.30
18649.9,0.30
18652.0,0.30
18654.2,0.29
18656.3,0.30
18658.5,0.29
18660.7,0.29
18663.0,0.27
18665.3,0.27
18667.7,0.26
18670.1,0.26
18672.5,0.26
18674.9,0.26
18677.2,0.27
18679.5,0.27
18681.8,0.27
18684.2,0.26
18686.5,0.27
18688.7,0.29
18690.9,0.29
18693.1,0.29
18695.3,0.29
18697.5,0.29
18699.8,0.27
18702.1,0.27
18704.5,0.26
18706.9,0.26
18709.4,0.25
18712.0,0.24
18714.5,0.25
18717.2,0.23
18720.0,0.22
18722.5,0.25
18724.9,0.26
18727.3,0.26
18729.6,0.27
18732.2,0.24
18734.9,0.23
18737.5,0.24
18740.1,0.24
18742.8,0.23
18745.4,0.24
18748.0,0.24
18750.5,0.25
18752.8,0.27
18755.2,0.26
18757.6,0.26
18760.3,0.23
18763.0,0.23
18765.6,0.24
18768.2,0.24
18770.9,0.23
18773.4,0.25
18775.8,0.26
18778.4,0.24
18780.8,0.26
18783.2,0.26
18785.7,0.25
18788.1,0.26
18790.7,0.24
18793.6,0.22
18796.5,0.22
18799.6,0.20
18802.8,0.20
18805.7,0.22
18808.5,0.22
18811.0,0.25
18813.5,0.25
18816.3,0.22
18819.0,0.23
18821.6,0.24
18824.1,0.25
18826.5,0.26
18829.0,0.25
18831.4,0.26
18833.9,0.25
18836.3,0.26
18838.5,0.29
18840.9,0.26
18843.2,0.27
18845.4,0.29
18847.5,0.30
18849.4,0.33
18851.2,0.35
18852.9,0.37
18854.6,0.37
18856.3,0.37
18858.0,0.37
18859.6,0.39
18861.3,0.37
18863.0,0.37
18864.8,0.35
18866.5,0.37
18868.3,0.35
18870.1,0.35
18871.9,0.35
18873.7,0.35
18875.5,0.35
18877.3,0.35
18879.0,0.37
18880.7,0.37
18882.3,0.39
18884.0,0.37
18885.8,0.35
18887.6,0.35
18889.4,0.35
18891.2,0.35
18893.1,0.33
18895.0,0.33
18897.0,0.31
18898.9,0.33
18900.7,0.35
18902.6,0.33
18904.5,0.33
18906.4,0.33
18908.4,0.31
18910.3,0.33
18912.3,0.31
18914.3,0.31
18916.4,0.30
18918.4,0.31
18920.5,0.30
18922.4,0.33
18924.3,0.33
18926.3,0.31
18928.1,0.35
18930.0,0.33
18932.0,0.31
18933.9,0.33
18935.8,0.33
18937.7,0.33
18939.5,0.35
18941.3,0.35
18943.2,0.33
18945.1,0.33
18947.0,0.33
18948.9,0.33
18950.8,0.33
18952.7,0.33
18954.6,0.33
18956.7,0.30
18958.8,0.30
18960.9,0.30
18963.0,0.30
18965.2,0.29
18967.5,0.27
18969.7,0.29
18972.0,0.27
18974.3,0.27
18976.6,0.27
18979.0,0.26
18981.3,0.27
18983.6,0.27
18986.0,0.26
18988.4,0.26
18990.9,0.25
18993.3,0.26
18995.7,0.26
18997.8,0.30
19000.0,0.29
19002.1,0.30
19004.1,0.31
19006.1,0.31
19008.2,0.30
19010.2,0.31
19012.1,0.33
19014.0,0.33
19015.9,0.33
19017.8,0.33
19019.6,0.35
19021.5,0.33
19023.3,0.35
19025.2,0.33
19027.2,0.31
19029.3,0.30
19031.3,0.31
19033.3,0.31
19035.3,0.31
19037.4,0.30
19039.5,0.30
19041.6,0.30
19043.7,0.30
19045.9,0.29
19048.1,0.29
19050.4,0.27
19052.8,0.26
19055.0,0.29
19057.4,0.26
19059.8,0.26
19062.3,0.25
19064.8,0.25
19067.4,0.24
19069.7,0.27
19072.0,0.27
19074.3,0.27
19076.7,0.26
19079.0,0.27
19081.4,0.26
19083.6,0.29
19085.9,0.27
19088.1,0.29
19090.4,0.27
19092.6,0.29
19094.9,0.27
19097.1,0.29
19099.4,0.27
19101.7,0.27
19104.0,0.27
19106.4,0.26
19108.7,0.27
19111.2,0.25
19113.8,0.24
19116.5,0.23
19119.1,0.24
19121.4,0.27
19123.6,0.29
19125.8,0.29
19128.0,0.29
19130.1,0.30
19132.4,0.27
19134.6,0.29
19136.9,0.27
19139.3,0.26
19141.8,0.25
19144.5,0.23
19147.1,0.24
19149.5,0.26
19151.8,0.27
19154.1,0.27
19156.3,0.29
19158.5,0.29
19160.8,0.27
19163.1,0.27
19165.4,0.27
19167.7,0.27
19170.0,0.27
19172.3,0.27
19174.6,0.27
19177.0,0.26
19179.5,0.25
19181.8,0.27
19184.2,0.26
19186.4,0.29
19188.8,0.26
19191.1,0.27
19193.4,0.27
19195.8,0.26
19198.3,0.25
19200.7,0.26
19203.0,0.27
19205.2,0.29
19207.5,0.27
19209.7,0.29
19211.9,0.29
19214.1,0.29
19216.4,0.27
19218.8,0.26
19221.1,0.27
19223.3,0.29
19225.5,0.29
19227.7,0.29
19230.0,0.27
19232.5,0.25
19235.2,0.23
19237.9,0.23
19240.3,0.26
19242.6,0.27
19244.9,0.27
19247.2,0.27
19249.5,0.27
19251.9,0.26
19254.2,0.27
19256.5,0.27
19258.9,0.26
19261.2,0.27
19263.5,0.27
19266.0,0.25
19268.5,0.25
19270.9,0.26
19273.2,0.27
19275.6,0.26
19278.0,0.26
19280.4,0.26
19282.9,0.25
19285.4,0.25
19287.9,0.25
19290.3,0.26
19292.9,0.24
19295.6,0.23
19298.3,0.23
19300.9,0.24
19303.4,0.25
19306.0,0.24
19308.6,0.24
19311.3,0.23
19314.0,0.23
19316.8,0.22
19319.5,0.23
19321.9,0.26
19324.3,0.26
19326.7,0.26
19329.1,0.26
19331.4,0.27
19333.8,0.26
19336.3,0.25
19338.9,0.24
19341.5,0.24
19344.0,0.25
19346.6,0.24
19349.2,0.24
19351.8,0.24
19354.3,0.25
19356.8,0.25
19359.4,0.24
19362.1,0.23
19364.7,0.24
19367.3,0.24
19370.0,0.23
19372.7,0.23
19375.3,0.24
19377.7,0.26
19380.1,0.26
19382.5,0.26
19385.0,0.25
19387.5,0.25
19389.9,0.26
19392.4,0.25
19395.0,0.24
19397.5,0.25
19400.1,0.24
19402.6,0.25
19405.2,0.24
19407.9,0.23
19410.5,0.24
19413.3,0.22
19416.1,0.22
19418.9,0.22
19421.6,0.23
19424.2,0.24
19426.9,0.23
19429.7,0.22
19432.2,0.25
19434.9,0.23
19437.5,0.24
19440.1,0.24
19442.9,0.22
19445.5,0.24
19447.9,0.26
19450.2,0.27
19452.6,0.26
19455.0,0.26
19457.0,0.31
19458.8,0.35
19460.9,0.30
19462.9,0.31
19464.9,0.31
19467.2,0.27
19469.5,0.27
19471.8,0.27
19474.2,0.26
19476.7,0.25
19479.1,0.26
19481.4,0.27
19483.3,0.33
19485.2,0.33
19487.0,0.35
19488.8,0.35
19490.5,0.37
19492.4,0.33
19494.2,0.35
19496.2,0.31
19498.2,0.31
19500.3,0.30
19502.3,0.31
19504.4,0.30
19506.4,0.31
19508.5,0.30
19510.5,0.31
19512.6,0.30
19514.7,0.30
19516.9,0.29
19519.1,0.29
19521.5,0.26
19523.8,0.27
19526.2,0.26
19528.6,0.26
19531.0,0.26
19533.4,0.26
19535.8,0.26
19537.8,0.31
19539.7,0.33
19541.5,0.35
19543.2,0.37
19545.1,0.33
19547.0,0.33
19548.9,0.33
19550.8,0.33
19552.8,0.31
19554.9,0.30
19557.0,0.30
19559.1,0.30
19561.2,0.30
19563.1,0.33
19565.0,0.33
19566.9,0.33
19568.8,0.33
19570.6,0.35
19572.5,0.33
19574.5,0.31
19576.5,0.31
19578.4,0.33
19580.5,0.30
19582.4,0.33
19584.4,0.31
19586.3,0.33
19588.2,0.33
19590.1,0.33
19592.0,0.33
19593.9,0.33
19596.0,0.30
19598.1,0.30
19600.2,0.30
19602.2,0.31
19604.2,0.31
19606.0,0.35
19608.0,0.31
19610.0,0.31
19611.9,0.33
19613.9,0.31
19615.9,0.31
19618.0,0.30
19620.0,0.31
19622.0,0.31
19624.0,0.31
19626.1,0.30
19628.1,0.31
19630.0,0.33
19631.8,0.35
19633.7,0.33
19635.5,0.35
19637.3,0.35
19639.0,0.37
19640.8,0.35
19642.6,0.35
19644.5,0.33
19646.3,0.35
19648.1,0.35
19650.0,0.33
19651.8,0.35
19653.7,0.33
19655.5,0.35
19657.5,0.31
19659.4,0.33
19661.2,0.35
19663.0,0.35
19664.6,0.39
19666.2,0.39
19667.7,0.42
19669.1,0.45
19670.7,0.39
19672.3,0.39
19674.0,0.37
19675.6,0.39
19677.2,0.39
19678.8,0.39
19680.5,0.37
19682.2,0.37
19683.9,0.37
19685.7,0.35
19687.6,0.33
19689.4,0.35
19691.1,0.37
19692.8,0.37
19694.5,0.37
19696.1,0.39
19697.8,0.37
19699.6,0.35
19701.4,0.35
19703.3,0.33
19705.2,0.33
19707.1,0.33
19709.0,0.33
19710.8,0.35
19712.6,0.35
19714.4,0.35
19716.1,0.37
19718.0,0.33
19719.8,0.35
19721.7,0.33
19723.7,0.31
19725.7,0.31
19727.7,0.31
19729.6,0.33
19731.5,0.33
19733.4,0.33
19735.4,0.31
19737.5,0.30
19739.6,0.30
19741.7,0.30
19743.8,0.30
19746.0,0.29
19748.3,0.27
19750.7,0.26
19752.9,0.29
19755.0,0.30
19757.1,0.30
19759.1,0.31
19761.1,0.31
19763.1,0.31
19765.1,0.31
19767.1,0.31
19769.1,0.31
19771.0,0.33
19773.0,0.31
19774.9,0.33
19776.9,0.31
19779.0,0.30
19781.0,0.31
19783.1,0.30
19785.1,0.31
19787.1,0.31
19789.1,0.31
19791.0,0.33
19793.0,0.31
19794.9,0.33
19796.9,0.31
19798.8,0.33
19800.8,0.31
19802.9,0.30
19805.0,0.30
19807.0,0.31
19809.1,0.30
19811.2,0.30
19813.4,0.29
19815.6,0.29
19817.7,0.30
19819.9,0.29
19822.1,0.29
19824.3,0.29
19826.5,0.29
19828.7,0.29
19830.8,0.30
19833.0,0.29
19835.2,0.29
19837.4,0.29
19839.5,0.30
19841.7,0.29
19843.8,0.30
19846.1,0.27
19848.3,0.29
19850.5,0.29
19852.8,0.27
19855.0,0.29
19857.1,0.30
19859.2,0.30
19861.5,0.27
19863.7,0.29
19866.0,0.27
19868.4,0.26
19870.7,0.27
19872.9,0.29
19875.3,0.26
19877.6,0.27
19879.9,0.27
19882.2,0.27
19884.4,0.29
19886.6,0.29
19888.7,0.30
19890.9,0.29
19893.0,0.30
19895.2,0.29
19897.4,0.29
19899.7,0.27
19902.0,0.27
19904.4,0.26
19906.7,0.27
19908.9,0.29
19911.2,0.27
19913.4,0.29
19915.6,0.29
19917.8,0.29
19920.0,0.29
19922.3,0.27
19924.5,0.29
19926.8,0.27
19929.1,0.27
19931.4,0.27
19933.6,0.29
19935.9,0.27
19938.2,0.27
19940.5,0.27
19942.7,0.29
19944.8,0.30
19946.9,0.30
19949.0,0.30
19951.2,0.29
19953.5,0.27
19955.8,0.27
19958.1,0.27
19960.5,0.26
19962.8,0.27
19965.2,0.26
19967.5,0.27
19969.9,0.26
19972.4,0.25
19974.9,0.25
19977.3,0.26
19979.7,0.26
19982.1,0.26
19984.4,0.27
19986.8,0.26
19989.3,0.25
19991.8,0.25
19994.2,0.26
19996.6,0.26
19999.1,0.25
20001.4,0.27
20003.8,0.26
20006.2,0.26
20008.6,0.26
20011.0,0.26
20013.4,0.26
20015.8,0.26
20018.2,0.26
20020.5,0.27
20022.7,0.29
20025.0,0.27
20027.2,0.29
20029.5,0.27
20031.9,0.26
20034.2,0.27
20036.5,0.27
20038.8,0.27
20041.3,0.25
20043.7,0.26
20046.1,0.26
20048.5,0.26
20050.8,0.27
20053.0,0.29
20055.2,0.29
20057.4,0.29
20059.5,0.30
20061.6,0.30
20063.7,0.30
20065.9,0.29
20068.2,0.27
20070.4,0.29
20072.7,0.27
20074.9,0.29
20077.1,0.29
20079.3,0.29
20081.6,0.27
20083.8,0.29
20086.0,0.29
20088.3,0.27
20090.6,0.27
20092.9,0.27
20095.3,0.26
20097.8,0.25
20100.3,0.25
20102.6,0.27
20104.9,0.27
20107.3,0.26
20109.5,0.29
20111.8,0.27
20114.0,0.29
20116.3,0.27
20118.5,0.29
20120.7,0.29
20123.0,0.27
20125.3,0.27
20127.6,0.27
20129.9,0.27
20132.1,0.29
20134.3,0.29
20136.6,0.27
20138.8,0.29
20140.9,0.30
20143.0,0.30
20145.1,0.30
20147.2,0.30
20149.4,0.29
20151.7,0.27
20153.9,0.29
20156.2,0.27
20158.5,0.27
20160.8,0.27
20163.2,0.26
20165.4,0.29
20167.6,0.29
20169.8,0.29
20172.0,0.29
20174.2,0.29
20176.4,0.29
20178.8,0.26
20181.1,0.27
20183.4,0.27
20185.7,0.27
20187.9,0.29
20190.1,0.29
20192.3,0.29
20194.5,0.29
20196.8,0.27
20199.2,0.26
20201.6,0.26
20204.0,0.26
20206.3,0.27
20208.5,0.29
20210.6,0.30
20212.7,0.30
20214.8,0.30
20217.0,0.29
20219.3,0.27
20221.7,0.26
20224.1,0.26
20226.5,0.26
20228.9,0.26
20231.2,0.27
20233.5,0.27
20235.8,0.27
20238.1,0.27
20240.3,0.29
20242.4,0.30
20244.7,0.27
20246.9,0.29
20249.0,0.30
20251.2,0.29
20253.4,0.29
20255.8,0.26
20258.0,0.29
20260.2,0.29
20262.6,0.26
20264.9,0.27
20267.2,0.27
20269.4,0.29
20271.6,0.29
20273.9,0.27
20276.1,0.29
20278.3,0.29
20280.5,0.29
20282.7,0.29
20284.8,0.30
20286.9,0.30
20289.0,0.30
20291.1,0.30
20293.1,0.31
20295.3,0.29
20297.4,0.30
20299.4,0.31
20301.4,0.31
20303.5,0.30
20305.7,0.29
20307.9,0.29
20310.1,0.29
20312.2,0.30
20314.5,0.27
20316.8,0.27
20319.0,0.29
20320.8,0.35
20322.5,0.37
20324.2,0.37
20325.8,0.39
20327.5,0.37
20329.1,0.39
20330.8,0.37
20332.5,0.37
20334.2,0.37
20336.0,0.35
20337.8,0.35
20339.5,0.37
20341.2,0.37
20342.8,0.39
20344.4,0.39
20346.1,0.37
20347.8,0.37
20349.5,0.37
20351.2,0.37
20353.0,0.35
20354.7,0.37
20356.4,0.37
20358.2,0.35
20360.0,0.35
20361.7,0.37
20363.5,0.35
20365.2,0.37
20366.9,0.37
20368.6,0.37
20370.2,0.39
20371.9,0.37
20373.6,0.37
20375.3,0.37
20377.1,0.35
20378.9,0.35
20380.7,0.35
20382.4,0.37
20384.1,0.37
20385.8,0.37
20387.6,0.35
20389.4,0.35
20391.1,0.37
20392.8,0.37
20394.5,0.37
20396.3,0.35
20398.0,0.37
20399.8,0.35
20401.5,0.37
20403.3,0.35
20405.1,0.35
20406.9,0.35
20408.8,0.33
20410.6,0.35
20412.5,0.33
20414.5,0.31
20416.4,0.33
20418.2,0.35
20420.0,0.35
20422.0,0.31
20423.9,0.33
20425.8,0.33
20427.6,0.35
20429.5,0.33
20431.5,0.31
20433.5,0.31
20435.5,0.31
20437.4,0.33
20439.1,0.37
20440.6,0.42
20442.1,0.42
20443.7,0.39
20445.3,0.39
20446.9,0.39
20448.5,0.39
20450.2,0.37
20451.8,0.39
20453.5,0.37
20455.3,0.35
20457.1,0.35
20459.0,0.33
20460.9,0.33
20462.9,0.31
20464.8,0.33
20466.8,0.31
20468.7,0.33
20470.7,0.31
20472.8,0.30
20474.8,0.31
20476.9,0.30
20478.9,0.31
20481.0,0.30
20483.0,0.31
20485.0,0.31
20487.1,0.30
20489.0,0.33
20491.0,0.31
20493.0,0.31
20495.0,0.31
20497.0,0.31
20499.0,0.31
20501.0,0.31
20502.9,0.33
20504.8,0.33
20506.7,0.33
20508.5,0.35
20510.4,0.33
20512.4,0.31
20514.4,0.31
20516.5,0.30
20518.5,0.31
20520.5,0.31
20522.4,0.33
20524.4,0.31
20526.3,0.33
20528.3,0.31
20530.3,0.31
20532.3,0.31
20534.3,0.31
20536.4,0.30
20538.5,0.30
20540.5,0.31
20542.4,0.33
20544.4,0.31
20546.3,0.33
20548.3,0.31
20550.3,0.31
20552.3,0.31
20554.3,0.31
20556.3,0.31
20558.4,0.30
20560.6,0.29
20562.7,0.30
20564.7,0.31
20566.7,0.31
20568.6,0.33
20570.6,0.31
20572.6,0.31
20574.7,0.30
20576.8,0.30
20579.0,0.29
20581.2,0.29
20583.5,0.27
20585.8,0.27
20588.1,0.27
20590.4,0.27
20592.7,0.27
20595.0,0.27
20597.3,0.27
20599.8,0.25
20602.1,0.27
20604.4,0.27
20606.8,0.26
20609.1,0.27
20611.4,0.27
20613.5,0.30
20615.7,0.29
20618.0,0.27
20620.2,0.29
20622.3,0.30
20624.5,0.29
20626.7,0.29
20628.7,0.31
20630.7,0.31
20632.8,0.30
20634.9,0.30
20637.1,0.29
20639.2,0.30
20641.4,0.29
20643.6,0.29
20645.8,0.29
20648.0,0.29
20650.4,0.26
20652.8,0.26
20655.3,0.25
20657.8,0.25
20660.3,0.25
20662.9,0.24
20665.3,0.26
20667.7,0.26
20670.0,0.27
20672.4,0.26
20674.9,0.25
20677.5,0.24
20680.2,0.23
20683.0,0.22
20685.7,0.23
20688.3,0.24
20690.9,0.24
20693.4,0.25
20695.7,0.27
20698.0,0.27
20700.3,0.27
20702.6,0.27
20704.8,0.29
20706.9,0.30
20709.1,0.29
20711.4,0.27
20713.8,0.26
20716.1,0.27
20718.5,0.26
20720.8,0.27
20723.1,0.27
20725.4,0.27
20727.7,0.27
20730.1,0.26
20732.5,0.26
20735.0,0.25
20737.6,0.24
20740.2,0.24
20742.9,0.23
20745.7,0.22
20748.5,0.22
20751.3,0.22
20754.3,0.21
20757.3,0.21
20760.2,0.22
20763.0,0.22
20765.7,0.23
20768.4,0.23
20771.0,0.24
20773.5,0.25
20776.0,0.25
20778.5,0.25
20780.9,0.26
20783.4,0.25
20785.8,0.26
20788.2,0.26
20790.5,0.27
20792.8,0.27
20795.2,0.26
20797.6,0.26
20799.9,0.27
20802.2,0.27
20804.5,0.27
20806.8,0.27
20809.0,0.29
20811.5,0.25
20814.0,0.25
20816.5,0.25
20819.2,0.23
20821.7,0.25
20824.3,0.24
20826.9,0.24
20829.3,0.26
20831.6,0.27
20834.0,0.26
20836.5,0.25
20839.0,0.25
20841.4,0.26
20843.8,0.26
20846.2,0.26
20848.5,0.27
20850.9,0.26
20853.3,0.26
20855.8,0.25
20858.4,0.24
20860.9,0.25
20863.3,0.26
20865.8,0.25
20868.2,0.26
20870.7,0.25
20873.2,0.25
20875.8,0.24
20878.4,0.24
20880.9,0.25
20883.4,0.25
20885.8,0.26
20888.3,0.25
20890.7,0.26
20893.0,0.27
20895.4,0.26
20897.7,0.27
20900.0,0.27
20902.2,0.29
20904.5,0.27
20907.0,0.25
20909.3,0.27
20911.7,0.26
20914.2,0.25
20916.7,0.25
20919.4,0.23
20922.1,0.23
20924.5,0.26
20926.8,0.27
20929.0,0.29
20931.3,0.27
20933.7,0.26
20936.1,0.26
20938.5,0.26
20940.8,0.27
20943.3,0.25
20945.7,0.26
20948.1,0.26
20950.4,0.27
20952.7,0.27
20955.0,0.27
20957.3,0.27
20959.5,0.29
20961.6,0.30
20963.8,0.29
20966.0,0.29
20968.1,0.30
20970.2,0.30
20972.4,0.29
20974.7,0.27
20977.1,0.26
20979.4,0.27
20981.6,0.29
20983.7,0.30
20985.9,0.29
20988.1,0.29
20990.3,0.29
20992.2,0.33
20994.1,0.33
20996.0,0.33
20997.8,0.35
20999.6,0.35
21001.4,0.35
21003.1,0.37
21004.9,0.35
21006.6,0.37
21008.3,0.37
21010.0,0.37
21011.6,0.39
21013.3,0.37
21014.9,0.39
21016.5,0.39
21018.1,0.39
21019.8,0.37
21021.4,0.39
21023.1,0.37
21024.9,0.35
21026.6,0.37
21028.3,0.37
21030.0,0.37
21031.8,0.35
21033.6,0.35
21035.3,0.37
21037.0,0.37
21038.8,0.35
21040.6,0.35
21042.5,0.33
21044.5,0.31
21046.4,0.33
21048.4,0.31
21050.5,0.30
21052.6,0.30
21054.8,0.29
21056.9,0.30
21059.0,0.30
21061.0,0.31
21063.0,0.31
21065.1,0.30
21067.2,0.30
21069.2,0.31
21071.1,0.33
21073.1,0.31
21075.1,0.31
21077.2,0.30
21079.3,0.30
21081.3,0.31
21083.3,0.31
21085.3,0.31
21087.3,0.31
21089.5,0.29
21091.5,0.31
21093.5,0.31
21095.5,0.31
21097.5,0.31
21099.6,0.30
21101.7,0.30
21103.8,0.30
21105.8,0.31
21107.7,0.33
21109.7,0.31
21111.6,0.33
21113.6,0.31
21115.6,0.31
21117.5,0.33
21119.5,0.31
21121.5,0.31
21123.4,0.33
21125.4,0.31
21127.5,0.30
21129.5,0.31
21131.6,0.30
21133.6,0.31
21135.6,0.31
21137.7,0.30
21139.6,0.33
21141.6,0.31
21143.5,0.33
21145.5,0.31
21147.6,0.30
21149.7,0.30
21151.9,0.29
21154.0,0.30
21156.1,0.30
21158.1,0.31
21160.1,0.31
21162.1,0.31
21164.1,0.31
21166.1,0.31
21168.3,0.29
21170.5,0.29
21172.8,0.27
21175.0,0.29
21177.2,0.29
21179.3,0.30
21181.4,0.30
21183.6,0.29
21185.8,0.29
21188.0,0.29
21190.2,0.29
21192.4,0.29
21194.7,0.27
21197.0,0.27
21199.2,0.29
21201.5,0.27
21203.8,0.27
21206.0,0.29
21208.2,0.29
21210.5,0.27
21212.7,0.29
21214.9,0.29
21217.2,0.27
21219.5,0.27
21221.8,0.27
21224.1,0.27
21226.3,0.29
21228.5,0.29
21230.8,0.27
21233.0,0.29
21235.3,0.27
21237.5,0.29
21239.7,0.29
21242.0,0.27
21244.5,0.25
21247.1,0.24
21249.8,0.23
21252.5,0.23
21255.1,0.24
21257.7,0.24
21260.3,0.24
21262.7,0.26
21264.9,0.29
21267.1,0.29
21269.4,0.27
21271.6,0.29
21273.9,0.27
21276.3,0.26
21278.8,0.25
21281.2,0.26
21283.7,0.25
21286.2,0.25
21288.7,0.25
21291.3,0.24
21293.9,0.24
21296.4,0.25
21298.9,0.25
21301.5,0.24
21304.2,0.23
21306.7,0.25
21309.2,0.25
21311.4,0.29
21313.7,0.27
21316.1,0.26
21318.4,0.27
21320.8,0.26
21323.2,0.26
21325.7,0.25
21328.2,0.25
21330.6,0.26
21332.9,0.27
21335.4,0.25
21337.8,0.26
21340.2,0.26
21342.7,0.25
21345.2,0.25
21347.7,0.25
21350.1,0.26
21352.5,0.26
21355.0,0.25
21357.5,0.25
21359.9,0.26
21362.3,0.26
21364.7,0.26
21367.2,0.25
21369.7,0.25
21372.1,0.26
21374.7,0.24
21377.2,0.25
21380.0,0.22
21382.8,0.22
21385.3,0.25
21388.0,0.23
21390.9,0.22
21393.8,0.22
21396.7,0.22
21399.5,0.22
21402.3,0.22
21404.8,0.25
21407.0,0.29
21409.2,0.29
21411.5,0.27
21413.8,0.27
21416.1,0.27
21418.5,0.26
21420.8,0.27
21423.2,0.26
21425.7,0.25
21428.1,0.26
21430.6,0.25
21433.1,0.25
21435.8,0.23
21438.6,0.22
21441.3,0.23
21444.1,0.22
21446.9,0.22
21449.6,0.23
21452.2,0.24
21454.9,0.23
21457.5,0.24
21460.0,0.25
21462.6,0.24
21464.9,0.27
21467.3,0.26
21469.9,0.24
21472.3,0.26
21474.7,0.26
21477.2,0.25
21479.6,0.26
21482.1,0.25
21484.5,0.26
21486.9,0.26
21489.2,0.27
21491.5,0.27
21493.8,0.27
21496.1,0.27
21498.7,0.24
21501.2,0.25
21503.6,0.26
21506.2,0.24
21508.7,0.25
21511.2,0.25
21513.6,0.26
21516.1,0.25
21518.6,0.25
21521.1,0.25
21523.7,0.24
21526.1,0.26
21528.5,0.26
21530.8,0.27
21533.1,0.27
21535.4,0.27
21537.7,0.27
21540.0,0.27
21542.3,0.27
21544.7,0.26
21547.0,0.27
21549.3,0.27
21551.6,0.27
21554.0,0.26
21556.3,0.27
21558.6,0.27
21560.8,0.29
21563.0,0.29
21565.3,0.27
21567.2,0.33
21568.9,0.37
21570.5,0.39
21572.2,0.37
21574.0,0.35
21575.8,0.35
21577.7,0.33
21579.5,0.35
21581.3,0.35
21583.1,0.35
21585.0,0.33
21586.8,0.35
21588.6,0.35
21590.4,0.35
21592.3,0.33
21594.2,0.33
21596.1,0.33
21598.0,0.33
21599.9,0.33
21601.8,0.33
21603.7,0.33
21605.5,0.35
21607.4,0.33
21609.2,0.35
21611.0,0.35
21612.9,0.33
21614.8,0.33
21616.7,0.33
21618.6,0.33
21620.6,0.31
21622.6,0.31
21624.6,0.31
21626.6,0.31
21628.5,0.33
21630.4,0.33
21632.3,0.33
21634.2,0.33
21636.1,0.33
21638.1,0.31
21640.0,0.33
21642.0,0.31
21644.0,0.31
21646.0,0.31
21648.0,0.31
21649.9,0.33
21651.8,0.33
21653.8,0.31
21655.8,0.31
21657.8,0.31
21659.9,0.30
21661.9,0.31
21663.9,0.31
21665.9,0.31
21667.9,0.31
21670.0,0.30
21672.0,0.31
21674.0,0.31
21676.0,0.31
21678.1,0.30
21680.2,0.30
21682.3,0.30
21684.2,0.33
21686.2,0.31
21688.2,0.31
21690.2,0.31
21692.3,0.30
21694.3,0.31
21696.3,0.31
21698.4,0.30
21700.5,0.30
21702.5,0.31
21704.6,0.30
21706.7,0.30
21708.7,0.31
21710.8,0.30
21713.0,0.29
21715.1,0.30
21717.1,0.31
21719.2,0.30
21721.3,0.30
21723.3,0.31
21725.4,0.30
21727.5,0.30
21729.5,0.31
21731.5,0.31
21733.5,0.31
21735.6,0.30
21737.7,0.30
21740.0,0.27
21742.2,0.29
21744.3,0.30
21746.4,0.30
21748.5,0.30
21750.5,0.31
21752.6,0.30
21754.7,0.30
21756.8,0.30
21758.9,0.30
21761.0,0.30
21763.1,0.30
21765.1,0.31
21767.3,0.29
21769.5,0.29
21771.7,0.29
21774.0,0.27
21776.3,0.27
21778.6,0.27
21780.9,0.27
21783.0,0.30
21785.0,0.31
21787.0,0.31
21788.9,0.33
21790.9,0.31
21792.7,0.35
21794.7,0.31
21796.6,0.33
21798.5,0.33
21800.5,0.31
21802.4,0.33
21804.3,0.33
21806.1,0.35
21807.9,0.35
21809.8,0.33
21811.6,0.35
21813.6,0.31
21815.6,0.31
21817.7,0.30
21819.7,0.31
21821.8,0.30
21823.9,0.30
21826.0,0.30
21827.9,0.33
21829.8,0.33
21831.8,0.31
21833.6,0.35
21835.5,0.33
21837.4,0.33
21839.4,0.31
21841.4,0.31
21843.2,0.35
21845.1,0.33
21847.1,0.31
21849.1,0.31
21851.1,0.31
21852.8,0.37
21854.6,0.35
21856.3,0.37
21858.0,0.37
21859.8,0.35
21861.7,0.33
21863.6,0.33
21865.5,0.33
21867.4,0.33
21869.3,0.33
21871.3,0.31
21873.3,0.31
21875.3,0.31
21877.2,0.33
21879.2,0.31
21881.3,0.30
21883.3,0.31
21885.4,0.30
21887.5,0.30
21889.6,0.30
21891.7,0.30
21893.9,0.29
21896.1,0.29
21898.3,0.29
21900.4,0.30
21902.6,0.29
21904.6,0.31
21906.7,0.30
21908.7,0.31
21910.7,0.31
21912.8,0.30
21914.8,0.31
21917.0,0.29
21919.1,0.30
21921.2,0.30
21923.1,0.33
21925.1,0.31
21927.1,0.31
21929.2,0.30
21931.4,0.29
21933.5,0.30
21935.7,0.29
21937.8,0.30
21939.8,0.31
21941.8,0.31
21943.8,0.31
21945.7,0.33
21947.7,0.31
21949.6,0.33
21951.5,0.33
21953.6,0.30
21955.7,0.30
21957.8,0.30
21959.8,0.31
21961.9,0.30
21964.0,0.30
21966.1,0.30
21968.1,0.31
21970.2,0.30
21972.3,0.30
21974.5,0.29
21976.8,0.27
21979.1,0.27
21981.5,0.26
21983.8,0.27
21986.0,0.29
21988.2,0.29
21990.5,0.27
21992.8,0.27
21994.9,0.30
21996.9,0.31
21998.8,0.33
22000.6,0.35
22002.5,0.33
22004.4,0.33
22006.3,0.33
22008.2,0.33
22010.1,0.33
22012.0,0.33
22013.9,0.33
22015.9,0.31
22017.8,0.33
22019.9,0.30
22021.9,0.31
22024.0,0.30
22026.1,0.30
22028.3,0.29
22030.6,0.27
22032.9,0.27
22035.2,0.27
22037.5,0.27
22039.7,0.29
22041.9,0.29
22044.1,0.29
22046.3,0.29
22048.5,0.29
22050.8,0.27
22053.2,0.26
22055.5,0.27
22057.8,0.27
22060.1,0.27
22062.3,0.29
22064.4,0.30
22066.5,0.30
22068.5,0.31
22070.5,0.31
22072.5,0.31
22074.5,0.31
22076.6,0.30
22078.6,0.31
22080.7,0.30
22082.7,0.31
22084.8,0.30
22086.9,0.30
22089.1,0.29
22091.3,0.29
22093.6,0.27
22095.9,0.27
22098.1,0.29
22100.4,0.27
22102.5,0.30
22104.7,0.29
22106.7,0.31
22108.7,0.31
22110.8,0.30
22112.8,0.31
22114.9,0.30
22117.0,0.30
22119.0,0.31
22121.0,0.31
22123.0,0.31
22125.0,0.31
22127.0,0.31
22129.0,0.31
22131.1,0.30
22133.1,0.31
22135.1,0.31
22137.2,0.30
22139.3,0.30
22141.5,0.29
22143.7,0.29
22145.9,0.29
22148.0,0.30
22150.1,0.30
22152.3,0.29
22154.4,0.30
22156.5,0.30
22158.6,0.30
22160.8,0.29
22162.9,0.30
22165.1,0.29
22167.2,0.30
22169.4,0.29
22171.6,0.29
22173.8,0.29
22176.0,0.29
22178.2,0.29
22180.3,0.30
22182.4,0.30
22184.4,0.31
22186.3,0.33
22188.3,0.31
22190.3,0.31
22192.2,0.33
22194.3,0.30
22196.3,0.31
22198.5,0.29
22200.6,0.30
22202.7,0.30
22204.7,0.31
22206.7,0.31
22208.6,0.33
22210.5,0.33
22212.5,0.31
22214.4,0.33
22216.4,0.31
22218.4,0.31
22220.5,0.30
22222.5,0.31
22224.5,0.31
22226.5,0.31
22228.5,0.31
22230.5,0.31
22232.5,0.31
22234.4,0.33
22236.3,0.33
22238.3,0.31
22240.2,0.33
22242.1,0.33
22244.0,0.33
22245.8,0.35
22247.6,0.35
22249.5,0.33
22251.5,0.31
22253.6,0.30
22255.6,0.31
22257.6,0.31
22259.6,0.31
22261.6,0.31
22263.5,0.33
22265.5,0.31
22267.4,0.33
22269.4,0.31
22271.4,0.31
22273.4,0.31
22275.4,0.31
22277.4,0.31
22279.2,0.35
22281.1,0.33
22283.1,0.31
22285.0,0.33
22287.0,0.31
22289.1,0.30
22291.1,0.31
22293.2,0.30
22295.2,0.31
22297.2,0.31
22299.2,0.31
22301.3,0.30
22303.2,0.33
22305.3,0.30
22307.2,0.33
22309.2,0.31
22311.2,0.31
22313.3,0.30
22315.3,0.31
22317.3,0.31
22319.3,0.31
22321.2,0.33
22323.1,0.33
22324.9,0.35
22326.8,0.33
22328.8,0.31
22330.7,0.33
22332.7,0.31
22334.6,0.33
22336.7,0.30
22338.7,0.31
22340.7,0.31
22342.7,0.31
22344.7,0.31
22346.7,0.31
22348.7,0.31
22350.6,0.33
22352.5,0.33
22354.4,0.33
22356.3,0.33
22358.2,0.33
22360.2,0.31
22362.2,0.31
22364.2,0.31
22366.1,0.33
22368.0,0.33
22369.9,0.33
22371.7,0.35
22373.6,0.33
22375.5,0.33
22377.4,0.33
22379.3,0.33
22381.2,0.33
22383.2,0.31
22385.1,0.33
22386.9,0.35
22388.8,0.33
22390.7,0.33
22392.7,0.31
22394.7,0.31
22396.8,0.30
22398.9,0.30
22401.0,0.30
22403.0,0.31
22405.0,0.31
22407.0,0.31
22409.1,0.30
22411.1,0.31
22413.0,0.33
22415.0,0.31
22417.1,0.30
22419.2,0.30
22421.2,0.31
22423.2,0.31
22425.1,0.33
22427.0,0.33
22428.9,0.33
22430.8,0.33
22432.7,0.33
22434.8,0.30
22436.8,0.31
22438.9,0.30
22441.0,0.30
22443.0,0.31
22445.1,0.30
22447.1,0.31
22449.1,0.31
22451.1,0.31
22453.0,0.33
22455.0,0.31
22457.0,0.31
22458.9,0.33
22460.8,0.33
22462.7,0.33
22464.6,0.33
22466.4,0.35
22468.3,0.33
22470.2,0.33
22472.0,0.35
22473.9,0.33
22475.8,0.33
22477.7,0.33
22479.7,0.31
22481.7,0.31
22483.7,0.31
22485.7,0.31
22487.8,0.30
22489.9,0.30
22492.0,0.30
22494.0,0.31
22496.1,0.30
22498.2,0.30
22500.3,0.30
22502.4,0.30
22504.5,0.30
22506.5,0.31
22508.5,0.31
22510.5,0.31
22512.6,0.30
22514.5,0.33
22516.5,0.31
22518.5,0.31
22520.5,0.31
22522.6,0.30
22524.5,0.33
22526.4,0.33
22528.3,0.33
22530.3,0.31
22532.3,0.31
22534.2,0.33
22536.1,0.33
22538.1,0.31
22540.1,0.31
22542.1,0.31
22544.1,0.31
22546.1,0.31
22548.2,0.30
22550.1,0.33
22552.2,0.30
22554.2,0.31
22556.2,0.31
22558.2,0.31
22560.3,0.30
22562.4,0.30
22564.4,0.31
22566.4,0.31
22568.3,0.33
22570.2,0.33
22572.2,0.31
22574.1,0.33
22576.2,0.30
22578.2,0.31
22580.3,0.30
22582.4,0.30
22584.5,0.30
22586.6,0.30
22588.7,0.30
22590.7,0.31
22592.8,0.30
22594.8,0.31
22596.7,0.33
22598.8,0.30
22600.8,0.31
22602.9,0.30
22605.0,0.30
22607.1,0.30
22609.2,0.30
22611.4,0.29
22613.5,0.30
22615.6,0.30
22617.6,0.31
22619.7,0.30
22621.8,0.30
22623.8,0.31
22625.8,0.31
22627.7,0.33
22629.6,0.33
22631.5,0.33
22633.4,0.33
22635.4,0.31
22637.5,0.30
22639.5,0.31
22641.5,0.31
22643.7,0.29
22645.9,0.29
22648.0,0.30
22649.9,0.33
22651.8,0.33
22653.5,0.37
22655.2,0.37
22656.8,0.39
22658.4,0.39
22660.1,0.37
22661.8,0.37
22663.6,0.35
22665.4,0.35
22667.1,0.37
22668.9,0.35
22670.6,0.37
22672.4,0.35
22674.2,0.35
22676.0,0.35
22677.7,0.37
22679.7,0.31
22681.5,0.35
22683.4,0.33
22685.4,0.31
22687.4,0.31
22689.3,0.33
22691.3,0.31
22693.3,0.31
22695.3,0.31
22697.5,0.29
22699.7,0.29
22701.8,0.30
22703.7,0.33
22705.8,0.30
22707.8,0.31
22709.8,0.31
22711.8,0.31
22713.8,0.31
22715.7,0.33
22717.6,0.33
22719.4,0.35
22721.2,0.35
22723.1,0.33
22724.9,0.35
22726.7,0.35
22728.4,0.37
22730.2,0.35
22731.9,0.37
22733.6,0.37
22735.4,0.35
22737.1,0.37
22738.8,0.37
22740.6,0.35
22742.6,0.31
22744.5,0.33
22746.4,0.33
22748.3,0.33
22750.2,0.33
22752.2,0.31
22754.0,0.35
22755.8,0.35
22757.7,0.33
22759.6,0.33
22761.5,0.33
22763.3,0.35
22765.1,0.35
22766.8,0.37
22768.6,0.35
22770.4,0.35
22772.2,0.35
22773.9,0.37
22775.6,0.37
22777.4,0.35
22779.1,0.37
22780.9,0.35
22782.7,0.35
22784.4,0.37
22786.1,0.37
22787.8,0.37
22789.4,0.39
22791.1,0.37
22792.8,0.37
22794.5,0.37
22796.3,0.35
22798.2,0.33
22800.0,0.35
22801.7,0.37
22803.4,0.37
22805.1,0.37
22806.8,0.37
22808.5,0.37
22810.1,0.39
22811.8,0.37
22813.7,0.33
22815.5,0.35
22817.5,0.31
22819.4,0.33
22821.4,0.31
22823.4,0.31
22825.4,0.31
22827.5,0.30
22829.6,0.30
22831.6,0.31
22833.7,0.30
22835.8,0.30
22837.9,0.30
22840.2,0.27
22842.5,0.27
22844.8,0.27
22847.0,0.29
22849.1,0.30
22851.3,0.29
22853.4,0.30
22855.6,0.29
22857.8,0.29
22859.9,0.30
22862.0,0.30
22864.0,0.31
22866.0,0.31
22868.1,0.30
22870.1,0.31
22872.2,0.30
22874.1,0.33
22876.2,0.30
22878.4,0.29
22880.8,0.26
22883.1,0.27
22885.3,0.29
22887.5,0.29
22889.5,0.31
22891.4,0.33
22893.2,0.35
22895.1,0.33
22897.0,0.33
22899.0,0.31
22901.0,0.31
22902.9,0.33
22904.8,0.33
22906.7,0.33
22908.5,0.35
22910.3,0.35
22912.2,0.33
22914.1,0.33
22916.1,0.31
22918.2,0.30
22920.2,0.31
22922.3,0.30
22924.4,0.30
22926.5,0.30
22928.8,0.27
22931.2,0.26
22933.6,0.26
22936.0,0.26
22938.5,0.25
22940.9,0.26
22943.3,0.26
22945.8,0.25
22948.3,0.25
22950.8,0.25
22953.4,0.24
22955.9,0.25
22958.5,0.24
22960.9,0.26
22963.3,0.26
22965.7,0.26
22968.1,0.26
22970.5,0.26
22973.0,0.25
22975.5,0.25
22978.1,0.24
22980.5,0.26
22982.9,0.26
22985.2,0.27
22987.8,0.24
22990.2,0.26
22992.7,0.25
22995.2,0.25
22997.8,0.24
23000.4,0.24
23003.0,0.24
23005.6,0.24
23008.1,0.25
23010.7,0.24
23013.5,0.22
23016.3,0.22
23019.0,0.23
23021.7,0.23
23024.2,0.25
23026.9,0.23
23029.7,0.22
23032.3,0.24
23035.0,0.23
23037.8,0.22
23040.4,0.24
23043.0,0.24
23045.3,0.27
23047.8,0.25
23050.3,0.25
23052.8,0.25
23055.3,0.25
23057.9,0.24
23060.5,0.24
23063.0,0.25
23065.3,0.27
23067.7,0.26
23070.2,0.25
23072.8,0.24
23075.5,0.23
23078.2,0.23
23081.0,0.22
23083.5,0.25
23085.9,0.26
23088.2,0.27
23090.5,0.27
23092.9,0.26
23095.4,0.25
23097.8,0.26
23100.2,0.26
23102.6,0.26
23105.0,0.26
23107.3,0.27
23109.8,0.25
23112.3,0.25
23114.7,0.26
23117.1,0.26
23119.6,0.25
23122.1,0.25
23124.7,0.24
23127.1,0.26
23129.5,0.26
23132.0,0.25
23134.5,0.25
23137.0,0.25
23139.4,0.26
23141.9,0.25
23144.2,0.27
23146.6,0.26
23148.9,0.27
23151.1,0.29
23153.3,0.29
23155.5,0.29
23157.7,0.29
23160.0,0.27
23162.3,0.27
23164.6,0.27
23166.8,0.29
23169.0,0.29
23171.2,0.29
23173.5,0.27
23175.9,0.26
23178.3,0.26
23180.7,0.26
23183.3,0.24
23185.8,0.25
23188.4,0.24
23190.9,0.25
23193.3,0.26
23195.9,0.24
23198.4,0.25
23200.8,0.26
23203.2,0.26
23205.6,0.26
23207.8,0.29
23210.1,0.27
23212.4,0.27
23214.7,0.27
23217.2,0.25
23219.7,0.25
23222.3,0.24
23224.9,0.24
23227.3,0.26
23229.6,0.27
23231.9,0.27
23234.3,0.26
23236.8,0.25
23239.3,0.25
23241.8,0.25
23244.3,0.25
23246.7,0.26
23249.1,0.26
23251.5,0.26
23254.0,0.25
23256.4,0.26
23258.9,0.25
23261.3,0.26
23263.7,0.26
23265.9,0.29
23268.2,0.27
23270.4,0.29
23272.6,0.29
23274.8,0.29
23277.1,0.27
23279.3,0.29
23281.7,0.26
23284.4,0.23
23287.0,0.24
23289.6,0.24
23292.0,0.26
23294.5,0.25
23296.9,0.26
23299.6,0.23
23302.3,0.23
23305.2,0.22
23308.0,0.22
23310.6,0.24
23313.0,0.26
23315.5,0.25
23318.1,0.24
23320.6,0.25
23323.1,0.25
23325.5,0.26
23328.0,0.25
23330.5,0.25
23332.9,0.26
23335.3,0.26
23337.9,0.24
23340.5,0.24
23342.9,0.26
23345.2,0.27
23347.4,0.29
23349.7,0.27
23352.0,0.27
23354.4,0.26
23356.8,0.26
23359.2,0.26
23361.5,0.27
23363.8,0.27
23366.2,0.26
23368.5,0.27
23370.9,0.26
23373.4,0.25
23375.9,0.25
23378.5,0.24
23381.1,0.24
23383.8,0.23
23386.4,0.24
23388.9,0.25
23391.5,0.24
23394.1,0.24
23396.7,0.24
23399.3,0.24
23401.8,0.25
23404.2,0.26
23406.6,0.26
23409.0,0.26
23411.2,0.29
23413.6,0.26
23416.0,0.26
23418.3,0.27
23420.5,0.29
23422.7,0.29
23424.9,0.29
23427.2,0.27
23429.5,0.27
23431.8,0.27
23434.1,0.27
23436.4,0.27
23438.7,0.27
23441.2,0.25
23443.5,0.27
23445.9,0.26
23448.1,0.29
23450.3,0.29
23452.5,0.29
23454.7,0.29
23456.9,0.29
23458.9,0.31
23461.0,0.30
23463.0,0.31
23465.0,0.31
23467.1,0.30
23469.2,0.30
23471.3,0.30
23473.4,0.30
23475.5,0.30
23477.6,0.30
23479.6,0.31
23481.5,0.33
23483.3,0.35
23485.0,0.37
23486.7,0.37
23488.4,0.37
23490.2,0.35
23492.0,0.35
23493.9,0.33
23495.8,0.33
23497.7,0.33
23499.5,0.35
23501.5,0.31
23503.5,0.31
23505.5,0.31
23507.5,0.31
23509.5,0.31
23511.4,0.33
23513.3,0.33
23515.2,0.33
23516.9,0.37
23518.7,0.35
23520.5,0.35
23522.2,0.37
23524.1,0.33
23526.0,0.33
23527.8,0.35
23529.6,0.35
23531.3,0.37
23533.0,0.37
23534.8,0.35
23536.8,0.31
23538.8,0.31
23540.8,0.31
23542.7,0.33
23544.7,0.31
23546.8,0.30
23548.9,0.30
23551.0,0.30
23553.3,0.27
23555.5,0.29
23557.8,0.27
23560.1,0.27
23562.4,0.27
23564.5,0.30
23566.5,0.31
23568.6,0.30
23570.6,0.31
23572.6,0.31
23574.6,0.31
23576.6,0.31
23578.6,0.31
23580.6,0.31
23582.6,0.31
23584.5,0.33
23586.5,0.31
23588.4,0.33
23590.4,0.31
23592.6,0.29
23594.7,0.30
23596.8,0.30
23598.8,0.31
23600.8,0.31
23602.8,0.31
23604.8,0.31
23606.9,0.30
23609.0,0.30
23611.2,0.29
23613.5,0.27
23615.9,0.26
23618.3,0.26
23620.7,0.26
23623.0,0.27
23625.2,0.29
23627.3,0.30
23629.5,0.29
23631.6,0.30
23633.8,0.29
23636.2,0.26
23638.6,0.26
23640.8,0.29
23643.1,0.27
23645.3,0.29
23647.6,0.27
23649.9,0.27
23652.1,0.29
23654.3,0.29
23656.6,0.27
23658.9,0.27
23661.2,0.27
23663.5,0.27
23665.7,0.29
23668.0,0.27
23670.3,0.27
23672.6,0.27
23674.9,0.27
23677.2,0.27
23679.5,0.27
23681.8,0.27
23684.1,0.27
23686.4,0.27
23688.5,0.30
23690.6,0.30
23692.9,0.27
23695.2,0.27
23697.6,0.26
23700.1,0.25
23702.6,0.25
23705.1,0.25
23707.7,0.24
23710.3,0.24
23713.0,0.23
23715.7,0.23
23718.3,0.24
23721.0,0.23
23723.5,0.25
23725.9,0.26
23728.2,0.27
23730.5,0.27
23732.8,0.27
23735.0,0.29
23737.4,0.26
23739.9,0.25
23742.2,0.27
23744.6,0.26
23746.9,0.27
23749.2,0.27
23751.6,0.26
23753.8,0.29
23756.1,0.27
23758.5,0.26
23760.9,0.26
23763.4,0.25
23765.9,0.25
23768.3,0.26
23770.6,0.27
23772.8,0.29
23775.1,0.27
23777.5,0.26
23779.9,0.26
23782.3,0.26
23784.9,0.24
23787.5,0.24
23790.2,0.23
23792.7,0.25
23794.8,0.30
23796.7,0.33
23798.6,0.33
23800.5,0.33
23802.4,0.33
23804.5,0.30
23806.6,0.30
23808.7,0.30
23810.8,0.30
23813.0,0.29
23815.3,0.27
23817.5,0.29
23819.7,0.29
23822.0,0.27
23824.3,0.27
23826.6,0.27
23828.8,0.29
23831.0,0.29
23833.3,0.27
23835.7,0.26
23838.2,0.25
23840.8,0.24
23843.2,0.26
23845.4,0.29
23847.5,0.30
23849.5,0.31
23851.6,0.30
23853.8,0.29
23856.1,0.27
23858.5,0.26
23861.0,0.25
23863.3,0.27
23865.5,0.29
23867.8,0.27
23870.2,0.26
23872.6,0.26
23875.0,0.26
23877.4,0.26
23879.7,0.27
23882.0,0.27
23884.2,0.29
23886.5,0.27
23888.7,0.29
23890.9,0.29
23893.1,0.29
23895.4,0.27
23897.6,0.29
23899.8,0.29
23901.9,0.30
23904.0,0.30
23906.1,0.30
23908.3,0.29
23910.5,0.29
23912.6,0.30
23914.8,0.29
23917.0,0.29
23919.2,0.29
23921.4,0.29
23923.7,0.27
23925.9,0.29
23928.0,0.30
23930.1,0.30
23932.1,0.31
23934.1,0.31
23936.1,0.31
23938.1,0.31
23940.0,0.33
23941.9,0.33
23943.8,0.33
23945.8,0.31
23947.9,0.30
23950.0,0.30
23952.0,0.31
23954.0,0.31
23956.0,0.31
23957.9,0.33
23959.9,0.31
23961.9,0.31
23964.0,0.30
23966.0,0.31
23967.9,0.33
23969.8,0.33
23971.7,0.33
23973.5,0.35
23975.4,0.33
23977.3,0.33
23979.1,0.35
23980.9,0.35
23982.7,0.35
23984.5,0.35
23986.4,0.33
23988.3,0.33
23990.2,0.33
23992.1,0.33
23994.1,0.31
23996.1,0.31
23998.0,0.33
24000.0,0.31
24001.8,0.35
24003.6,0.35
24005.5,0.33
24007.3,0.35
24009.2,0.33
24011.0,0.35
24012.9,0.33
24014.8,0.33
24016.7,0.33
24018.6,0.33
24020.4,0.35
24022.3,0.33
24024.1,0.35
24026.0,0.33
24027.9,0.33
24029.8,0.33
24031.7,0.33
24033.6,0.33
24035.5,0.33
24037.5,0.31
24039.4,0.33
24041.3,0.33
24043.3,0.31
24045.3,0.31
24047.3,0.31
24049.4,0.30
24051.4,0.31
24053.3,0.33
24055.3,0.31
24057.4,0.30
24059.5,0.30
24061.5,0.31
24063.5,0.31
24065.5,0.31
24067.6,0.30
24069.6,0.31
24071.7,0.30
24073.9,0.29
24076.0,0.30
24078.0,0.31
24080.0,0.31
24081.9,0.33
24083.8,0.33
24085.7,0.33
24087.6,0.33
24089.5,0.33
24091.5,0.31
24093.4,0.33
24095.5,0.30
24097.5,0.31
24099.5,0.31
24101.5,0.31
24103.6,0.30
24105.7,0.30
24107.7,0.31
24109.8,0.30
24111.9,0.30
24114.0,0.30
24116.2,0.29
24118.5,0.27
24120.7,0.29
24122.8,0.30
24124.8,0.31
24126.8,0.31
24128.9,0.30
24131.1,0.29
24133.2,0.30
24135.2,0.31
24137.2,0.31
24139.2,0.31
24141.1,0.33
24143.0,0.33
24145.0,0.31
24146.9,0.33
24148.8,0.33
24150.7,0.33
24152.6,0.33
24154.7,0.30
24156.8,0.30
24159.0,0.29
24161.2,0.29
24163.3,0.30
24165.5,0.29
24167.6,0.30
24169.9,0.27
24172.3,0.26
24174.8,0.25
24177.3,0.25
24179.7,0.26
24182.0,0.27
24184.2,0.29
24186.5,0.27
24188.8,0.27
24191.1,0.27
24193.3,0.29
24195.3,0.31
24197.4,0.30
24199.4,0.31
24201.5,0.30
24203.4,0.33
24205.4,0.31
24207.5,0.30
24209.6,0.30
24211.8,0.29
24214.1,0.27
24216.5,0.26
24219.0,0.25
24221.3,0.27
24223.6,0.27
24225.8,0.29
24228.0,0.29
24230.1,0.30
24232.3,0.29
24234.3,0.31
24236.4,0.30
24238.6,0.29
24240.7,0.30
24242.9,0.29
24245.1,0.29
24247.5,0.26
24249.8,0.27
24252.1,0.27
24254.4,0.27
24256.7,0.27
24259.1,0.26
24261.5,0.26
24263.8,0.27
24266.0,0.29
24268.1,0.30
24270.3,0.29
24272.5,0.29
24274.7,0.29
24276.9,0.29
24279.2,0.27
24281.4,0.29
24283.6,0.29
24285.8,0.29
24288.0,0.29
24290.3,0.27
24292.7,0.26
24295.3,0.24
24297.9,0.24
24300.3,0.26
24302.8,0.25
24305.2,0.26
24307.7,0.25
24310.3,0.24
24312.8,0.25
24315.2,0.26
24317.7,0.25
24320.2,0.25
24322.7,0.25
24325.2,0.25
24327.8,0.24
24330.4,0.24
24333.2,0.22
24335.9,0.23
24338.6,0.23
24341.2,0.24
24343.6,0.26
24346.0,0.26
24348.5,0.25
24350.9,0.26
24353.5,0.24
24356.2,0.23
24359.1,0.22
24362.0,0.22
24364.8,0.22
24367.5,0.23
24370.2,0.23
24372.9,0.23
24375.6,0.23
24378.2,0.24
24380.8,0.24
24383.5,0.23
24386.2,0.23
24388.8,0.24
24391.4,0.24
24394.2,0.22
24397.0,0.22
24399.8,0.22
24402.5,0.23
24405.1,0.24
24407.8,0.23
24410.5,0.23
24413.0,0.25
24415.4,0.26
24417.9,0.25
24420.3,0.26
24422.5,0.29
24424.7,0.29
24427.0,0.27
24429.3,0.27
24431.6,0.27
24434.0,0.26
24436.4,0.26
24438.9,0.25
24441.5,0.24
24444.2,0.23
24446.9,0.23
24449.4,0.25
24451.8,0.26
24454.2,0.26
24456.8,0.24
24459.4,0.24
24462.0,0.24
24464.5,0.25
24466.9,0.26
24469.3,0.26
24471.7,0.26
24474.1,0.26
24476.5,0.26
24478.9,0.26
24481.3,0.26
24483.7,0.26
24486.1,0.26
24488.5,0.26
24490.9,0.26
24493.2,0.27
24495.6,0.26
24498.1,0.25
24500.6,0.25
24503.0,0.26
24505.4,0.26
24508.1,0.23
24510.7,0.24
24513.2,0.25
24515.7,0.25
24518.3,0.24
24520.8,0.25
24523.2,0.26
24525.5,0.27
24527.9,0.26
24530.3,0.26
24532.6,0.27
24535.0,0.26
24537.5,0.25
24540.0,0.25
24542.6,0.24
24545.3,0.23
24548.0,0.23
24550.7,0.23
24553.5,0.22
24556.3,0.22
24559.2,0.22
24562.1,0.22
24564.8,0.23
24567.2,0.26
24569.7,0.25
24572.3,0.24
24575.0,0.23
24577.5,0.25
24580.0,0.25
24582.5,0.25
24584.9,0.26
24587.3,0.26
24589.6,0.27
24591.9,0.27
24594.2,0.27
24596.6,0.26
24599.0,0.26
24601.5,0.25
24603.9,0.26
24606.4,0.25
24608.8,0.26
24611.4,0.24
24614.0,0.24
24616.5,0.25
24618.9,0.26
24621.4,0.25
24623.9,0.25
24626.4,0.25
24628.6,0.29
24630.8,0.29
24633.0,0.29
24635.2,0.29
24637.4,0.29
24639.6,0.29
24641.7,0.30
24644.0,0.27
24646.4,0.26
24648.8,0.26
24651.1,0.27
24653.3,0.29
24655.6,0.27
24657.9,0.27
24660.1,0.29
24662.2,0.30
24664.4,0.29
24666.6,0.29
24668.8,0.29
24671.0,0.29
24673.2,0.29
24675.5,0.27
24677.8,0.27
24679.9,0.30
24682.2,0.27
24684.4,0.29
24686.7,0.27
24689.0,0.27
24691.5,0.25
24694.0,0.25
24696.7,0.23
24699.2,0.25
24701.5,0.27
24703.8,0.27
24705.9,0.30
24708.2,0.27
24710.5,0.27
24712.7,0.29
24715.0,0.27
24717.5,0.25
24719.8,0.27
24722.1,0.27
24724.1,0.31
24726.1,0.31
24728.2,0.30
24730.4,0.29
24732.7,0.27
24735.1,0.26
24737.5,0.26
24739.8,0.27
24742.0,0.29
24744.3,0.27
24746.8,0.25
24749.4,0.24
24752.0,0.24
24754.6,0.24
24757.0,0.26
24759.2,0.29
24761.5,0.27
24763.7,0.29
24765.9,0.29
24768.1,0.29
24770.4,0.27
24772.6,0.29
24774.8,0.29
24777.1,0.27
24779.3,0.29
24781.7,0.26
24784.1,0.26
24786.6,0.25
24788.9,0.27
24791.3,0.26
24793.7,0.26
24796.0,0.27
24798.4,0.26
24800.8,0.26
24803.1,0.27
24805.6,0.25
24808.2,0.24
24810.8,0.24
24813.2,0.26
24815.2,0.31
24817.1,0.33
24818.9,0.35
24820.8,0.33
24822.7,0.33
24824.5,0.35
24826.3,0.35
24828.0,0.37
24829.7,0.37
24831.5,0.35
24833.3,0.35
24835.2,0.33
24837.0,0.35
24838.8,0.35
24840.5,0.37
24842.3,0.35
24844.1,0.35
24845.8,0.37
24847.6,0.35
24849.4,0.35
24851.2,0.35
24853.0,0.35
24854.9,0.33
24856.7,0.35
24858.6,0.33
24860.5,0.33
24862.2,0.37
24864.0,0.35
24865.8,0.35
24867.6,0.35
24869.4,0.35
24871.1,0.37
24872.7,0.39
24874.3,0.39
24875.9,0.39
24877.7,0.35
24879.5,0.35
24881.3,0.35
24883.2,0.33
24885.1,0.33
24887.0,0.33
24889.0,0.31
24891.1,0.30
24893.0,0.33
24895.1,0.30
24897.1,0.31
24899.1,0.31
24901.2,0.30
24903.3,0.30
24905.3,0.31
24907.3,0.31
24909.4,0.30
24911.6,0.29
24913.7,0.30
24916.0,0.27
24918.3,0.27
24920.5,0.29
24922.7,0.29
24924.8,0.30
24926.9,0.30
24929.0,0.30
24931.0,0.31
24933.1,0.30
24935.0,0.33
24937.0,0.31
24939.0,0.31
24940.9,0.33
24942.9,0.31
24944.9,0.31
24947.1,0.29
24949.2,0.30
24951.5,0.27
24953.8,0.27
24956.1,0.27
24958.5,0.26
24960.9,0.26
24963.3,0.26
24965.7,0.26
24968.0,0.27
24970.3,0.27
24972.8,0.25
24975.4,0.24
24978.1,0.23
24980.9,0.22
24983.8,0.22
24986.7,0.22
24989.5,0.22
24992.4,0.22
24995.4,0.21
24998.1,0.23
25000.7,0.24
25003.1,0.26
25005.6,0.25
25008.1,0.25
25010.7,0.24
25013.2,0.25
25015.6,0.26
25018.2,0.24
25020.9,0.23
25023.5,0.24
25026.2,0.23
25028.9,0.23
25031.5,0.24
25034.0,0.25
25036.5,0.25
25039.1,0.24
25041.8,0.23
25044.7,0.22
25047.6,0.22
25050.5,0.22
25053.5,0.21
25056.5,0.21
25059.6,0.20
25062.3,0.23
25064.8,0.25
25067.3,0.25
25069.9,0.24
25072.5,0.24
25075.3,0.22
25078.2,0.22
25081.1,0.22
25084.0,0.22
25086.7,0.23
25089.3,0.24
25092.0,0.23
25094.6,0.24
25097.3,0.23
25100.1,0.22
25102.8,0.23
25105.5,0.23
25108.1,0.24
25110.6,0.25
25113.0,0.26
25115.5,0.25
25118.0,0.25
25120.6,0.24
25123.1,0.25
25125.5,0.26
25127.9,0.26
25130.2,0.27
25132.8,0.24
25135.5,0.23
25138.3,0.22
25141.1,0.22
25143.7,0.24
25146.4,0.23
25149.1,0.23
25151.6,0.25
25154.2,0.24
25156.7,0.25
25159.3,0.24
25162.0,0.23
25164.6,0.24
25167.2,0.24
25170.0,0.22
25172.8,0.22
25175.5,0.23
25178.4,0.22
25181.2,0.22
25184.2,0.21
25187.0,0.22
25189.8,0.22
25192.4,0.24
25195.1,0.23
25197.8,0.23
25200.5,0.23
25203.1,0.24
25205.6,0.25
25208.1,0.25
25210.5,0.26
25212.9,0.26
25215.4,0.25
25217.8,0.26
25220.2,0.26
25222.5,0.27
25224.8,0.27
25227.1,0.27
25229.3,0.29
25231.6,0.27
25234.2,0.24
25236.7,0.25
25239.4,0.23
25242.1,0.23
25244.7,0.24
25247.3,0.24
25249.8,0.25
25252.2,0.26
25254.6,0.26
25257.1,0.25
25259.6,0.25
25262.2,0.24
25264.9,0.23
25267.7,0.22
25270.4,0.23
25273.2,0.22
25275.9,0.23
25278.8,0.22
25281.5,0.23
25284.2,0.23
25287.1,0.22
25290.2,0.20
25293.4,0.20
25296.6,0.20
25299.8,0.20
25302.5,0.23
25305.1,0.24
25307.5,0.26
25309.9,0.26
25312.2,0.27
25314.5,0.27
25317.0,0.25
25319.4,0.26
25321.8,0.26
25324.3,0.25
25326.7,0.26
25329.2,0.25
25331.9,0.23
25334.5,0.24
25337.0,0.25
25339.7,0.23
25342.3,0.24
25345.0,0.23
25347.9,0.22
25350.7,0.22
25353.5,0.22
25356.4,0.22
25359.4,0.21
25362.4,0.21
25365.5,0.20
25368.6,0.20
25371.7,0.20
25374.7,0.21
25377.8,0.20
25380.7,0.22
25383.5,0.22
25386.2,0.23
25389.0,0.22
25391.8,0.22
25394.4,0.24
25397.1,0.23
25399.9,0.22
25402.7,0.22
25405.8,0.20
25408.5,0.23
25411.2,0.23
25413.9,0.23
25416.4,0.25
25418.8,0.26
25421.0,0.29
25423.2,0.29
25425.5,0.27
25427.9,0.26
25430.2,0.27
25432.5,0.27
25434.9,0.26
25437.3,0.26
25439.6,0.27
25442.1,0.25
25444.6,0.25
25447.3,0.23
25450.2,0.22
25452.7,0.25
25455.2,0.25
25457.7,0.25
25460.0,0.27
25462.5,0.25
25465.0,0.25
25467.2,0.29
25469.5,0.27
25472.0,0.25
25474.5,0.25
25477.0,0.25
25479.6,0.24
25481.7,0.30
25483.5,0.35
25485.1,0.39
25486.7,0.39
25488.5,0.35
25490.3,0.35
25492.2,0.33
25494.0,0.35
25495.9,0.33
25497.7,0.35
25499.6,0.33
25501.4,0.35
25503.2,0.35
25505.0,0.35
25506.9,0.33
25508.8,0.33
25510.7,0.33
25512.5,0.35
25514.3,0.35
25516.1,0.35
25517.7,0.39
25519.3,0.39
25521.0,0.37
25522.7,0.37
25524.4,0.37
25526.1,0.37
25527.8,0.37
25529.5,0.37
25531.2,0.37
25533.0,0.35
25534.9,0.33
25536.8,0.33
25538.9,0.30
25540.9,0.31
25543.0,0.30
25545.0,0.31
25547.1,0.30
25549.2,0.30
25551.4,0.29
25553.7,0.27
25556.0,0.27
25558.1,0.30
25560.1,0.31
25562.1,0.31
25564.2,0.30
25566.3,0.30
25568.5,0.29
25570.7,0.29
25572.9,0.29
25575.0,0.30
25577.1,0.30
25579.3,0.29
25581.4,0.30
25583.6,0.29
25585.8,0.29
25588.0,0.29
25590.2,0.29
25592.4,0.29
25594.7,0.27
25597.2,0.25
25599.5,0.27
25601.8,0.27
25604.1,0.27
25606.4,0.27
25608.6,0.29
25611.0,0.26
25613.4,0.26
25615.8,0.26
25618.3,0.25
25620.8,0.25
25623.4,0.24
25626.0,0.24
25628.5,0.25
25631.2,0.23
25633.8,0.24
25636.3,0.25
25638.8,0.25
25641.4,0.24
25644.1,0.23
25646.7,0.24
25649.2,0.25
25651.7,0.25
25654.3,0.24
25657.1,0.22
25659.9,0.22
25662.7,0.22
25665.5,0.22
25668.5,0.21
25671.8,0.19
25675.0,0.20
25678.1,0.20
25681.0,0.22
25683.8,0.22
25686.6,0.22
25689.7,0.20
25693.0,0.19
25696.1,0.20
25699.3,0.20
25702.1,0.22
25704.8,0.23
25707.6,0.22
25710.2,0.24
25712.9,0.23
25715.7,0.22
25718.6,0.22
25721.4,0.22
25724.1,0.23
25726.7,0.24
25729.3,0.24
25732.1,0.22
25735.0,0.22
25737.9,0.22
25740.7,0.22
25743.6,0.22
25746.5,0.22
25749.5,0.21
25752.5,0.21
25755.4,0.22
25758.5,0.20
25761.2,0.23
25763.9,0.23
25766.8,0.22
25769.5,0.23
25772.3,0.22
25775.1,0.22
25778.3,0.20
25781.4,0.20
25784.2,0.22
25787.2,0.21
25790.2,0.21
25793.4,0.20
25796.5,0.20
25799.6,0.20
25802.8,0.20
25806.2,0.18
25809.6,0.18
25813.0,0.18
25816.4,0.18
25819.8,0.18
25823.1,0.19
25826.5,0.18
25830.0,0.18
25833.5,0.18
25837.0,0.18
25840.2,0.20
25843.0,0.22
25845.7,0.23
25848.4,0.23
25851.5,0.20
25854.8,0.19
25858.0,0.20
25861.2,0.20
25864.2,0.21
25867.3,0.20
25870.4,0.20
25873.8,0.18
25877.2,0.18
25880.6,0.18
25883.5,0.22
25886.8,0.19
25890.2,0.18
25893.7,0.18
25897.2,0.18
25900.4,0.20
25903.7,0.19
25907.1,0.18
25910.7,0.17
25914.2,0.18
25918.0,0.17
25921.7,0.17
25925.2,0.18
25929.0,0.17
25932.9,0.16
25937.3,0.14
25941.2,0.16
25944.6,0.18
25948.3,0.17
25952.2,0.16
25956.2,0.16
25960.1,0.16
25964.4,0.15
25968.3,0.16
25972.8,0.14
25977.8,0.13
25982.1,0.15
25986.3,0.15
25990.4,0.15
25995.1,0.13
25999.9,0.13
26002.7,0.22
26004.9,0.29
26006.9,0.31
26008.8,0.33
26010.6,0.35
26012.5,0.33
26014.5,0.31
26016.5,0.31
26018.6,0.30
26020.6,0.31
26022.5,0.33
26024.4,0.33
26026.3,0.33
26028.2,0.33
26030.1,0.33
26032.1,0.31
26034.1,0.31
26036.2,0.30
26038.3,0.30
26040.4,0.30
26042.4,0.31
26044.4,0.31
26046.4,0.31
26048.3,0.33
26050.3,0.31
26052.3,0.31
26054.4,0.30
26056.5,0.30
26058.7,0.29
26060.8,0.30
26063.2,0.26
26065.6,0.26
26068.0,0.26
26070.2,0.29
26072.4,0.29
26074.5,0.30
26076.5,0.31
26078.6,0.30
26080.7,0.30
26082.9,0.29
26085.0,0.30
26087.1,0.30
26089.2,0.30
26091.4,0.29
26093.7,0.27
26096.0,0.27
26098.4,0.26
26100.9,0.25
26103.3,0.26
26105.5,0.29
26107.7,0.29
26110.0,0.27
26112.3,0.27
26114.6,0.27
26116.9,0.27
26119.3,0.26
26121.6,0.27
26123.9,0.27
26126.2,0.27
26128.5,0.27
26130.9,0.26
26133.3,0.26
26135.7,0.26
26138.0,0.27
26140.3,0.27
26142.6,0.27
26144.9,0.27
26147.2,0.27
26149.5,0.27
26152.0,0.25
26154.6,0.24
26157.2,0.24
26160.0,0.22
26162.8,0.22
26165.8,0.21
26168.8,0.21
26172.0,0.20
26175.4,0.18
26178.8,0.18
26182.0,0.20
26184.9,0.22
26187.8,0.22
26190.6,0.22
26193.2,0.24
26195.6,0.26
26197.9,0.27
26200.2,0.27
26202.4,0.29
26204.6,0.29
26206.8,0.29
26208.8,0.31
26210.9,0.30
26213.0,0.30
26215.1,0.30
26217.1,0.31
26219.2,0.30
26221.3,0.30
26223.4,0.30
26225.5,0.30
26227.6,0.30
26229.6,0.31
26231.7,0.30
26233.9,0.29
26236.1,0.29
26238.4,0.27
26240.7,0.27
26242.8,0.30
26245.0,0.29
26247.2,0.29
26249.4,0.29
26251.7,0.27
26254.0,0.27
26256.4,0.26
26258.8,0.26
26261.1,0.27
26263.3,0.29
26265.4,0.30
26267.4,0.31
26269.3,0.33
26271.1,0.35
26273.0,0.33
26274.9,0.33
26276.9,0.31
26279.0,0.30
26281.0,0.31
26283.0,0.31
26285.2,0.29
26287.3,0.30
26289.5,0.29
26291.8,0.27
26294.0,0.29
26296.2,0.29
26298.4,0.29
26300.6,0.29
26302.8,0.29
26305.1,0.27
26307.4,0.27
26309.8,0.26
26312.1,0.27
26314.3,0.29
26316.3,0.31
26318.0,0.37
26319.7,0.37
26321.4,0.37
26323.2,0.35
26325.0,0.35
26326.9,0.33
26328.8,0.33
26330.7,0.33
26332.7,0.31
26334.8,0.30
26337.0,0.29
26339.2,0.29
26341.5,0.27
26343.7,0.29
26345.9,0.29
26348.1,0.29
26350.5,0.26
26352.9,0.26
26355.3,0.26
26357.7,0.26
26360.0,0.27
26362.5,0.25
26364.9,0.26
26367.2,0.27
26369.5,0.27
26371.8,0.27
26374.2,0.26
26376.5,0.27
26378.9,0.26
26381.3,0.26
26383.8,0.25
26386.2,0.26
26388.4,0.29
26390.7,0.27
26393.0,0.27
26395.3,0.27
26397.9,0.24
26400.5,0.24
26403.0,0.25
26405.7,0.23
26408.4,0.23
26411.0,0.24
26413.6,0.24
26416.1,0.25
26418.5,0.26
26420.8,0.27
26423.1,0.27
26425.4,0.27
26427.9,0.25
26430.4,0.25
26432.9,0.25
26435.2,0.27
26437.6,0.26
26439.9,0.27
26442.2,0.27
26444.5,0.27
26446.8,0.27
26449.2,0.26
26451.4,0.29
26453.7,0.27
26456.2,0.25
26458.7,0.25
26461.1,0.26
26463.4,0.27
26465.7,0.27
26468.0,0.27
26470.3,0.27
26472.7,0.26
26475.0,0.27
26477.2,0.29
26479.5,0.27
26481.7,0.29
26483.9,0.29
26486.0,0.30
26488.1,0.30
26490.3,0.29
26492.4,0.30
26494.5,0.30
26496.5,0.31
26498.5,0.31
26500.5,0.31
26502.6,0.30
26504.7,0.30
26506.7,0.31
26508.8,0.30
26511.0,0.29
26513.1,0.30
26515.3,0.29
26517.5,0.29
26519.6,0.30
26521.7,0.30
26523.8,0.30
26525.9,0.30
26527.9,0.31
26529.9,0.31
26532.1,0.29
26534.3,0.29
26536.5,0.29
26538.8,0.27
26540.9,0.30
26543.1,0.29
26545.4,0.27
26547.8,0.26
26550.2,0.26
26552.6,0.26
26554.9,0.27
26557.4,0.25
26559.8,0.26
26562.1,0.27
26564.5,0.26
26566.8,0.27
26569.1,0.27
26571.4,0.27
26573.7,0.27
26576.0,0.27
26578.4,0.26
26580.7,0.27
26582.8,0.30
26584.9,0.30
26587.0,0.30
26589.2,0.29
26591.2,0.31
26593.2,0.31
26595.3,0.30
26597.4,0.30
26599.5,0.30
26601.5,0.31
26603.4,0.33
26605.4,0.31
26607.3,0.33
26609.2,0.33
26611.1,0.33
26613.0,0.33
26615.1,0.30
26617.1,0.31
26619.3,0.29
26621.5,0.29
26623.6,0.30
26625.7,0.30
26627.7,0.31
26629.7,0.31
26631.8,0.30
26633.9,0.30
26636.0,0.30
26638.2,0.29
26640.2,0.31
26642.3,0.30
26644.3,0.31
26646.3,0.31
26648.3,0.31
26650.4,0.30
26652.3,0.33
26654.3,0.31
26656.3,0.31
26658.4,0.30
26660.6,0.29
26662.8,0.29
26665.1,0.27
26667.4,0.27
26669.6,0.29
26671.8,0.29
26674.0,0.29
26676.3,0.27
26678.5,0.29
26680.6,0.30
26682.6,0.31
26684.6,0.31
26686.6,0.31
26688.5,0.33
26690.4,0.33
26692.3,0.33
26694.3,0.31
26696.3,0.31
26698.3,0.31
26700.3,0.31
26702.4,0.30
26704.7,0.27
26706.8,0.30
26708.9,0.30
26711.0,0.30
26713.1,0.30
26715.2,0.30
26717.2,0.31
26719.2,0.31
26721.2,0.31
26723.3,0.30
26725.3,0.31
26727.3,0.31
26729.4,0.30
26731.6,0.29
26733.8,0.29
26736.1,0.27
26738.3,0.29
26740.5,0.29
26742.8,0.27
26744.9,0.30
26747.1,0.29
26749.3,0.29
26751.6,0.27
26753.8,0.29
26756.0,0.29
26758.2,0.29
26760.2,0.31
26762.1,0.33
26764.1,0.31
26766.0,0.33
26768.0,0.31
26769.9,0.33
26771.9,0.31
26773.8,0.33
26775.9,0.30
26778.1,0.29
26780.2,0.30
26782.2,0.31
26784.3,0.30
26786.3,0.31
26788.2,0.33
26790.1,0.33
26792.0,0.33
26794.0,0.31
26796.1,0.30
26798.3,0.29
26800.3,0.31
26802.4,0.30
26804.5,0.30
26806.6,0.30
26808.7,0.30
26810.8,0.30
26813.1,0.27
26815.5,0.26
26817.8,0.27
26820.0,0.29
26822.1,0.30
26824.2,0.30
26826.3,0.30
26828.3,0.31
26830.3,0.31
26832.3,0.31
26834.3,0.31
26836.3,0.31
26838.4,0.30
26840.5,0.30
26842.6,0.30
26844.7,0.30
26846.8,0.30
26848.9,0.30
26851.0,0.30
26853.3,0.27
26855.7,0.26
26858.0,0.27
26860.2,0.29
26862.5,0.27
26864.6,0.30
26866.7,0.30
26868.8,0.30
26870.8,0.31
26872.8,0.31
26874.9,0.30
26877.0,0.30
26879.0,0.31
26881.0,0.31
26883.1,0.30
26885.1,0.31
26887.1,0.31
26889.1,0.31
26891.0,0.33
26892.9,0.33
26894.9,0.31
26897.0,0.30
26899.1,0.30
26901.3,0.29
26903.5,0.29
26905.5,0.31
26907.5,0.31
26909.4,0.33
26911.3,0.33
26913.2,0.33
26915.3,0.30
26917.5,0.29
26919.8,0.27
26922.0,0.29
26924.2,0.29
26926.3,0.30
26928.3,0.31
26930.4,0.30
26932.4,0.31
26934.3,0.33
26935.9,0.39
26937.6,0.37
26939.1,0.42
26940.7,0.39
26942.5,0.35
26944.5,0.31
26946.5,0.31
26948.5,0.31
26950.6,0.30
26952.7,0.30
26954.8,0.30
26956.9,0.30
26958.8,0.33
26960.6,0.35
26962.5,0.33
26964.4,0.33
26966.2,0.35
26968.1,0.33
26969.9,0.35
26971.6,0.37
26973.4,0.35
26975.2,0.35
26977.0,0.35
26978.8,0.35
26980.6,0.35
26982.5,0.33
26984.3,0.35
26986.3,0.31
26988.2,0.33
26990.2,0.31
26992.0,0.35
26993.9,0.33
26995.9,0.31
26998.0,0.30
27000.0,0.31
27002.1,0.30
27004.3,0.29
27006.5,0.29
27008.6,0.30
27010.9,0.27
27013.3,0.26
27015.8,0.25
27018.2,0.26
27020.7,0.25
27023.1,0.26
27025.4,0.27
27027.8,0.26
27030.2,0.26
27032.5,0.27
27034.8,0.27
27037.1,0.27
27039.3,0.29
27041.6,0.27
27043.9,0.27
27046.3,0.26
27048.7,0.26
27051.2,0.25
27053.7,0.25
27056.1,0.26
27058.4,0.27
27060.7,0.27
27062.9,0.29
27065.2,0.27
27067.3,0.30
27069.7,0.26
27072.0,0.27
27074.3,0.27
27076.7,0.26
27078.9,0.29
27081.2,0.27
27083.6,0.26
27086.0,0.26
27088.5,0.25
27091.0,0.25
27093.5,0.25
27096.0,0.25
27098.5,0.25
27101.0,0.25
27103.6,0.24
27106.4,0.22
27109.1,0.23
27111.8,0.23
27114.6,0.22
27117.5,0.22
27120.3,0.22
27123.2,0.22
27126.0,0.22
27128.8,0.22
27131.8,0.21
27134.8,0.21
27137.7,0.22
27140.5,0.22
27143.3,0.22
27146.0,0.23
27148.6,0.24
27151.0,0.26
27153.4,0.26
27155.8,0.26
27158.3,0.25
27161.0,0.23
27163.6,0.24
27166.0,0.26
27168.6,0.24
27171.3,0.23
27173.9,0.24
27176.7,0.22
27179.4,0.23
27182.1,0.23
27184.7,0.24
27187.2,0.25
27189.7,0.25
27192.3,0.24
27195.1,0.22
27198.3,0.20
27201.6,0.19
27204.8,0.20
27207.7,0.22
27210.6,0.22
27213.5,0.22
27216.4,0.22
27219.6,0.20
27222.6,0.21
27225.7,0.20
27228.7,0.21
27231.4,0.23
27234.0,0.24
27236.7,0.23
27239.4,0.23
27242.0,0.24
27244.8,0.22
27247.6,0.22
27250.4,0.22
27253.0,0.24
27255.7,0.23
27258.5,0.22
27261.3,0.22
27264.2,0.22
27267.0,0.22
27269.8,0.22
27272.5,0.23
27275.2,0.23
27277.9,0.23
27280.4,0.25
27283.1,0.23
27285.6,0.25
27288.1,0.25
27290.6,0.25
27293.0,0.26
27295.4,0.26
27297.8,0.26
27300.2,0.26
27302.6,0.26
27305.0,0.26
27307.5,0.25
27310.1,0.24
27312.7,0.24
27315.5,0.22
27318.5,0.21
27321.5,0.21
27324.2,0.23
27326.9,0.23
27329.6,0.23
27332.3,0.23
27335.0,0.23
27337.6,0.24
27340.2,0.24
27342.8,0.24
27345.6,0.22
27348.5,0.22
27351.5,0.21
27354.5,0.21
27357.4,0.22
27360.3,0.22
27363.0,0.23
27365.7,0.23
27368.5,0.22
27371.3,0.22
27374.3,0.21
27377.3,0.21
27380.1,0.22
27382.9,0.22
27385.6,0.23
27388.6,0.21
27391.6,0.21
27394.6,0.21
27397.5,0.22
27400.4,0.22
27403.5,0.20
27406.5,0.21
27409.3,0.22
27412.1,0.22
27414.8,0.23
27417.7,0.22
27420.6,0.22
27423.8,0.20
27426.9,0.20
27430.0,0.20
27432.9,0.22
27435.7,0.22
27438.7,0.21
27441.6,0.22
27444.6,0.21
27447.4,0.22
27450.0,0.24
27452.5,0.25
27455.0,0.25
27457.5,0.25
27459.9,0.26
27462.6,0.23
27465.2,0.24
27467.9,0.23
27470.6,0.23
27473.3,0.23
27475.9,0.24
27478.3,0.26
27480.6,0.27
27482.8,0.29
27485.0,0.29
27487.3,0.27
27489.6,0.27
27491.8,0.29
27494.1,0.27
27496.6,0.25
27499.2,0.24
27501.7,0.25
27504.0,0.27
27506.4,0.26
27508.8,0.26
27511.2,0.26
27513.6,0.26
27516.0,0.26
27518.5,0.25
27521.0,0.25
27523.4,0.26
27526.0,0.24
27528.6,0.24
27531.1,0.25
27533.7,0.24
27536.2,0.25
27538.7,0.25
27541.5,0.22
27544.3,0.22
27547.2,0.22
27550.2,0.21
27553.0,0.22
27555.6,0.24
27558.1,0.25
27560.6,0.25
27563.2,0.24
27565.7,0.25
27568.3,0.24
27570.6,0.27
27572.9,0.27
27575.3,0.26
27577.8,0.25
27580.4,0.24
27582.9,0.25
27585.2,0.27
27587.6,0.26
27589.8,0.29
27592.1,0.27
27594.3,0.29
27596.7,0.26
27599.0,0.27
27601.2,0.29
27603.4,0.29
27605.5,0.30
27607.5,0.31
27609.7,0.29
27611.8,0.30
27614.0,0.29
27616.5,0.25
27618.6,0.30
27620.4,0.35
27622.2,0.35
27624.0,0.35
27625.7,0.37
27627.4,0.37
27629.2,0.35
27631.0,0.35
27633.0,0.31
27634.8,0.35
27636.7,0.33
27638.5,0.35
27640.2,0.37
27641.8,0.39
27643.6,0.35
27645.2,0.39
27646.9,0.37
27648.5,0.39
27650.1,0.39
27651.8,0.37
27653.6,0.35
27655.4,0.35
27657.2,0.35
27659.0,0.35
27660.8,0.35
27662.5,0.37
27664.2,0.37
27666.0,0.35
27667.7,0.37
27669.4,0.37
27671.2,0.35
27673.0,0.35
27674.9,0.33
27676.8,0.33
27678.8,0.31
27681.0,0.29
27683.2,0.29
27685.5,0.27
27687.8,0.27
27690.3,0.25
27692.8,0.25
27695.2,0.26
27697.6,0.26
27700.0,0.26
27702.3,0.27
27704.7,0.26
27707.0,0.27
27709.2,0.29
27711.4,0.29
27713.7,0.27
27715.9,0.29
27718.1,0.29
27720.3,0.29
27722.4,0.30
27724.7,0.27
27727.0,0.27
27729.4,0.26
27731.7,0.27
27733.9,0.29
27736.1,0.29
27738.2,0.30
27740.5,0.27
27742.6,0.30
27744.9,0.27
27747.0,0.30
27749.2,0.29
27751.3,0.30
27753.5,0.29
27755.8,0.27
27758.1,0.27
27760.5,0.26
27763.1,0.24
27765.7,0.24
27768.3,0.24
27771.0,0.23
27773.6,0.24
27776.6,0.21
27779.7,0.20
27782.8,0.20
27786.0,0.20
27789.5,0.18
27792.9,0.18
27796.2,0.19
27799.5,0.19
27802.7,0.20
27805.8,0.20
27809.0,0.20
27812.2,0.20
27815.5,0.19
27819.0,0.18
27822.0,0.21
27824.8,0.22
27827.4,0.24
27830.1,0.23
27832.9,0.22
27836.0,0.20
27839.0,0.21
27841.9,0.22
27844.7,0.22
27847.5,0.22
27850.5,0.21
27853.8,0.19
27857.5,0.17
27861.2,0.17
27864.9,0.17
27869.3,0.14
27874.0,0.13
27878.5,0.14
27882.3,0.17
27886.0,0.17
27889.4,0.18
27892.3,0.22
27895.5,0.20
27898.5,0.21
27901.6,0.20
27904.8,0.20
27907.7,0.22
27910.6,0.22
27913.5,0.22
27916.5,0.21
27919.5,0.21
27922.5,0.21
27925.6,0.20
27928.8,0.20
27932.3,0.18
27935.9,0.17
27939.6,0.17
27942.8,0.20
27945.9,0.20
27949.1,0.20
27952.1,0.21
27955.4,0.19
27958.8,0.18
27962.0,0.20
27964.5,0.25
27966.6,0.30
27968.5,0.33
27970.5,0.31
27972.5,0.31
27974.7,0.29
27977.0,0.27
27979.4,0.26
27982.0,0.24
27984.8,0.22
27987.6,0.22
27990.3,0.23
27993.2,0.22
27995.9,0.23
27998.7,0.22
28001.5,0.22
28004.2,0.23
28006.8,0.24
28009.4,0.24
28012.3,0.22
28015.0,0.23
28017.8,0.22
28020.5,0.23
28023.2,0.23
28025.9,0.23
28028.6,0.23
28031.3,0.23
28034.0,0.23
28036.7,0.23
28039.5,0.22
28042.2,0.23
28044.8,0.24
28047.6,0.22
28050.4,0.22
28053.0,0.24
28055.5,0.25
28057.9,0.26
28060.4,0.25
28062.9,0.25
28065.3,0.26
28067.7,0.26
28070.2,0.25
28072.8,0.24
28075.4,0.24
28078.0,0.24
28080.7,0.23
28083.2,0.25
28085.8,0.24
28088.4,0.24
28091.1,0.23
28093.9,0.22
28096.6,0.23
28099.4,0.22
28102.2,0.22
28104.9,0.23
28107.4,0.25
28110.0,0.24
28112.4,0.26
28114.9,0.25
28117.4,0.25
28120.0,0.24
28122.6,0.24
28125.2,0.24
28127.7,0.25
28130.3,0.24
28132.9,0.24
28135.7,0.22
28138.5,0.22
28141.4,0.22
28143.7,0.27
28145.6,0.33
28147.4,0.35
28149.1,0.37
28150.8,0.37
28152.6,0.35
28154.4,0.35
28156.4,0.31
28158.4,0.31
28160.5,0.30
28162.8,0.27
28165.0,0.29
28167.3,0.27
28169.7,0.26
28172.2,0.25
28174.7,0.25
28177.3,0.24
28179.8,0.25
28182.2,0.26
28184.5,0.27
28186.7,0.29
28189.0,0.27
28191.5,0.25
28193.9,0.26
28196.4,0.25
28198.8,0.26
28201.2,0.26
28203.6,0.26
28206.2,0.24
28208.7,0.25
28211.3,0.24
28214.0,0.23
28216.7,0.23
28219.5,0.22
28222.1,0.24
28224.6,0.25
28227.0,0.26
28229.5,0.25
28232.0,0.25
28234.7,0.23
28237.5,0.22
28240.5,0.21
28243.3,0.22
28246.1,0.22
28248.9,0.22
28251.9,0.21
28254.9,0.21
28257.9,0.21
28261.0,0.20
28263.9,0.22
28266.8,0.22
28269.8,0.21
28272.7,0.22
28275.6,0.22
28278.3,0.23
28280.6,0.27
28282.8,0.29
28284.8,0.31
28286.8,0.31
28289.0,0.29
28291.0,0.31
28293.1,0.30
28295.1,0.31
28297.2,0.30
28299.3,0.30
28301.5,0.29
28303.8,0.27
28305.9,0.30
28308.0,0.30
28310.2,0.29
28312.3,0.30
28314.4,0.30
28316.5,0.30
28318.7,0.29
28321.0,0.27
28323.2,0.29
28325.3,0.30
28327.4,0.30
28329.6,0.29
28331.9,0.27
28334.2,0.27
28336.6,0.26
28339.0,0.26
28341.3,0.27
28343.6,0.27
28346.0,0.26
28348.4,0.26
28350.9,0.25
28353.4,0.25
28355.7,0.27
28357.9,0.29
28360.2,0.27
28362.5,0.27
28364.8,0.27
28367.0,0.29
28369.4,0.26
28371.8,0.26
28374.4,0.24
28377.0,0.24
28379.7,0.23
28382.5,0.22
28385.4,0.22
28388.5,0.20
28391.5,0.21
28394.4,0.22
28397.5,0.20
28400.9,0.18
28404.4,0.18
28407.5,0.20
28410.5,0.21
28413.5,0.21
28416.4,0.22
28419.4,0.21
28422.5,0.20
28425.5,0.21
28428.4,0.22
28431.2,0.22
28434.2,0.21
28437.4,0.20
28440.7,0.19
28443.9,0.20
28447.2,0.19
28450.4,0.20
28454.1,0.17
28458.4,0.15
28462.4,0.16
28466.2,0.17
28470.2,0.16
28474.0,0.17
28477.4,0.18
28480.4,0.21
28483.5,0.20
28486.6,0.20
28489.4,0.22
28492.5,0.20
28495.6,0.20
28498.7,0.20
28501.6,0.22
28504.4,0.22
28507.2,0.22
28509.9,0.23
28512.8,0.22
28516.0,0.20
28518.9,0.22
28521.8,0.22
28524.5,0.23
28527.1,0.24
28529.6,0.25
28532.2,0.24
28534.6,0.26
28537.1,0.25
28539.8,0.23
28542.6,0.22
28545.3,0.23
28547.9,0.24
28550.6,0.23
28553.5,0.22
28556.6,0.20
28559.7,0.20
28562.7,0.21
28565.7,0.21
28568.9,0.20
28572.3,0.18
28576.1,0.17
28579.9,0.17
28583.1,0.20
28586.2,0.20
28589.4,0.20
28592.5,0.20
28595.7,0.20
28598.9,0.20
28602.0,0.20
28605.0,0.21
28608.0,0.21
28611.0,0.21
28614.0,0.21
28617.0,0.21
28619.9,0.22
28622.7,0.22
28625.7,0.21
28628.5,0.22
28631.4,0.22
28634.4,0.21
28637.4,0.21
28640.3,0.22
28643.2,0.22
28646.1,0.22
28649.3,0.20
28652.7,0.18
28655.8,0.20
28659.1,0.19
28662.3,0.20
28665.5,0.20
28668.5,0.21
28671.2,0.23
28673.8,0.24
28676.5,0.23
28679.5,0.21
28682.5,0.21
28685.5,0.21
28688.5,0.21
28691.6,0.20
28694.7,0.20
28698.0,0.19
28701.0,0.21
28704.0,0.21
28707.2,0.20
28710.4,0.20
28713.3,0.22
28716.0,0.23
28719.0,0.21
28722.2,0.20
28725.6,0.18
28728.8,0.20
28731.8,0.21
28734.7,0.22
28737.6,0.22
28740.8,0.20
28744.0,0.20
28747.2,0.20
28750.3,0.20
28754.1,0.17
28757.9,0.17
28761.4,0.18
28764.8,0.18
28768.5,0.17
28772.5,0.16
28776.2,0.17
28780.0,0.17
28783.8,0.17
28787.2,0.18
28790.4,0.20
28793.6,0.20
28796.7,0.20
28799.8,0.20
28802.7,0.22
28805.7,0.21
28808.5,0.22
28811.2,0.23
28814.0,0.22
28817.1,0.20
28820.6,0.18
28824.2,0.17
28827.4,0.20
28830.6,0.20
28834.2,0.17
28837.6,0.18
28840.5,0.22
28843.4,0.22
28846.2,0.22
28849.1,0.22
28852.0,0.22
28855.2,0.20
28858.4,0.20
28861.7,0.19
28864.7,0.21
28867.7,0.21
28871.0,0.19
28874.3,0.19
28877.5,0.20
28880.7,0.20
28883.8,0.20
28886.9,0.20
28890.0,0.20
28893.0,0.21
28896.1,0.20
28899.2,0.20
28902.1,0.22
28905.2,0.20
28908.0,0.22
28910.6,0.24
28913.3,0.23
28916.1,0.22
28918.9,0.22
28921.5,0.24
28924.2,0.23
28927.1,0.22
28930.0,0.22
28932.8,0.22
28935.8,0.21
28938.7,0.22
28941.6,0.22
28944.3,0.23
28946.8,0.25
28949.4,0.24
28952.0,0.24
28954.6,0.24
28957.3,0.23
28960.2,0.22
28963.0,0.22
28965.8,0.22
28968.5,0.23
28971.1,0.24
28973.7,0.24
28976.6,0.22
28979.4,0.22
28982.1,0.23
28984.8,0.23
28987.7,0.22
28990.6,0.22
28993.2,0.24
28995.9,0.23
28998.7,0.22
29001.6,0.22
29004.5,0.22
29007.5,0.21
29010.6,0.20
29013.4,0.22
29016.3,0.22
29019.2,0.22
29022.0,0.22
29024.9,0.22
29027.7,0.22
29030.6,0.22
29034.0,0.18
29037.6,0.17
29040.7,0.20
29043.9,0.20
29047.3,0.18
29050.7,0.18
29053.8,0.20
29056.6,0.22
29059.3,0.23
29062.2,0.22
29065.2,0.21
29068.2,0.21
29071.5,0.19
29074.9,0.18
29077.9,0.21
29080.8,0.22
29083.9,0.20
29087.5,0.17
29091.2,0.17
29095.5,0.15
29099.4,0.16
29102.9,0.18
29105.9,0.21
29108.2,0.27
29110.3,0.30
29112.3,0.31
29114.3,0.31
29116.2,0.33
29118.2,0.31
29120.1,0.33
29122.1,0.31
29124.3,0.29
29126.5,0.29
29128.7,0.29
29130.9,0.29
29133.1,0.29
29135.3,0.29
29137.6,0.27
29140.2,0.24
29142.8,0.24
29145.5,0.23
29148.1,0.24
29150.8,0.23
29153.5,0.23
29156.1,0.24
29158.8,0.23
29161.3,0.25
29164.0,0.23
29166.4,0.26
29168.8,0.26
29171.5,0.23
29174.4,0.22
29177.6,0.20
29180.8,0.20
29183.7,0.22
29186.6,0.22
29189.6,0.21
29192.6,0.21
29195.5,0.22
29198.5,0.21
29201.4,0.22
29204.1,0.23
29207.0,0.22
29209.9,0.22
29212.8,0.22
29215.9,0.20
29218.9,0.21
29221.7,0.22
29224.5,0.22
29227.2,0.23
29229.9,0.23
29232.6,0.23
29235.6,0.21
29238.7,0.20
29241.9,0.20
29245.5,0.17
29249.2,0.17
29253.1,0.16
29256.8,0.17
29260.1,0.19
29263.6,0.18
29266.7,0.20
29269.6,0.22
29272.5,0.22
29275.5,0.21
29278.6,0.20
29281.8,0.20
29285.0,0.20
29288.3,0.19
29291.8,0.18
29295.7,0.16
29299.0,0.19
29302.3,0.19
29305.9,0.17
29309.8,0.16
29313.3,0.18
29316.9,0.17
29320.3,0.18
29323.7,0.18
29327.2,0.18
29330.4,0.20
29333.7,0.19
29337.3,0.17
29341.5,0.15
29345.6,0.15
29350.1,0.14
29355.1,0.13
29360.3,0.12
29364.9,0.14
29370.1,0.12
29375.4,0.12
29376.4,0.00
29408.9,0.00
0.0,0.00
