63.2,0.25
66.1,0.22
67.1,0.00
562.6,0.00
563.6,0.37
565.2,0.39
566.8,0.39
568.2,0.45
569.6,0.45
571.0,0.45
572.3,0.48
573.6,0.48
574.9,0.48
576.1,0.52
577.4,0.48
578.6,0.52
579.8,0.52
581.0,0.52
582.3,0.48
583.5,0.52
584.8,0.48
586.1,0.48
587.5,0.45
588.8,0.48
590.2,0.45
591.5,0.48
592.8,0.48
594.2,0.45
595.5,0.48
596.9,0.45
598.3,0.45
599.6,0.48
601.0,0.45
602.4,0.45
603.7,0.48
605.1,0.45
606.4,0.48
607.8,0.45
609.2,0.45
610.5,0.48
611.9,0.45
613.2,0.48
614.5,0.48
615.8,0.48
617.1,0.48
618.4,0.48
619.7,0.48
621.0,0.48
622.3,0.48
623.6,0.48
624.9,0.48
626.1,0.52
627.4,0.48
628.7,0.48
630.0,0.48
631.3,0.48
632.6,0.48
633.9,0.48
635.2,0.48
636.6,0.45
637.9,0.48
639.2,0.48
640.5,0.48
641.9,0.45
643.2,0.48
644.6,0.45
646.0,0.45
647.3,0.48
648.7,0.45
650.1,0.45
651.5,0.45
652.9,0.45
654.2,0.48
655.6,0.45
657.0,0.45
658.3,0.48
659.6,0.48
661.0,0.45
662.4,0.45
663.7,0.48
665.0,0.48
666.4,0.45
667.7,0.48
669.1,0.45
670.4,0.48
671.7,0.48
673.1,0.45
674.4,0.48
675.8,0.45
677.1,0.48
678.4,0.48
679.7,0.48
681.1,0.45
682.4,0.48
683.8,0.45
685.1,0.48
686.5,0.45
687.9,0.45
689.4,0.42
690.8,0.45
692.2,0.45
693.7,0.42
695.1,0.45
696.5,0.45
697.9,0.45
699.3,0.45
700.7,0.45
702.0,0.48
703.4,0.45
704.7,0.48
706.1,0.45
707.4,0.48
708.8,0.45
710.1,0.48
711.5,0.45
712.8,0.48
714.2,0.45
715.6,0.45
717.0,0.45
718.4,0.45
719.9,0.42
721.3,0.45
722.8,0.42
724.3,0.42
725.9,0.39
727.4,0.42
729.0,0.39
730.4,0.45
731.8,0.45
733.1,0.48
734.4,0.48
735.6,0.52
736.9,0.48
738.2,0.48
739.5,0.48
740.9,0.45
742.2,0.48
743.5,0.48
745.0,0.42
746.4,0.45
747.9,0.42
749.5,0.39
751.0,0.42
752.5,0.42
753.8,0.48
755.2,0.45
756.5,0.48
757.9,0.45
759.3,0.45
760.8,0.42
762.2,0.45
763.7,0.42
765.2,0.42
766.7,0.42
768.1,0.45
769.6,0.42
771.1,0.42
772.5,0.45
774.0,0.42
775.5,0.42
776.9,0.45
778.4,0.42
779.8,0.45
781.3,0.42
782.7,0.45
784.2,0.42
785.6,0.45
787.1,0.42
788.5,0.45
790.0,0.42
791.4,0.45
792.8,0.45
794.2,0.45
795.6,0.45
797.0,0.45
798.5,0.42
799.9,0.45
801.4,0.42
802.9,0.42
804.3,0.45
805.8,0.42
807.3,0.42
808.8,0.42
810.3,0.42
811.8,0.42
813.2,0.45
814.7,0.42
816.2,0.42
817.7,0.42
819.1,0.45
820.5,0.45
821.9,0.45
823.2,0.48
824.5,0.48
825.8,0.48
827.1,0.48
828.4,0.48
829.7,0.48
831.0,0.48
832.3,0.48
833.6,0.48
834.9,0.48
836.2,0.48
837.5,0.48
838.9,0.45
840.2,0.48
841.5,0.48
842.9,0.45
844.2,0.48
845.5,0.48
846.9,0.45
848.2,0.48
849.6,0.45
850.9,0.48
852.3,0.45
853.7,0.45
855.1,0.45
856.5,0.45
857.9,0.45
859.3,0.45
860.7,0.45
862.1,0.45
863.5,0.45
864.9,0.45
866.2,0.48
867.6,0.45
869.0,0.45
870.4,0.45
871.8,0.45
873.2,0.45
874.6,0.45
876.0,0.45
877.5,0.42
878.9,0.45
880.4,0.42
881.8,0.45
883.3,0.42
884.8,0.42
886.3,0.42
887.7,0.45
889.2,0.42
890.7,0.42
892.1,0.45
893.6,0.42
895.0,0.45
896.3,0.48
897.6,0.48
898.9,0.48
900.2,0.48
901.4,0.52
902.6,0.52
903.8,0.52
905.0,0.52
906.2,0.52
907.4,0.52
908.7,0.48
909.9,0.52
911.2,0.48
912.4,0.52
913.7,0.48
914.9,0.52
916.2,0.48
917.5,0.48
918.7,0.52
919.9,0.52
921.1,0.52
922.4,0.48
923.6,0.52
924.8,0.52
926.1,0.48
927.4,0.48
928.6,0.52
930.0,0.45
931.2,0.52
932.5,0.48
933.8,0.48
935.1,0.48
936.3,0.52
937.6,0.48
938.8,0.52
940.1,0.48
941.3,0.52
942.6,0.48
943.9,0.48
945.2,0.48
946.5,0.48
947.7,0.52
949.0,0.48
950.3,0.48
951.6,0.48
952.9,0.48
954.2,0.48
955.5,0.48
956.8,0.48
958.1,0.48
959.4,0.48
960.7,0.48
962.0,0.48
963.3,0.48
964.6,0.48
965.9,0.48
967.3,0.45
968.6,0.48
969.9,0.48
971.2,0.48
972.5,0.48
973.8,0.48
975.1,0.48
976.4,0.48
977.6,0.52
978.9,0.48
980.2,0.48
981.4,0.52
982.7,0.48
983.9,0.52
985.2,0.48
986.4,0.52
987.7,0.48
989.0,0.48
990.3,0.48
991.6,0.48
993.0,0.45
994.3,0.48
995.6,0.48
997.0,0.45
998.3,0.48
999.6,0.48
1000.9,0.48
1002.2,0.48
1003.5,0.48
1004.8,0.48
1006.1,0.48
1007.4,0.48
1008.6,0.52
1009.9,0.48
1011.2,0.48
1012.5,0.48
1013.8,0.48
1015.0,0.52
1016.3,0.48
1017.6,0.48
1018.9,0.48
1020.1,0.52
1021.4,0.48
1022.7,0.48
1023.9,0.52
1025.2,0.48
1026.5,0.48
1027.9,0.45
1029.3,0.45
1030.7,0.45
1032.2,0.42
1033.6,0.45
1035.1,0.42
1036.6,0.42
1038.1,0.42
1039.5,0.45
1040.9,0.45
1042.3,0.45
1043.6,0.48
1044.9,0.48
1046.2,0.48
1047.5,0.48
1048.8,0.48
1050.2,0.45
1051.6,0.45
1053.0,0.45
1054.4,0.45
1055.9,0.42
1057.3,0.45
1058.7,0.45
1060.1,0.45
1061.5,0.45
1062.9,0.45
1064.3,0.45
1065.7,0.45
1067.0,0.48
1068.4,0.45
1069.8,0.45
1071.2,0.45
1072.5,0.48
1073.8,0.48
1075.2,0.45
1076.5,0.48
1077.7,0.52
1079.0,0.48
1080.3,0.48
1081.6,0.48
1082.9,0.48
1084.2,0.48
1085.4,0.52
1086.7,0.48
1088.0,0.48
1089.3,0.48
1090.6,0.48
1091.8,0.52
1093.1,0.48
1094.4,0.48
1095.6,0.52
1096.9,0.48
1098.2,0.48
1099.4,0.52
1100.8,0.45
1102.1,0.48
1103.4,0.48
1104.8,0.45
1106.1,0.48
1107.5,0.45
1108.9,0.45
1110.3,0.45
1111.7,0.45
1113.0,0.48
1114.4,0.45
1115.7,0.48
1117.0,0.48
1118.3,0.48
1119.6,0.48
1120.8,0.52
1122.1,0.48
1123.4,0.48
1124.8,0.45
1126.1,0.48
1127.4,0.48
1128.7,0.48
1130.0,0.48
1131.3,0.48
1132.6,0.48
1133.9,0.48
1135.2,0.48
1136.5,0.48
1137.7,0.52
1139.0,0.48
1140.2,0.52
1141.5,0.48
1142.8,0.48
1144.1,0.48
1145.4,0.48
1146.8,0.45
1148.1,0.48
1149.5,0.45
1150.8,0.48
1152.1,0.48
1153.4,0.48
1154.7,0.48
1156.0,0.48
1157.3,0.48
1158.6,0.48
1159.9,0.48
1161.1,0.52
1162.4,0.48
1163.7,0.48
1165.0,0.48
1166.3,0.48
1167.7,0.45
1169.0,0.48
1170.4,0.45
1171.8,0.45
1173.1,0.48
1174.4,0.48
1175.8,0.45
1177.1,0.48
1178.4,0.48
1179.8,0.45
1181.2,0.45
1182.5,0.48
1183.9,0.45
1185.3,0.45
1186.7,0.45
1188.0,0.48
1189.4,0.45
1190.8,0.45
1192.1,0.48
1193.5,0.45
1194.8,0.48
1196.1,0.48
1197.4,0.48
1198.7,0.48
1200.0,0.48
1201.4,0.45
1202.7,0.48
1203.9,0.52
1205.2,0.48
1206.4,0.52
1207.7,0.48
1209.0,0.48
1210.2,0.52
1211.6,0.45
1212.9,0.48
1214.2,0.48
1215.5,0.48
1216.8,0.48
1218.1,0.48
1219.5,0.45
1220.8,0.48
1222.1,0.48
1223.4,0.48
1224.8,0.45
1226.1,0.48
1227.4,0.48
1228.7,0.48
1230.0,0.48
1231.3,0.48
1232.6,0.48
1234.0,0.45
1235.3,0.48
1236.6,0.48
1237.9,0.48
1239.2,0.48
1240.5,0.48
1241.8,0.48
1243.2,0.45
1244.6,0.45
1245.9,0.48
1247.3,0.45
1248.6,0.48
1250.0,0.45
1251.5,0.42
1252.9,0.45
1254.3,0.45
1255.7,0.45
1257.1,0.45
1258.6,0.42
1260.0,0.45
1261.4,0.45
1262.9,0.42
1264.3,0.45
1265.8,0.42
1267.3,0.42
1268.8,0.42
1270.4,0.39
1271.9,0.42
1273.5,0.39
1275.0,0.42
1276.6,0.39
1278.2,0.39
1279.7,0.42
1281.1,0.45
1282.6,0.42
1284.1,0.42
1285.5,0.45
1287.0,0.42
1288.4,0.45
1289.9,0.42
1291.3,0.45
1292.8,0.42
1294.3,0.42
1295.8,0.42
1297.3,0.42
1298.8,0.42
1300.2,0.45
1301.6,0.45
1303.1,0.42
1304.6,0.42
1306.1,0.42
1307.5,0.45
1309.1,0.39
1310.5,0.45
1312.0,0.42
1313.5,0.42
1315.0,0.42
1316.5,0.42
1318.0,0.42
1319.5,0.42
1321.0,0.42
1322.5,0.42
1324.0,0.42
1325.5,0.42
1327.0,0.42
1328.4,0.45
1329.9,0.42
1331.4,0.42
1332.9,0.42
1334.5,0.39
1335.9,0.45
1337.4,0.42
1338.8,0.45
1340.2,0.45
1341.7,0.42
1343.2,0.42
1344.6,0.45
1346.1,0.42
1347.5,0.45
1349.0,0.42
1350.5,0.42
1351.9,0.45
1353.4,0.42
1354.9,0.42
1356.5,0.39
1358.0,0.42
1359.4,0.45
1360.9,0.42
1362.4,0.42
1363.9,0.42
1365.4,0.42
1366.9,0.42
1368.4,0.42
1370.0,0.39
1371.5,0.42
1373.0,0.42
1374.5,0.42
1376.0,0.42
1377.4,0.45
1378.8,0.45
1380.2,0.45
1381.5,0.48
1382.8,0.48
1384.1,0.48
1385.4,0.48
1386.7,0.48
1388.1,0.45
1389.4,0.48
1390.8,0.45
1392.1,0.48
1393.5,0.45
1394.8,0.48
1396.1,0.48
1397.5,0.45
1398.8,0.48
1400.1,0.48
1401.4,0.48
1402.7,0.48
1404.0,0.48
1405.3,0.48
1406.6,0.48
1407.9,0.48
1409.2,0.48
1410.6,0.45
1411.9,0.48
1413.2,0.48
1414.6,0.45
1416.0,0.45
1417.4,0.45
1418.8,0.45
1420.1,0.48
1421.5,0.45
1422.9,0.45
1424.2,0.48
1425.6,0.45
1426.9,0.48
1428.3,0.45
1429.6,0.48
1430.9,0.48
1432.3,0.45
1433.6,0.48
1434.9,0.48
1436.2,0.48
1437.6,0.45
1438.9,0.48
1440.2,0.48
1441.6,0.45
1442.9,0.48
1444.2,0.48
1445.6,0.45
1446.9,0.48
1448.2,0.48
1449.5,0.48
1450.8,0.48
1452.1,0.48
1453.5,0.45
1454.8,0.48
1456.1,0.48
1457.5,0.45
1458.8,0.48
1460.1,0.48
1461.4,0.48
1462.7,0.48
1464.0,0.48
1465.3,0.48
1466.7,0.45
1468.0,0.48
1469.3,0.48
1470.7,0.45
1472.0,0.48
1473.3,0.48
1474.7,0.45
1476.0,0.48
1477.3,0.48
1478.6,0.48
1479.9,0.48
1481.2,0.48
1482.6,0.45
1483.9,0.48
1485.2,0.48
1486.6,0.45
1487.9,0.48
1489.2,0.48
1490.6,0.45
1491.9,0.48
1493.2,0.48
1494.5,0.48
1495.8,0.48
1497.0,0.52
1498.3,0.48
1499.6,0.48
1500.9,0.48
1502.3,0.45
1503.8,0.42
1505.4,0.39
1507.0,0.39
1508.6,0.39
1510.2,0.39
1511.7,0.42
1513.3,0.39
1514.8,0.42
1516.3,0.42
1517.7,0.45
1519.1,0.45
1520.6,0.42
1522.1,0.42
1523.6,0.42
1525.0,0.45
1526.5,0.42
1528.0,0.42
1529.5,0.42
1530.9,0.45
1532.4,0.42
1533.9,0.42
1535.3,0.45
1536.8,0.42
1538.2,0.45
1539.6,0.45
1541.0,0.45
1542.4,0.45
1543.8,0.45
1545.2,0.45
1546.6,0.45
1548.0,0.45
1549.4,0.45
1550.8,0.45
1552.2,0.45
1553.6,0.45
1555.0,0.45
1556.4,0.45
1557.8,0.45
1559.2,0.45
1560.7,0.42
1562.1,0.45
1563.5,0.45
1565.0,0.42
1566.5,0.42
1568.0,0.42
1569.5,0.42
1571.1,0.39
1572.7,0.39
1574.3,0.39
1576.0,0.37
1577.7,0.37
1579.3,0.39
1581.0,0.37
1582.7,0.37
1584.3,0.39
1585.9,0.39
1587.4,0.42
1588.8,0.45
1590.2,0.45
1591.7,0.42
1593.1,0.45
1594.5,0.45
1596.0,0.42
1597.4,0.45
1598.8,0.45
1600.2,0.45
1601.6,0.45
1603.0,0.45
1604.4,0.45
1605.8,0.45
1607.2,0.45
1608.6,0.45
1610.1,0.42
1611.5,0.45
1612.9,0.45
1614.4,0.42
1615.8,0.45
1617.2,0.45
1618.6,0.45
1620.1,0.42
1621.5,0.45
1623.0,0.42
1624.5,0.42
1626.0,0.42
1627.5,0.42
1628.9,0.45
1630.4,0.42
1631.8,0.45
1633.2,0.45
1634.7,0.42
1636.1,0.45
1637.5,0.45
1639.0,0.42
1640.5,0.42
1642.0,0.42
1643.5,0.42
1645.0,0.42
1646.5,0.42
1647.9,0.45
1649.4,0.42
1650.9,0.42
1652.3,0.45
1653.8,0.42
1655.2,0.45
1656.6,0.45
1658.0,0.45
1659.4,0.45
1660.8,0.45
1662.3,0.42
1663.7,0.45
1665.2,0.42
1666.6,0.45
1668.0,0.45
1669.4,0.45
1670.8,0.45
1672.3,0.42
1673.7,0.45
1675.2,0.42
1676.6,0.45
1678.0,0.45
1679.5,0.42
1680.9,0.45
1682.3,0.45
1683.8,0.42
1685.2,0.45
1686.6,0.45
1688.0,0.45
1689.4,0.45
1690.9,0.42
1692.3,0.45
1693.7,0.45
1695.2,0.42
1696.6,0.45
1698.0,0.45
1699.3,0.48
1700.7,0.45
1702.0,0.48
1703.3,0.48
1704.6,0.48
1706.1,0.42
1707.5,0.45
1709.0,0.42
1710.5,0.42
1712.0,0.42
1713.4,0.45
1714.8,0.45
1716.2,0.45
1717.5,0.48
1718.8,0.48
1720.1,0.48
1721.5,0.45
1722.9,0.45
1724.3,0.45
1725.7,0.45
1727.1,0.45
1728.6,0.42
1730.0,0.45
1731.4,0.45
1732.8,0.45
1734.2,0.45
1735.6,0.45
1737.1,0.42
1738.5,0.45
1739.9,0.45
1741.3,0.45
1742.7,0.45
1744.2,0.42
1745.6,0.45
1747.0,0.45
1748.4,0.45
1749.8,0.45
1751.1,0.48
1752.5,0.45
1753.9,0.45
1755.3,0.45
1756.7,0.45
1758.1,0.45
1759.5,0.45
1761.0,0.42
1762.4,0.45
1763.8,0.45
1765.2,0.45
1766.7,0.42
1768.2,0.42
1769.7,0.42
1771.1,0.45
1772.6,0.42
1773.9,0.48
1775.2,0.48
1776.5,0.48
1777.8,0.48
1779.1,0.48
1780.4,0.48
1781.7,0.48
1783.1,0.45
1784.5,0.45
1785.9,0.45
1787.3,0.45
1788.8,0.42
1790.3,0.42
1791.8,0.42
1793.4,0.39
1795.0,0.39
1796.5,0.42
1798.1,0.39
0.0,0.00
