2678.0,0.30
2679.9,0.33
2681.7,0.35
2683.3,0.39
2684.9,0.39
2686.4,0.42
2687.9,0.42
2689.4,0.42
2690.9,0.42
2692.4,0.42
2693.9,0.42
2695.5,0.39
2697.5,0.31
2700.1,0.24
2703.4,0.19
2708.0,0.14
2724.1,0.12
2727.4,0.19
2728.4,0.00
3322.0,0.00
3323.0,0.30
3324.8,0.35
3326.5,0.37
3328.0,0.42
3329.6,0.39
3331.1,0.42
3332.7,0.39
3334.2,0.42
3335.7,0.42
3337.2,0.42
3338.7,0.42
3340.1,0.45
3341.6,0.42
3343.1,0.42
3344.6,0.42
3346.1,0.42
3347.6,0.42
3349.0,0.45
3350.4,0.45
3351.8,0.45
3353.3,0.42
3354.7,0.45
3356.1,0.45
3357.5,0.45
3358.9,0.45
3360.2,0.48
3361.6,0.45
3363.0,0.45
3364.4,0.45
3365.8,0.45
3367.2,0.45
3368.6,0.45
3370.0,0.45
3371.5,0.42
3372.9,0.45
3374.4,0.42
3375.8,0.45
3377.3,0.42
3378.7,0.45
3380.1,0.45
3381.5,0.45
3382.9,0.45
3384.4,0.42
3385.8,0.45
3387.3,0.42
3388.8,0.42
3390.2,0.45
3391.7,0.42
3393.1,0.45
3394.6,0.42
3396.0,0.45
3397.5,0.42
3398.9,0.45
3400.4,0.42
3401.8,0.45
3403.3,0.42
3404.7,0.45
3406.2,0.42
3407.6,0.45
3409.1,0.42
3410.5,0.45
3412.0,0.42
3413.4,0.45
3414.9,0.42
3416.3,0.45
3417.8,0.42
3419.2,0.45
3420.6,0.45
3422.0,0.45
3423.4,0.45
3424.8,0.45
3426.3,0.42
3427.7,0.45
3429.2,0.42
3430.6,0.45
3432.0,0.45
3433.4,0.45
3434.8,0.45
3436.2,0.45
3437.6,0.45
3439.0,0.45
3440.4,0.45
3441.7,0.48
3443.1,0.45
3444.5,0.45
3445.8,0.48
3447.3,0.42
3448.7,0.45
3450.2,0.42
3451.6,0.45
3453.1,0.42
3454.5,0.45
3455.9,0.45
3457.3,0.45
3458.7,0.45
3460.1,0.45
3461.4,0.48
3462.8,0.45
3464.2,0.45
3465.7,0.42
3467.1,0.45
3468.5,0.45
3469.9,0.45
3471.3,0.45
3472.7,0.45
3474.1,0.45
3475.5,0.45
3476.9,0.45
3478.2,0.48
3479.6,0.45
3481.0,0.45
3482.4,0.45
3483.8,0.45
3485.2,0.45
3486.6,0.45
3488.0,0.45
3489.4,0.45
3490.8,0.45
3492.1,0.48
3493.5,0.45
3494.9,0.45
3496.2,0.48
3497.6,0.45
3498.9,0.48
3500.2,0.48
3501.6,0.45
3502.9,0.48
3504.2,0.48
3505.6,0.45
3506.9,0.48
3508.2,0.48
3509.6,0.45
3510.9,0.48
3512.2,0.48
3513.6,0.45
3515.0,0.45
3516.4,0.45
3517.8,0.45
3519.2,0.45
3520.6,0.45
3522.0,0.45
3523.4,0.45
3524.8,0.45
3526.2,0.45
3527.5,0.48
3528.8,0.48
3530.2,0.45
3531.5,0.48
3532.9,0.45
3534.2,0.48
3535.6,0.45
3536.9,0.48
3538.3,0.45
3539.6,0.48
3540.9,0.48
3542.3,0.45
3543.6,0.48
3545.0,0.45
3546.3,0.48
3547.7,0.45
3549.0,0.48
3550.4,0.45
3551.7,0.48
3553.1,0.45
3554.4,0.48
3555.7,0.48
3557.1,0.45
3558.4,0.48
3559.8,0.45
3561.2,0.45
3562.7,0.42
3564.1,0.45
3565.4,0.48
3566.8,0.45
3568.2,0.45
3569.5,0.48
3570.9,0.45
3572.3,0.45
3573.7,0.45
3575.1,0.45
3576.4,0.48
3577.8,0.45
3579.2,0.45
3580.6,0.45
3581.9,0.48
3583.3,0.45
3584.7,0.45
3586.0,0.48
3587.4,0.45
3588.8,0.45
3590.2,0.45
3591.5,0.48
3592.9,0.45
3594.2,0.48
3595.6,0.45
3597.0,0.45
3598.3,0.48
3599.7,0.45
3601.1,0.45
3602.5,0.45
3603.9,0.45
3605.3,0.45
3606.7,0.45
3608.1,0.45
3609.5,0.45
3610.9,0.45
3612.3,0.45
3613.6,0.48
3615.1,0.42
3616.4,0.48
3617.9,0.42
3619.3,0.45
3620.7,0.45
3622.2,0.42
3623.6,0.45
3625.0,0.45
3626.4,0.45
3627.8,0.45
3629.2,0.45
3630.6,0.45
3632.0,0.45
3633.4,0.45
3634.8,0.45
3636.2,0.45
3637.6,0.45
3639.0,0.45
3640.4,0.45
3641.8,0.45
3643.2,0.45
3644.6,0.45
3646.0,0.45
3647.4,0.45
3648.9,0.42
3650.3,0.45
3651.7,0.45
3653.1,0.45
3654.6,0.42
3656.0,0.45
3657.4,0.45
3658.9,0.42
3660.3,0.45
3661.7,0.45
3663.1,0.45
3664.5,0.45
3665.9,0.45
3667.4,0.42
3668.9,0.42
3670.3,0.45
3671.8,0.42
3673.3,0.42
3674.8,0.42
3676.2,0.45
3677.7,0.42
3679.1,0.45
3680.5,0.45
3682.0,0.42
3683.4,0.45
3684.9,0.42
3686.4,0.42
3687.9,0.42
3689.5,0.39
3691.0,0.42
3692.5,0.42
3694.0,0.42
3695.4,0.45
3697.0,0.39
3698.6,0.39
3700.2,0.39
3701.8,0.39
3703.4,0.39
3705.1,0.37
3706.7,0.39
3708.4,0.37
3710.0,0.39
3711.6,0.39
3713.3,0.37
3714.9,0.39
3716.4,0.42
3718.0,0.39
3719.5,0.42
3721.1,0.39
3722.8,0.37
3724.4,0.39
3726.1,0.37
3727.8,0.37
3729.6,0.35
3731.3,0.37
3733.0,0.37
3734.7,0.37
3736.4,0.37
3738.1,0.37
3739.8,0.37
3741.5,0.37
3743.2,0.37
3744.9,0.37
3746.5,0.39
3748.1,0.39
3749.7,0.39
3751.3,0.39
3752.8,0.42
3754.4,0.39
3756.0,0.39
3757.6,0.39
3759.2,0.39
3761.0,0.35
3762.7,0.37
3764.5,0.35
3766.2,0.37
3767.8,0.39
3769.4,0.39
3771.0,0.39
3772.7,0.37
3774.4,0.37
3776.2,0.35
3777.9,0.37
3779.7,0.35
3781.4,0.37
3783.2,0.35
3784.9,0.37
3786.6,0.37
3788.3,0.37
3790.2,0.33
3792.0,0.35
3793.9,0.33
3795.8,0.33
3797.7,0.33
3799.5,0.35
3801.4,0.33
3803.2,0.35
3805.1,0.33
3806.9,0.35
3808.8,0.33
3810.8,0.31
3812.7,0.33
3814.6,0.33
3816.5,0.33
3818.2,0.37
3820.0,0.35
3821.7,0.37
3823.4,0.37
3825.1,0.37
3826.8,0.37
3828.6,0.35
3830.3,0.37
3832.0,0.37
3833.8,0.35
3835.5,0.37
3837.3,0.35
3839.1,0.35
3840.8,0.37
3842.6,0.35
3844.4,0.35
3846.1,0.37
3847.9,0.35
3849.6,0.37
3851.4,0.35
3853.2,0.35
3855.0,0.35
3856.9,0.33
3858.7,0.35
3860.7,0.31
3862.6,0.33
3864.5,0.33
3866.4,0.33
3868.3,0.33
3870.2,0.33
3872.0,0.35
3873.9,0.33
3875.8,0.33
3877.7,0.33
3879.7,0.31
3881.6,0.33
3883.6,0.31
3885.5,0.33
3887.4,0.33
3889.2,0.35
3891.1,0.33
3892.9,0.35
3894.8,0.33
3896.7,0.33
3898.5,0.35
3900.4,0.33
3902.4,0.31
3904.3,0.33
3906.2,0.33
3908.2,0.31
3910.1,0.33
3912.0,0.33
3913.9,0.33
3915.8,0.33
3917.7,0.33
3919.6,0.33
3921.5,0.33
3923.4,0.33
3925.3,0.33
3927.2,0.33
3929.2,0.31
3931.2,0.31
3933.2,0.31
3935.1,0.33
3936.9,0.35
3938.8,0.33
3940.7,0.33
3942.5,0.35
3944.4,0.33
3946.3,0.33
3948.1,0.35
3950.0,0.33
3951.8,0.35
3953.6,0.35
3955.4,0.35
3957.2,0.35
3959.0,0.35
3960.6,0.39
3962.3,0.37
3963.9,0.39
3965.6,0.37
3967.4,0.35
3969.1,0.37
3970.8,0.37
3972.4,0.39
3974.1,0.37
3975.8,0.37
3977.5,0.37
3979.1,0.39
3980.8,0.37
3982.5,0.37
3984.2,0.37
3985.9,0.37
3987.6,0.37
3989.3,0.37
3990.9,0.39
3992.6,0.37
3994.3,0.37
3996.0,0.37
3997.7,0.37
3999.4,0.37
4001.2,0.35
4003.0,0.35
4004.8,0.35
4006.6,0.35
4008.4,0.35
4010.3,0.33
4012.1,0.35
4013.9,0.35
4015.7,0.35
4017.4,0.37
4019.2,0.35
4020.9,0.37
4022.6,0.37
4024.3,0.37
4026.1,0.35
4027.9,0.35
4029.8,0.33
4031.8,0.31
4033.8,0.31
4035.9,0.30
4038.2,0.27
4040.4,0.29
4042.7,0.27
4045.0,0.27
4047.3,0.27
4049.6,0.27
4051.9,0.27
4054.1,0.29
4056.2,0.30
4058.3,0.30
4060.4,0.30
4062.4,0.31
4064.5,0.30
4066.5,0.31
4068.4,0.33
4070.4,0.31
4072.3,0.33
4074.2,0.33
4076.1,0.33
4078.0,0.33
4079.8,0.35
4081.8,0.31
4083.8,0.31
4085.8,0.31
4087.9,0.30
4089.8,0.33
4091.6,0.35
4093.4,0.35
4095.3,0.33
4097.2,0.33
4099.3,0.30
4101.4,0.30
4103.5,0.30
4105.6,0.30
4107.7,0.30
4110.0,0.27
4112.2,0.29
4114.3,0.30
4116.4,0.30
4118.4,0.31
4120.5,0.30
4122.5,0.31
4124.6,0.30
4126.7,0.30
4128.7,0.31
4130.6,0.33
4132.5,0.33
4134.5,0.31
4136.4,0.33
4138.5,0.30
4140.5,0.31
4142.5,0.31
4144.7,0.29
4146.8,0.30
4148.9,0.30
4150.9,0.31
4152.9,0.31
4154.8,0.33
4156.8,0.31
4158.7,0.33
4160.7,0.31
4162.7,0.31
4164.7,0.31
4166.7,0.31
4168.6,0.33
4170.4,0.35
4172.4,0.31
4174.3,0.33
4176.4,0.30
4178.4,0.31
4180.5,0.30
4182.6,0.30
4184.7,0.30
4186.8,0.30
4188.8,0.31
4190.8,0.31
4192.8,0.31
4194.9,0.30
4197.0,0.30
4199.1,0.30
4201.2,0.30
4203.3,0.30
4205.5,0.29
4207.6,0.30
4209.8,0.29
4211.9,0.30
4214.0,0.30
4216.0,0.31
4218.1,0.30
4220.1,0.31
4222.2,0.30
4224.2,0.31
4226.3,0.30
4228.4,0.30
4230.6,0.29
4232.6,0.31
4234.7,0.30
4236.7,0.31
4238.6,0.33
4240.6,0.31
4242.7,0.30
4244.7,0.31
4246.8,0.30
4248.8,0.31
4250.9,0.30
4253.0,0.30
4255.1,0.30
4257.2,0.30
4259.5,0.27
4261.7,0.29
4263.9,0.29
4266.1,0.29
4268.3,0.29
4270.4,0.30
4272.5,0.30
4274.6,0.30
4276.8,0.29
4279.0,0.29
4281.1,0.30
4283.1,0.31
4285.1,0.31
4287.2,0.30
4289.4,0.29
4291.5,0.30
4293.6,0.30
4295.6,0.31
4297.7,0.30
4299.6,0.33
4301.6,0.31
4303.5,0.33
4305.4,0.33
4307.4,0.31
4309.4,0.31
4311.4,0.31
4313.5,0.30
4315.5,0.31
4317.5,0.31
4319.5,0.31
4321.5,0.31
4323.5,0.31
4325.5,0.31
4327.5,0.31
4329.5,0.31
4331.5,0.31
4333.6,0.30
4335.7,0.30
4337.8,0.30
4340.0,0.29
4342.2,0.29
4344.4,0.29
4346.6,0.29
4348.8,0.29
4351.0,0.29
4353.2,0.29
4355.4,0.29
4357.5,0.30
4359.6,0.30
4361.7,0.30
4363.8,0.30
4365.9,0.30
4367.9,0.31
4370.0,0.30
4372.1,0.30
4374.3,0.29
4376.4,0.30
4378.6,0.29
4380.8,0.29
4382.9,0.30
4384.9,0.31
4386.9,0.31
4389.0,0.30
4391.1,0.30
4393.1,0.31
4395.2,0.30
4397.3,0.30
4399.4,0.30
4401.6,0.29
4403.8,0.29
4406.0,0.29
4408.2,0.29
4410.6,0.26
4413.0,0.26
4415.2,0.29
4417.4,0.29
4419.6,0.29
4421.9,0.27
4424.2,0.27
4426.6,0.26
4429.0,0.26
4431.4,0.26
4434.0,0.24
4436.6,0.24
4439.3,0.23
4442.0,0.23
4444.6,0.24
4447.1,0.25
4449.5,0.26
4452.1,0.24
4454.6,0.25
4457.0,0.26
4459.3,0.27
4461.6,0.27
4463.9,0.27
4466.4,0.25
4468.7,0.27
4470.9,0.29
4473.1,0.29
4475.4,0.27
4477.7,0.27
4480.0,0.27
4482.3,0.27
4484.6,0.27
4486.9,0.27
4489.3,0.26
4491.7,0.26
4493.9,0.29
4496.1,0.29
4498.5,0.26
4500.9,0.26
4503.3,0.26
4505.7,0.26
4508.1,0.26
4510.3,0.29
4512.6,0.27
4514.8,0.29
4517.1,0.27
4519.3,0.29
4521.6,0.27
4523.8,0.29
4526.0,0.29
4528.1,0.30
4530.4,0.27
4532.6,0.29
4534.7,0.30
4536.9,0.29
4539.1,0.29
4541.3,0.29
4543.5,0.29
4545.7,0.29
4547.8,0.30
4549.9,0.30
4552.0,0.30
4554.0,0.31
4556.2,0.29
4558.5,0.27
4560.8,0.27
4563.2,0.26
4565.7,0.25
4568.2,0.25
4570.5,0.27
4572.9,0.26
4575.2,0.27
4577.5,0.27
4579.8,0.27
4582.2,0.26
4584.7,0.25
4587.0,0.27
4589.4,0.26
4591.7,0.27
4594.1,0.26
4596.7,0.24
4599.4,0.23
4602.0,0.24
4604.5,0.25
4607.3,0.22
4610.1,0.22
4612.8,0.23
4615.3,0.25
4617.7,0.26
4620.0,0.27
4622.3,0.27
4624.6,0.27
4627.0,0.26
4629.3,0.27
4631.7,0.26
4634.1,0.26
4636.5,0.26
4639.0,0.25
4641.4,0.26
4643.9,0.25
4646.5,0.24
4649.4,0.22
4652.2,0.22
4654.8,0.24
4657.4,0.24
4659.9,0.25
4662.3,0.26
4664.8,0.25
4667.2,0.26
4669.8,0.24
4672.4,0.24
4674.9,0.25
4677.4,0.25
4679.9,0.25
4682.3,0.26
4684.8,0.25
4687.4,0.24
4690.3,0.22
4693.0,0.23
4695.5,0.25
4697.9,0.26
4700.5,0.24
4703.0,0.25
4705.7,0.23
4708.6,0.22
4711.6,0.21
4714.6,0.21
4717.5,0.22
4720.2,0.23
4722.7,0.25
4725.1,0.26
4727.4,0.27
4729.6,0.29
4731.8,0.29
4733.9,0.30
4736.0,0.30
4738.1,0.30
4740.2,0.30
4742.4,0.29
4744.5,0.30
4746.6,0.30
4748.8,0.29
4750.9,0.30
4753.0,0.30
4755.1,0.30
4757.2,0.30
4759.3,0.30
4761.4,0.30
4763.6,0.29
4765.8,0.29
4768.0,0.29
4770.3,0.27
4772.6,0.27
4774.8,0.29
4777.0,0.29
4779.2,0.29
4781.3,0.30
4783.5,0.29
4785.7,0.29
4787.9,0.29
4790.2,0.27
4792.4,0.29
4794.6,0.29
4796.8,0.29
4799.2,0.26
4801.6,0.26
4804.0,0.26
4806.4,0.26
4808.6,0.29
4810.8,0.29
4812.9,0.30
4815.1,0.29
4817.4,0.27
4819.8,0.26
4822.2,0.26
4824.5,0.27
4826.8,0.27
4829.2,0.26
4831.6,0.26
4834.1,0.25
4836.4,0.27
4838.8,0.26
4841.1,0.27
4843.4,0.27
4845.7,0.27
4848.0,0.27
4850.2,0.29
4852.6,0.26
4854.9,0.27
4857.3,0.26
4859.8,0.25
4862.3,0.25
4864.7,0.26
4867.1,0.26
4869.7,0.24
4872.4,0.23
4875.0,0.24
4877.6,0.24
4880.2,0.24
4882.8,0.24
4885.2,0.26
4887.7,0.25
4890.1,0.26
4892.5,0.26
4894.9,0.26
4897.3,0.26
4899.7,0.26
4902.2,0.25
4904.6,0.26
4907.3,0.23
4909.8,0.25
4912.3,0.25
4914.8,0.25
4917.2,0.26
4919.7,0.25
4922.2,0.25
4924.8,0.24
4927.4,0.24
4929.9,0.25
4932.4,0.25
4934.8,0.26
4937.1,0.27
4939.5,0.26
4941.9,0.26
4944.4,0.25
4947.0,0.24
4949.4,0.26
4951.8,0.26
4954.2,0.26
4956.8,0.24
4959.2,0.26
4961.6,0.26
4964.0,0.26
4966.3,0.27
4968.6,0.27
4970.9,0.27
4973.3,0.26
4975.7,0.26
4978.2,0.25
4980.9,0.23
4983.6,0.23
4986.4,0.22
4989.0,0.24
4991.6,0.24
4994.4,0.22
4997.3,0.22
5000.2,0.22
5003.0,0.22
5005.8,0.22
5008.5,0.23
5011.3,0.22
5014.0,0.23
5016.6,0.24
5019.1,0.25
5021.6,0.25
5024.3,0.23
5026.9,0.24
5029.6,0.23
5032.4,0.22
5035.3,0.22
5038.1,0.22
5040.8,0.23
5043.5,0.23
5046.2,0.23
5048.9,0.23
5051.7,0.22
5054.4,0.23
5057.1,0.23
5059.6,0.25
5062.1,0.25
5064.6,0.25
5067.1,0.25
5069.6,0.25
5072.1,0.25
5074.5,0.26
5077.0,0.25
5079.5,0.25
5082.0,0.25
5084.5,0.25
5087.1,0.24
5089.6,0.25
5092.1,0.25
5094.4,0.27
5096.8,0.26
5099.2,0.26
5101.7,0.25
5104.1,0.26
5106.5,0.26
5109.0,0.25
5111.6,0.24
5114.2,0.24
5116.8,0.24
5119.3,0.25
5121.9,0.24
5124.4,0.25
5126.9,0.25
5129.3,0.26
5131.8,0.25
5134.2,0.26
5136.9,0.23
5139.8,0.22
5142.8,0.21
5145.7,0.22
5148.6,0.22
5151.6,0.21
5154.8,0.20
5157.9,0.20
5160.8,0.22
5163.5,0.23
5166.4,0.22
5169.5,0.20
5172.6,0.20
5175.4,0.22
5178.3,0.22
5181.1,0.22
5183.9,0.22
5186.6,0.23
5189.3,0.23
5192.2,0.22
5195.1,0.22
5198.2,0.20
5201.1,0.22
5204.0,0.22
5207.1,0.20
5210.0,0.22
5212.7,0.23
5215.3,0.24
5217.8,0.25
5220.4,0.24
5223.3,0.22
5226.2,0.22
5229.1,0.22
5232.0,0.22
5234.8,0.22
5237.4,0.24
5239.9,0.25
5242.4,0.25
5244.9,0.25
5247.7,0.22
5250.5,0.22
5253.2,0.23
5256.0,0.22
5258.8,0.22
5261.5,0.23
5264.1,0.24
5266.5,0.26
5269.0,0.25
5271.2,0.29
5273.3,0.30
5275.3,0.31
5277.3,0.31
5279.3,0.31
5281.6,0.27
5284.4,0.22
5287.2,0.22
5290.1,0.22
5293.1,0.21
5296.1,0.21
5298.8,0.23
5301.4,0.24
5303.8,0.26
5306.2,0.26
5308.8,0.24
5311.4,0.24
5313.9,0.25
5316.4,0.25
5318.9,0.25
5321.3,0.26
5323.8,0.25
5326.3,0.25
5328.7,0.26
5331.0,0.27
5333.3,0.27
5335.7,0.26
5338.0,0.27
5340.1,0.30
5342.1,0.31
5344.1,0.31
5346.1,0.31
5348.2,0.30
5350.4,0.29
5352.9,0.25
5355.8,0.22
5358.8,0.21
5361.6,0.22
5364.4,0.22
5367.4,0.21
5370.4,0.21
5373.3,0.22
5376.2,0.22
5379.1,0.22
5381.8,0.23
5384.3,0.25
5386.8,0.25
5389.2,0.26
5391.7,0.25
5394.1,0.26
5396.6,0.25
5399.2,0.24
5401.9,0.23
5404.9,0.21
5407.9,0.21
5410.8,0.22
5413.7,0.22
5416.7,0.21
5419.6,0.22
5422.7,0.20
5426.0,0.19
5429.6,0.17
5432.7,0.20
5435.4,0.23
5438.0,0.24
5440.7,0.23
5443.3,0.24
5446.1,0.22
5449.3,0.20
5452.7,0.18
5456.1,0.18
5459.4,0.19
5462.4,0.21
5465.2,0.22
5467.7,0.25
5470.2,0.25
5472.7,0.25
5475.2,0.25
5477.8,0.24
5480.8,0.21
5483.7,0.22
5486.5,0.22
5489.4,0.22
5492.4,0.21
5495.3,0.22
5498.2,0.22
5501.2,0.21
5504.4,0.20
5507.5,0.20
5510.8,0.19
5513.8,0.21
5517.2,0.18
5520.7,0.18
5524.0,0.19
5527.2,0.20
5530.5,0.19
5534.0,0.18
5537.7,0.17
5541.1,0.18
5544.6,0.18
5548.3,0.17
5551.9,0.17
5555.3,0.18
5558.6,0.19
5561.6,0.21
5564.6,0.21
5567.6,0.21
5570.4,0.22
5573.1,0.23
5575.9,0.22
5578.8,0.22
5581.5,0.23
5584.1,0.24
5586.8,0.23
5589.4,0.24
5592.1,0.23
5595.1,0.21
5598.4,0.19
5601.6,0.20
5604.5,0.22
5607.2,0.23
5609.9,0.23
5612.5,0.24
5615.1,0.24
5617.3,0.29
5619.5,0.29
5621.8,0.27
5624.3,0.25
5626.7,0.26
5629.2,0.25
5631.7,0.25
5634.2,0.25
5636.8,0.24
5639.4,0.24
5642.1,0.23
5644.9,0.22
5647.6,0.23
5650.3,0.23
5653.1,0.22
5656.0,0.22
5659.0,0.21
5661.9,0.22
5664.7,0.22
5667.6,0.22
5670.4,0.22
5673.3,0.22
5676.1,0.22
5678.9,0.22
5681.6,0.23
5684.2,0.24
5686.8,0.24
5689.4,0.24
5692.1,0.23
5694.9,0.22
5697.9,0.21
5700.9,0.21
5704.0,0.20
5707.2,0.20
5710.3,0.20
5713.4,0.20
5716.6,0.20
5719.6,0.21
5722.4,0.22
5725.1,0.23
5727.6,0.25
5730.2,0.24
5732.6,0.26
5735.1,0.25
5737.5,0.26
5739.9,0.26
5742.3,0.26
5744.7,0.26
5747.1,0.26
5749.5,0.26
5752.0,0.25
5754.4,0.26
5756.8,0.26
5759.1,0.27
5761.3,0.29
5763.6,0.27
5766.0,0.26
5768.5,0.25
5770.9,0.26
5773.4,0.25
5776.0,0.24
5778.6,0.24
5781.2,0.24
5783.7,0.25
5786.2,0.25
5788.8,0.24
5791.5,0.23
5794.2,0.23
5796.9,0.23
5799.6,0.23
5802.1,0.25
5804.7,0.24
5807.3,0.24
5810.1,0.22
5812.7,0.24
5815.2,0.25
5817.7,0.25
5820.0,0.27
5822.4,0.26
5824.7,0.27
5827.2,0.25
5829.8,0.24
5832.5,0.23
5835.3,0.22
5838.2,0.22
5841.2,0.21
5843.9,0.23
5846.6,0.23
5849.2,0.24
5851.7,0.25
5854.2,0.25
5856.7,0.25
5859.1,0.26
5861.6,0.25
5864.0,0.26
5866.4,0.26
5868.9,0.25
5871.3,0.26
5873.6,0.27
5875.9,0.27
5878.2,0.27
5880.6,0.26
5883.1,0.25
5885.6,0.25
5888.2,0.24
5890.7,0.25
5893.2,0.25
5895.8,0.24
5898.3,0.25
5900.8,0.25
5903.4,0.24
5906.0,0.24
5908.6,0.24
5911.1,0.25
5913.5,0.26
5915.9,0.26
5918.4,0.25
5921.0,0.24
5923.5,0.25
5926.1,0.24
5928.7,0.24
5931.3,0.24
5933.9,0.24
5936.4,0.25
5938.9,0.25
5941.6,0.23
5944.2,0.24
5946.9,0.23
5949.4,0.25
5952.0,0.24
5954.6,0.24
5957.3,0.23
5959.9,0.24
5962.5,0.24
5965.2,0.23
5968.0,0.22
5970.8,0.22
5973.4,0.24
5976.2,0.22
5978.8,0.24
5981.3,0.25
5983.7,0.26
5986.1,0.26
5988.4,0.27
5990.9,0.25
5993.3,0.26
5995.6,0.27
5998.0,0.26
6000.5,0.25
6003.0,0.25
6005.5,0.25
6008.1,0.24
6010.7,0.24
6013.3,0.24
6015.8,0.25
6018.3,0.25
6020.8,0.25
6023.2,0.26
6025.8,0.24
6028.4,0.24
6030.9,0.25
6033.5,0.24
6036.1,0.24
6038.7,0.24
6041.2,0.25
6043.8,0.24
6046.4,0.24
6049.1,0.23
6051.7,0.24
6054.4,0.23
6057.1,0.23
6060.0,0.22
6062.9,0.22
6065.7,0.22
6068.6,0.22
6071.3,0.23
6074.0,0.23
6076.7,0.23
6079.2,0.25
6081.8,0.24
6084.3,0.25
6086.8,0.25
6089.4,0.24
6092.1,0.23
6094.9,0.22
6097.7,0.22
6100.6,0.22
6103.4,0.22
6106.2,0.22
6109.1,0.22
6111.9,0.22
6114.7,0.22
6117.5,0.22
6120.3,0.22
6123.0,0.23
6125.6,0.24
6128.3,0.23
6130.9,0.24
6133.5,0.24
6136.1,0.24
6138.7,0.24
6141.3,0.24
6144.0,0.23
6146.7,0.23
6149.4,0.23
6152.1,0.23
6155.0,0.22
6157.9,0.22
6160.8,0.22
6163.6,0.22
6166.3,0.23
6169.1,0.22
6171.8,0.23
6174.5,0.23
6177.1,0.24
6179.9,0.22
6182.7,0.22
6185.5,0.22
6188.1,0.24
6190.9,0.22
6193.8,0.22
6196.6,0.22
6199.7,0.20
6202.7,0.21
6205.8,0.20
6208.9,0.20
6212.4,0.18
6216.9,0.14
6220.9,0.16
6224.4,0.18
6227.7,0.19
6231.2,0.18
6234.9,0.17
6238.8,0.16
6243.1,0.15
6247.2,0.15
6251.1,0.16
6254.7,0.17
6257.9,0.20
6260.9,0.21
6264.0,0.20
6267.0,0.21
6269.8,0.22
6272.6,0.22
6275.5,0.22
6278.6,0.20
6281.7,0.20
6284.9,0.20
6288.1,0.20
6291.3,0.20
6294.4,0.20
6297.9,0.18
6301.8,0.16
6304.6,0.22
6307.0,0.26
6309.3,0.27
6311.5,0.29
6313.6,0.30
6315.8,0.29
6317.8,0.31
6319.8,0.31
6321.8,0.31
6323.9,0.30
6326.0,0.30
6328.3,0.27
6330.5,0.29
6332.7,0.29
6334.9,0.29
6337.1,0.29
6339.2,0.30
6341.3,0.30
6343.5,0.29
6345.6,0.30
6347.8,0.29
6350.0,0.29
6352.2,0.29
6354.5,0.27
6356.7,0.29
6359.0,0.27
6361.2,0.29
6363.5,0.27
6365.8,0.27
6368.2,0.26
6370.7,0.25
6373.2,0.25
6375.7,0.25
6378.1,0.26
6380.6,0.25
6383.0,0.26
6385.5,0.25
6388.1,0.24
6390.6,0.25
6393.1,0.25
6395.4,0.27
6397.8,0.26
6400.2,0.26
6402.6,0.26
6405.0,0.26
6407.3,0.27
6409.6,0.27
6411.9,0.27
6414.1,0.29
6416.3,0.29
6418.4,0.30
6420.4,0.31
6422.6,0.29
6424.8,0.29
6427.0,0.29
6429.3,0.27
6431.6,0.27
6433.9,0.27
6436.1,0.29
6438.4,0.27
6440.6,0.29
6442.9,0.27
6445.1,0.29
6447.5,0.26
6449.9,0.26
6452.2,0.27
6454.5,0.27
6457.0,0.25
6459.4,0.26
6461.9,0.25
6464.3,0.26
6466.9,0.24
6469.4,0.25
6472.0,0.24
6474.5,0.25
6476.9,0.26
6479.3,0.26
6481.8,0.25
6484.4,0.24
6487.0,0.24
6489.6,0.24
6492.1,0.25
6494.7,0.24
6497.2,0.25
6499.7,0.25
6502.2,0.25
6504.7,0.25
6507.3,0.24
6510.0,0.23
6512.6,0.24
6515.3,0.23
6518.0,0.23
6520.6,0.24
6523.1,0.25
6525.7,0.24
6528.3,0.24
6530.9,0.24
6533.4,0.25
6535.8,0.26
6538.2,0.26
6540.7,0.25
6543.2,0.25
6545.8,0.24
6548.4,0.24
6551.1,0.23
6553.8,0.23
6556.3,0.25
6558.9,0.24
6561.5,0.24
6564.2,0.23
6566.9,0.23
6569.7,0.22
6572.6,0.22
6575.4,0.22
6578.3,0.22
6581.0,0.23
6583.8,0.22
6586.5,0.23
6589.3,0.22
6592.1,0.22
6594.9,0.22
6597.7,0.22
6600.4,0.23
6603.2,0.22
6605.9,0.23
6608.7,0.22
6611.4,0.23
6614.1,0.23
6616.9,0.22
6619.7,0.22
6622.6,0.22
6625.4,0.22
6628.3,0.22
6631.3,0.21
6634.1,0.22
6637.1,0.21
6640.1,0.21
6643.1,0.21
6646.1,0.21
6649.0,0.22
6651.9,0.22
6654.6,0.23
6657.4,0.22
6660.2,0.22
6662.9,0.23
6665.9,0.21
6668.8,0.22
6672.0,0.20
6675.1,0.20
6678.1,0.21
6681.1,0.21
6683.9,0.22
6686.9,0.21
6689.8,0.22
6692.9,0.20
6696.0,0.20
6699.1,0.20
6702.0,0.22
6705.2,0.20
6708.3,0.20
6711.2,0.22
6713.9,0.23
6716.5,0.24
6719.3,0.22
6722.3,0.21
6725.5,0.20
6728.9,0.18
6732.2,0.19
6735.5,0.19
6738.8,0.19
6742.0,0.20
6745.3,0.19
6749.0,0.17
6752.3,0.19
6755.4,0.20
6758.5,0.20
6761.6,0.20
6764.8,0.20
6767.9,0.20
6771.0,0.20
6774.3,0.19
6777.6,0.19
6781.3,0.17
6784.8,0.18
6788.0,0.20
6791.1,0.20
6794.1,0.21
6797.3,0.20
6800.4,0.20
6803.6,0.20
6806.9,0.19
6810.2,0.19
6813.6,0.18
6817.0,0.18
6820.4,0.18
6823.7,0.19
6827.2,0.18
6830.6,0.18
6833.8,0.20
6836.9,0.20
6840.2,0.19
6843.6,0.18
6847.2,0.17
6850.6,0.18
6853.8,0.20
6856.9,0.20
6859.9,0.21
6862.8,0.22
6865.9,0.20
6869.3,0.18
6872.7,0.18
6876.0,0.19
6879.2,0.20
6882.3,0.20
6885.3,0.21
6888.4,0.20
6891.6,0.20
6895.0,0.18
6898.3,0.19
6901.5,0.20
6904.6,0.20
6907.8,0.20
6911.2,0.18
6914.6,0.18
6917.8,0.20
6921.0,0.20
6924.2,0.20
6927.3,0.20
6930.5,0.20
6933.7,0.20
6936.8,0.20
6939.8,0.21
6943.0,0.20
6946.2,0.20
6949.4,0.20
6952.5,0.20
6955.6,0.20
6958.5,0.22
6961.5,0.21
6964.4,0.22
6967.4,0.21
6970.4,0.21
6973.3,0.22
6976.1,0.22
6978.9,0.22
6981.6,0.23
6984.3,0.23
6986.9,0.24
6989.3,0.26
6991.6,0.27
6994.0,0.26
6996.3,0.27
6998.6,0.27
7000.9,0.27
7003.3,0.26
7005.6,0.27
7007.9,0.27
7010.3,0.26
7012.6,0.27
7014.8,0.29
7017.0,0.29
7019.3,0.27
7021.4,0.30
7023.4,0.31
7025.3,0.33
7027.2,0.33
7029.1,0.33
7031.0,0.33
7033.0,0.31
7035.0,0.31
7037.0,0.31
7039.0,0.31
7041.0,0.31
7043.0,0.31
7045.0,0.31
7047.1,0.30
7049.2,0.30
7051.3,0.30
7053.6,0.27
7055.8,0.29
7058.1,0.27
7060.4,0.27
7062.6,0.29
7064.9,0.27
7067.2,0.27
7069.4,0.29
7071.7,0.27
7073.9,0.29
7076.1,0.29
7078.3,0.29
7080.3,0.31
7082.4,0.30
7084.6,0.29
7087.0,0.26
7089.5,0.25
7092.0,0.25
7094.4,0.26
7096.8,0.26
7099.1,0.27
7101.5,0.26
7103.9,0.26
7106.2,0.27
7108.5,0.27
7110.8,0.27
7113.1,0.27
7115.5,0.26
7117.8,0.27
7120.0,0.29
7122.2,0.29
7124.4,0.29
7126.6,0.29
7128.8,0.29
7131.0,0.29
7133.3,0.27
7135.6,0.27
7137.9,0.27
7140.2,0.27
7142.3,0.30
7144.5,0.29
7146.6,0.30
7148.9,0.27
7151.1,0.29
7153.4,0.27
7155.7,0.27
7157.9,0.29
7160.1,0.29
7162.4,0.27
7164.6,0.29
7166.8,0.29
7169.1,0.27
7171.3,0.29
7173.5,0.29
7175.7,0.29
7177.8,0.30
7180.0,0.29
7182.2,0.29
7184.5,0.27
7186.8,0.27
7189.2,0.26
7191.7,0.25
7194.1,0.26
7196.5,0.26
7198.9,0.26
7201.2,0.27
7203.5,0.27
7205.8,0.27
7208.2,0.26
7210.6,0.26
7213.0,0.26
7215.3,0.27
7217.5,0.29
7219.8,0.27
7222.1,0.27
7224.4,0.27
7226.8,0.26
7229.3,0.25
7231.8,0.25
7234.2,0.26
7236.6,0.26
7238.9,0.27
7241.4,0.25
7243.9,0.25
7246.4,0.25
7248.9,0.25
7251.4,0.25
7253.9,0.25
7256.3,0.26
7258.7,0.26
7261.1,0.26
7263.6,0.25
7266.0,0.26
7268.6,0.24
7271.1,0.25
7273.8,0.23
7276.4,0.24
7279.0,0.24
7281.7,0.23
7284.3,0.24
7286.9,0.24
7289.4,0.25
7292.0,0.24
7294.5,0.25
7297.1,0.24
7299.7,0.24
7302.3,0.24
7305.1,0.22
7307.9,0.22
7310.8,0.22
7313.6,0.22
7316.5,0.22
7319.3,0.22
7322.2,0.22
7325.1,0.22
7328.1,0.21
7331.2,0.20
7334.2,0.21
7337.2,0.21
7340.1,0.22
7342.8,0.23
7345.5,0.23
7348.3,0.22
7351.1,0.22
7353.9,0.22
7357.0,0.20
7360.0,0.21
7362.8,0.22
7365.5,0.23
7368.3,0.22
7371.3,0.21
7374.3,0.21
7377.3,0.21
7380.3,0.21
7383.2,0.22
7386.2,0.21
7389.2,0.21
7392.2,0.21
7395.0,0.22
7397.4,0.26
7400.0,0.24
7402.8,0.22
7405.7,0.22
7408.6,0.22
7411.6,0.21
7414.7,0.20
7418.0,0.19
7421.3,0.19
7424.7,0.18
7428.1,0.18
7431.4,0.19
7434.6,0.20
7438.0,0.18
7441.8,0.17
7445.6,0.17
7449.2,0.17
7452.7,0.18
7456.7,0.16
7460.8,0.15
7464.8,0.16
7469.0,0.15
7472.8,0.17
7476.4,0.17
7479.9,0.18
7483.3,0.18
7486.7,0.18
7490.0,0.19
7493.6,0.17
7497.1,0.18
7500.5,0.18
7504.0,0.18
7507.6,0.17
7511.0,0.18
7514.3,0.19
7517.5,0.20
7520.4,0.22
7523.2,0.22
7525.9,0.23
7528.7,0.22
7531.4,0.23
7534.1,0.23
7536.7,0.24
7539.3,0.24
7541.9,0.24
7544.6,0.23
7547.3,0.23
7549.9,0.24
7552.6,0.23
7555.4,0.22
7558.4,0.21
7561.3,0.22
7564.1,0.22
7567.0,0.22
7570.0,0.21
7573.0,0.21
7575.9,0.22
7578.8,0.22
7581.6,0.22
7584.4,0.22
7587.0,0.24
7589.7,0.23
7592.4,0.23
7595.2,0.22
7598.2,0.21
7601.1,0.22
7604.3,0.20
7607.6,0.19
7610.8,0.20
7613.9,0.20
7616.9,0.21
7619.9,0.21
7622.7,0.22
7625.5,0.22
7628.4,0.22
7631.3,0.22
7634.2,0.22
7637.1,0.22
7639.8,0.23
7642.2,0.26
7644.5,0.27
7647.1,0.24
7650.2,0.20
7653.5,0.19
7656.9,0.18
7660.0,0.20
7663.0,0.21
7665.9,0.22
7668.9,0.21
7671.9,0.21
7674.8,0.22
7677.7,0.22
7680.7,0.21
7683.8,0.20
7686.9,0.20
7689.9,0.21
7692.9,0.21
7695.8,0.22
7698.6,0.22
7701.4,0.22
7703.9,0.25
7706.2,0.27
7708.6,0.26
7710.9,0.27
7713.4,0.25
7716.0,0.24
7718.7,0.23
7721.5,0.22
7724.3,0.22
7727.3,0.21
7730.4,0.20
7733.5,0.20
7736.4,0.22
7739.4,0.21
7742.9,0.18
7746.6,0.17
7750.5,0.16
7754.3,0.17
7758.0,0.17
7761.6,0.17
7765.3,0.17
7768.8,0.18
7772.1,0.19
7775.4,0.19
7778.7,0.19
7782.2,0.18
7786.0,0.17
7789.6,0.17
7793.2,0.17
7797.0,0.17
7800.6,0.17
7803.8,0.20
7807.0,0.20
7810.1,0.20
7813.2,0.20
7816.0,0.22
7818.8,0.22
7821.4,0.24
7824.1,0.23
7826.4,0.27
7828.8,0.26
7831.2,0.26
7833.8,0.24
7836.7,0.22
7839.8,0.20
7843.0,0.20
7846.3,0.19
7849.6,0.19
7853.1,0.18
7856.7,0.17
7860.5,0.17
7864.5,0.16
7868.4,0.16
7871.9,0.18
7875.3,0.18
7878.3,0.21
7881.2,0.22
7884.0,0.22
7886.9,0.22
7889.9,0.21
7893.2,0.19
7896.7,0.18
7900.1,0.18
7903.5,0.18
7907.1,0.17
7910.6,0.18
7914.1,0.18
7917.5,0.18
7920.8,0.19
7924.0,0.20
7927.0,0.21
7930.1,0.20
7933.3,0.20
7936.5,0.20
7939.4,0.22
7942.1,0.23
7944.8,0.23
7947.4,0.24
7950.2,0.22
7952.9,0.23
7955.6,0.23
7958.3,0.23
7961.1,0.22
7963.9,0.22
7967.3,0.18
7971.0,0.17
7974.5,0.18
7977.7,0.20
7980.7,0.21
7983.6,0.22
7986.7,0.20
7989.8,0.20
7992.8,0.21
7995.7,0.22
7998.3,0.24
8000.9,0.24
8003.4,0.25
8006.0,0.24
8008.9,0.22
8011.7,0.22
8014.5,0.22
8017.2,0.23
8020.1,0.22
8022.7,0.24
8025.3,0.24
8027.7,0.26
8030.3,0.24
8033.0,0.23
8035.7,0.23
8038.3,0.24
8040.9,0.24
8043.5,0.24
8046.2,0.23
8049.4,0.20
8052.5,0.20
8055.2,0.23
8057.9,0.23
8060.4,0.25
8062.8,0.26
8065.1,0.27
8067.5,0.26
8069.9,0.26
8072.4,0.25
8074.9,0.25
8077.5,0.24
8080.1,0.24
8082.6,0.25
8085.0,0.26
8087.5,0.25
8090.1,0.24
8092.8,0.23
8095.6,0.22
8098.3,0.23
8100.9,0.24
8103.5,0.24
8106.2,0.23
8109.0,0.22
8111.9,0.22
8114.9,0.21
8118.1,0.20
8121.2,0.20
8124.3,0.20
8127.5,0.20
8130.7,0.20
8133.9,0.20
8136.9,0.21
8139.8,0.22
8142.7,0.22
8145.6,0.22
8148.6,0.21
8151.6,0.21
8154.8,0.20
8158.2,0.18
8161.8,0.17
8165.6,0.17
8169.3,0.17
8173.0,0.17
8176.6,0.17
8180.3,0.17
8183.9,0.17
8187.5,0.17
8190.9,0.18
8194.3,0.18
8197.8,0.18
8201.3,0.18
8204.6,0.19
8207.8,0.20
8211.1,0.19
8214.5,0.18
8217.9,0.18
8221.7,0.17
8225.3,0.17
8228.9,0.17
8232.3,0.18
8235.7,0.18
8239.2,0.18
8242.6,0.18
8246.0,0.18
8249.5,0.18
8253.4,0.16
8257.3,0.16
8261.1,0.17
8265.0,0.16
8268.9,0.16
8272.9,0.16
8276.8,0.16
8280.5,0.17
8284.6,0.15
8289.0,0.14
8293.1,0.15
8297.0,0.16
8301.0,0.16
8304.8,0.17
8308.7,0.16
8312.8,0.15
8316.6,0.17
8320.3,0.17
8324.0,0.17
8327.9,0.16
8331.9,0.16
8336.1,0.15
8340.1,0.16
8344.2,0.15
8348.4,0.15
8352.5,0.15
8356.1,0.17
8359.9,0.17
8363.7,0.17
8367.9,0.15
0.0,0.00
