1.6,0.52
2.9,0.48
4.1,0.52
5.4,0.48
6.7,0.48
8.0,0.48
9.3,0.48
10.6,0.48
11.9,0.48
13.3,0.45
14.6,0.48
16.0,0.45
17.3,0.48
18.6,0.48
19.9,0.48
21.2,0.48
22.5,0.48
23.9,0.45
25.2,0.48
26.5,0.48
27.9,0.45
29.3,0.45
30.7,0.45
32.1,0.45
33.6,0.42
35.0,0.45
36.4,0.45
37.8,0.45
39.2,0.45
40.6,0.45
42.0,0.45
43.4,0.45
44.7,0.48
46.2,0.42
47.6,0.45
49.0,0.45
50.4,0.45
51.8,0.45
53.2,0.45
54.7,0.42
56.2,0.42
57.6,0.45
59.2,0.39
60.7,0.42
62.1,0.45
63.5,0.45
64.9,0.45
66.3,0.45
67.8,0.42
69.2,0.45
70.7,0.42
72.1,0.45
73.5,0.45
75.0,0.42
76.4,0.45
77.9,0.42
79.5,0.39
81.0,0.42
82.5,0.42
84.0,0.42
85.5,0.42
87.0,0.42
88.5,0.42
89.9,0.45
91.4,0.42
92.9,0.42
94.4,0.42
95.9,0.42
97.4,0.42
98.9,0.42
100.3,0.45
101.8,0.42
103.3,0.42
104.9,0.39
106.4,0.42
107.9,0.42
109.4,0.42
110.9,0.42
112.3,0.45
113.8,0.42
115.2,0.45
116.7,0.42
118.2,0.42
119.7,0.42
121.2,0.42
122.6,0.45
124.0,0.45
125.4,0.45
126.8,0.45
128.2,0.45
129.6,0.45
131.0,0.45
132.4,0.45
133.8,0.45
135.3,0.42
136.7,0.45
138.2,0.42
139.7,0.42
141.2,0.42
142.7,0.42
144.1,0.45
145.6,0.42
147.1,0.42
148.5,0.45
150.0,0.42
151.5,0.42
152.9,0.45
154.3,0.45
155.8,0.42
157.3,0.42
158.8,0.42
160.3,0.42
161.7,0.45
163.2,0.42
164.6,0.45
166.1,0.42
167.5,0.45
169.0,0.42
170.6,0.39
172.1,0.42
173.6,0.42
175.1,0.42
176.6,0.42
178.0,0.45
179.5,0.42
181.0,0.42
182.6,0.39
184.1,0.42
185.6,0.42
187.2,0.39
188.7,0.42
190.3,0.39
191.9,0.39
193.4,0.42
195.0,0.39
196.6,0.39
198.2,0.39
199.8,0.39
201.4,0.39
203.0,0.39
204.6,0.39
206.2,0.39
207.7,0.42
209.3,0.39
210.9,0.39
212.5,0.39
214.1,0.39
215.7,0.39
217.3,0.39
218.9,0.39
220.5,0.39
222.1,0.39
223.7,0.39
225.2,0.42
226.9,0.37
228.5,0.39
230.1,0.39
231.7,0.39
233.3,0.39
235.0,0.37
236.6,0.39
238.2,0.39
239.7,0.42
241.3,0.39
242.8,0.42
244.4,0.39
246.1,0.37
247.7,0.39
249.4,0.37
251.1,0.37
252.7,0.39
254.3,0.39
255.9,0.39
257.5,0.39
259.1,0.39
260.7,0.39
262.3,0.39
263.9,0.39
265.5,0.39
267.1,0.39
268.7,0.39
270.4,0.37
272.0,0.39
273.6,0.39
275.3,0.37
277.0,0.37
278.7,0.37
280.3,0.39
281.9,0.39
283.6,0.37
285.2,0.39
286.9,0.37
288.5,0.39
290.1,0.39
291.6,0.42
293.2,0.39
294.7,0.42
296.3,0.39
297.9,0.39
299.6,0.37
301.2,0.39
302.7,0.42
304.3,0.39
305.8,0.42
307.4,0.39
309.0,0.39
310.6,0.39
312.2,0.39
313.8,0.39
315.3,0.42
316.9,0.39
318.4,0.42
319.9,0.42
321.5,0.39
323.0,0.42
324.6,0.39
326.1,0.42
327.6,0.42
329.1,0.42
330.6,0.42
332.2,0.39
333.7,0.42
335.3,0.39
336.8,0.42
338.4,0.39
339.9,0.42
341.4,0.42
343.0,0.39
344.5,0.42
346.0,0.42
347.6,0.39
349.1,0.42
350.6,0.42
352.2,0.39
353.8,0.39
355.4,0.39
357.0,0.39
358.6,0.39
360.2,0.39
361.7,0.42
363.2,0.42
364.8,0.39
366.3,0.42
367.8,0.42
369.3,0.42
370.8,0.42
372.3,0.42
373.8,0.42
375.3,0.42
376.9,0.39
378.5,0.39
380.0,0.42
381.5,0.42
383.0,0.42
384.5,0.42
386.0,0.42
387.5,0.42
389.1,0.39
390.6,0.42
392.1,0.42
393.6,0.42
395.1,0.42
396.7,0.39
398.2,0.42
399.7,0.42
401.2,0.42
402.7,0.42
404.3,0.39
405.9,0.39
407.4,0.42
409.0,0.39
410.5,0.42
412.1,0.39
413.6,0.42
415.2,0.39
416.8,0.39
418.3,0.42
419.9,0.39
421.5,0.39
423.1,0.39
424.7,0.39
426.2,0.42
427.8,0.39
429.4,0.39
431.0,0.39
432.6,0.39
434.1,0.42
435.7,0.39
437.2,0.42
438.8,0.39
440.4,0.39
442.0,0.39
443.6,0.39
445.2,0.39
446.8,0.39
448.4,0.39
450.0,0.39
451.6,0.39
453.1,0.42
454.7,0.39
456.3,0.39
457.9,0.39
459.4,0.42
461.0,0.39
462.6,0.39
464.1,0.42
465.6,0.42
467.1,0.42
468.7,0.39
470.2,0.42
471.8,0.39
473.3,0.42
474.9,0.39
476.4,0.42
477.9,0.42
479.5,0.39
481.0,0.42
482.5,0.42
484.0,0.42
485.6,0.39
487.2,0.39
488.8,0.39
490.3,0.42
491.8,0.42
493.4,0.39
494.9,0.42
496.5,0.39
498.1,0.39
499.6,0.42
501.1,0.42
502.6,0.42
504.2,0.39
505.7,0.42
507.2,0.42
508.7,0.42
510.2,0.42
511.8,0.39
513.3,0.42
514.8,0.42
516.4,0.39
517.9,0.42
519.5,0.39
521.1,0.39
522.6,0.42
524.2,0.39
525.8,0.39
527.3,0.42
528.8,0.42
530.3,0.42
531.8,0.42
533.3,0.42
534.9,0.39
536.4,0.42
537.9,0.42
539.4,0.42
540.9,0.42
542.5,0.39
544.0,0.42
545.5,0.42
547.1,0.39
548.6,0.42
550.1,0.42
551.8,0.37
553.4,0.39
555.0,0.39
556.5,0.42
558.1,0.39
559.7,0.39
561.3,0.39
562.9,0.39
564.5,0.39
566.2,0.37
567.8,0.39
569.4,0.39
571.0,0.39
572.5,0.42
574.1,0.39
575.7,0.39
577.2,0.42
578.7,0.42
580.2,0.42
581.8,0.39
583.4,0.39
584.9,0.42
586.6,0.37
588.2,0.39
589.8,0.39
591.4,0.39
593.0,0.39
594.5,0.42
596.1,0.39
597.6,0.42
599.2,0.39
600.8,0.39
602.4,0.39
603.9,0.42
605.5,0.39
607.0,0.42
608.5,0.42
610.1,0.39
611.7,0.39
613.3,0.39
615.0,0.37
616.6,0.39
618.1,0.42
619.6,0.42
621.2,0.39
622.7,0.42
624.3,0.39
625.9,0.39
627.6,0.37
629.2,0.39
630.8,0.39
632.4,0.39
634.0,0.39
635.7,0.37
637.3,0.39
638.9,0.39
640.5,0.39
642.1,0.39
643.7,0.39
645.3,0.39
646.8,0.42
648.5,0.37
650.0,0.42
651.6,0.39
653.2,0.39
654.7,0.42
656.2,0.42
657.8,0.39
659.3,0.42
660.8,0.42
662.3,0.42
663.9,0.39
665.4,0.42
667.0,0.39
668.5,0.42
670.1,0.39
671.7,0.39
673.2,0.42
674.8,0.39
676.4,0.39
677.9,0.42
679.5,0.39
681.1,0.39
682.7,0.39
684.3,0.39
686.0,0.37
687.6,0.39
689.2,0.39
690.8,0.39
692.4,0.39
694.0,0.39
695.6,0.39
697.1,0.42
698.7,0.39
700.3,0.39
701.9,0.39
703.6,0.37
705.2,0.39
706.9,0.37
708.6,0.37
710.2,0.39
711.8,0.39
713.4,0.39
715.0,0.39
716.6,0.39
718.3,0.37
719.9,0.39
721.6,0.37
723.2,0.39
724.8,0.39
726.5,0.37
728.2,0.37
729.8,0.39
731.4,0.39
733.0,0.39
734.6,0.39
736.2,0.39
737.9,0.37
739.5,0.39
741.1,0.39
742.8,0.37
744.4,0.39
746.1,0.37
747.8,0.37
749.4,0.39
751.1,0.37
752.7,0.39
754.4,0.37
756.1,0.37
757.8,0.37
759.4,0.39
761.1,0.37
762.8,0.37
764.6,0.35
766.3,0.37
768.0,0.37
769.7,0.37
771.3,0.39
772.7,0.45
774.0,0.48
775.4,0.45
776.7,0.48
778.0,0.48
779.4,0.45
780.8,0.45
782.2,0.45
783.7,0.42
785.2,0.42
786.7,0.42
788.2,0.42
789.8,0.39
791.4,0.39
792.9,0.42
794.4,0.42
795.9,0.42
797.4,0.42
798.9,0.42
800.4,0.42
802.0,0.39
803.5,0.42
805.0,0.42
806.4,0.45
808.0,0.39
809.5,0.42
811.1,0.39
812.6,0.42
814.2,0.39
815.8,0.39
817.4,0.39
818.9,0.42
820.4,0.42
822.0,0.39
823.6,0.39
825.2,0.39
826.8,0.39
828.4,0.39
829.9,0.42
831.4,0.42
832.9,0.42
834.5,0.39
836.0,0.42
837.7,0.37
839.3,0.39
840.9,0.39
842.5,0.39
844.0,0.42
845.6,0.39
847.2,0.39
848.8,0.39
850.4,0.39
852.0,0.39
853.6,0.39
855.2,0.39
856.9,0.37
858.5,0.39
860.2,0.37
861.8,0.39
863.4,0.39
864.9,0.42
866.5,0.39
868.1,0.39
869.8,0.37
871.4,0.39
873.1,0.37
874.8,0.37
876.5,0.37
878.2,0.37
879.9,0.37
881.6,0.37
883.3,0.37
884.9,0.39
886.7,0.35
888.3,0.39
890.0,0.37
891.6,0.39
893.2,0.39
894.9,0.37
896.6,0.37
898.2,0.39
899.9,0.37
901.5,0.39
903.1,0.39
904.8,0.37
906.3,0.42
907.9,0.39
909.6,0.37
911.3,0.37
913.0,0.37
914.7,0.37
916.3,0.39
918.0,0.37
919.7,0.37
921.7,0.31
923.7,0.31
925.7,0.31
927.8,0.30
929.8,0.31
931.8,0.31
933.9,0.30
935.9,0.31
937.8,0.33
939.7,0.33
941.6,0.33
943.5,0.33
945.5,0.31
947.6,0.30
949.7,0.30
951.6,0.33
953.5,0.33
955.4,0.33
957.2,0.35
959.1,0.33
961.0,0.33
963.0,0.31
964.9,0.33
966.9,0.31
968.8,0.33
970.7,0.33
972.7,0.31
974.5,0.35
976.4,0.33
978.3,0.33
980.1,0.35
981.8,0.37
983.4,0.39
985.1,0.37
986.8,0.37
988.6,0.35
990.4,0.35
992.1,0.37
993.8,0.37
995.5,0.37
997.3,0.35
999.0,0.37
1000.7,0.37
1002.3,0.39
1004.0,0.37
1005.7,0.37
1007.4,0.37
1009.2,0.35
1010.9,0.37
1012.6,0.37
1014.2,0.39
1015.9,0.37
1017.6,0.37
1019.2,0.39
1021.0,0.35
1022.8,0.35
1024.6,0.35
1026.6,0.31
1028.5,0.33
1030.3,0.35
1032.1,0.35
1033.8,0.37
1035.6,0.35
1037.3,0.37
1039.0,0.37
1040.6,0.39
1042.3,0.37
1044.0,0.37
1045.6,0.39
1047.2,0.39
1048.9,0.37
1050.5,0.39
1052.1,0.39
1053.7,0.39
1055.4,0.37
1057.0,0.39
1058.7,0.37
1060.3,0.39
1062.0,0.37
1063.6,0.39
1065.2,0.39
1066.9,0.37
1068.6,0.37
1070.3,0.37
1071.9,0.39
1073.5,0.39
1075.2,0.37
1076.9,0.37
1078.7,0.35
1080.4,0.37
1082.1,0.37
1083.9,0.35
1085.6,0.37
1087.3,0.37
1089.1,0.35
1090.8,0.37
1092.7,0.33
1094.5,0.35
1096.3,0.35
1098.2,0.33
1100.0,0.35
1101.7,0.37
1103.5,0.35
1105.4,0.33
1107.2,0.35
1109.0,0.35
1110.8,0.35
1112.6,0.35
1114.5,0.33
1116.4,0.33
1118.2,0.35
1120.1,0.33
1122.0,0.33
1123.8,0.35
1125.7,0.33
1127.6,0.33
1129.6,0.31
1131.5,0.33
1133.4,0.33
1135.2,0.35
1137.0,0.35
1138.8,0.35
1140.6,0.35
1142.4,0.35
1144.3,0.33
1146.2,0.33
1148.2,0.31
1150.1,0.33
1152.1,0.31
1154.0,0.33
1155.9,0.33
1157.8,0.33
1159.8,0.31
1161.8,0.31
1163.8,0.31
1165.8,0.31
1167.7,0.33
1169.7,0.31
1171.7,0.31
1173.7,0.31
1175.6,0.33
1177.5,0.33
1179.4,0.33
1181.3,0.33
1183.3,0.31
1185.3,0.31
1187.2,0.33
1189.2,0.31
1191.2,0.31
1193.1,0.33
1195.0,0.33
1196.9,0.33
1198.9,0.31
1200.9,0.31
1202.8,0.33
1204.8,0.31
1206.8,0.31
1208.8,0.31
1210.8,0.31
1212.7,0.33
1214.6,0.33
1216.5,0.33
1218.4,0.33
1220.4,0.31
1222.3,0.33
1224.2,0.33
1226.1,0.33
1228.1,0.31
1230.1,0.31
1232.0,0.33
1234.0,0.31
1236.0,0.31
1237.9,0.33
1239.9,0.31
1241.8,0.33
1243.7,0.33
1245.6,0.33
1247.5,0.33
1249.4,0.33
1251.4,0.31
1253.3,0.33
1255.1,0.35
1257.0,0.33
1258.9,0.33
1260.8,0.33
1262.7,0.33
1264.7,0.31
1266.6,0.33
1268.5,0.33
1270.5,0.31
1272.3,0.35
1274.2,0.33
1276.1,0.33
1278.0,0.33
1280.0,0.31
1282.0,0.31
1283.9,0.33
1285.9,0.31
1287.9,0.31
1289.8,0.33
1291.8,0.31
1293.6,0.35
1295.5,0.33
1297.3,0.35
1299.2,0.33
1301.2,0.31
1303.1,0.33
1305.1,0.31
1307.0,0.33
1308.9,0.33
1310.7,0.35
1312.6,0.33
1314.5,0.33
1316.3,0.35
1318.2,0.33
1320.0,0.35
1321.7,0.37
1323.5,0.35
1325.4,0.33
1327.3,0.33
1329.2,0.33
1331.0,0.35
1332.8,0.35
1334.6,0.35
1336.4,0.35
1338.2,0.35
1340.1,0.33
1341.9,0.35
1343.7,0.35
1345.6,0.33
1347.4,0.35
1349.2,0.35
1351.0,0.35
1352.8,0.35
1354.6,0.35
1356.4,0.35
1358.1,0.37
1359.9,0.35
1361.8,0.33
1363.6,0.35
1365.4,0.35
1367.1,0.37
1368.8,0.37
1370.5,0.37
1372.2,0.37
1373.9,0.37
1375.6,0.37
1377.3,0.37
1379.0,0.37
1380.8,0.35
1382.5,0.37
1384.3,0.35
1386.1,0.35
1387.8,0.37
1389.6,0.35
1391.5,0.33
1393.4,0.33
1395.2,0.35
1397.0,0.35
1398.8,0.35
1400.6,0.35
1402.4,0.35
1404.1,0.37
1405.9,0.35
1407.7,0.35
1409.4,0.37
1411.3,0.33
1413.2,0.33
1415.0,0.35
1416.7,0.37
1418.5,0.35
1420.3,0.35
1422.1,0.35
1423.9,0.35
1425.7,0.35
1427.5,0.35
1429.4,0.33
1431.3,0.33
1433.1,0.35
1434.9,0.35
1436.8,0.33
1438.7,0.33
1440.5,0.35
1442.2,0.37
1444.0,0.35
1445.7,0.37
1447.5,0.35
1449.2,0.37
1451.0,0.35
1452.8,0.35
1454.7,0.33
1456.5,0.35
1458.3,0.35
1460.1,0.35
1462.0,0.33
1463.8,0.35
1465.6,0.35
1467.5,0.33
1469.3,0.35
1471.1,0.35
1472.9,0.35
1474.7,0.35
1476.5,0.35
1478.3,0.35
1480.1,0.35
1482.0,0.33
1483.9,0.33
1485.8,0.33
1487.8,0.31
1489.7,0.33
1491.6,0.33
1493.4,0.35
1495.2,0.35
1497.0,0.35
1498.7,0.37
1500.5,0.35
1502.3,0.35
1504.2,0.33
1506.2,0.31
1508.1,0.33
1509.9,0.35
1511.8,0.33
1513.5,0.37
1515.3,0.35
1517.2,0.33
1519.1,0.33
1520.9,0.35
1522.8,0.33
1524.9,0.30
1526.9,0.31
1528.9,0.31
1530.8,0.33
1532.7,0.33
1534.7,0.31
1536.6,0.33
1538.5,0.33
1540.4,0.33
1542.2,0.35
1543.9,0.37
1545.6,0.37
1547.3,0.37
1548.9,0.39
1550.6,0.37
1552.4,0.35
1554.2,0.35
1556.0,0.35
1557.8,0.35
1559.6,0.35
1561.4,0.35
1563.2,0.35
1565.0,0.35
1566.8,0.35
1568.7,0.33
1570.5,0.35
1572.4,0.33
1574.3,0.33
1576.0,0.37
1577.7,0.37
1579.5,0.35
1581.2,0.37
1583.0,0.35
1584.9,0.33
1586.8,0.33
1588.7,0.33
1590.5,0.35
1592.2,0.37
1594.0,0.35
1595.8,0.35
1597.6,0.35
1599.5,0.33
1601.4,0.33
1603.3,0.33
1605.2,0.33
1607.1,0.33
1608.9,0.35
1610.8,0.33
1612.5,0.37
1614.3,0.35
1616.1,0.35
1617.8,0.37
1619.6,0.35
1621.4,0.35
1623.2,0.35
1625.0,0.35
1626.8,0.35
1628.7,0.33
1630.6,0.33
1632.4,0.35
1634.2,0.35
1636.1,0.33
1637.8,0.37
1639.6,0.35
1641.5,0.33
1643.4,0.33
1645.4,0.31
1647.3,0.33
1649.3,0.31
1651.1,0.35
1653.0,0.33
1654.9,0.33
1656.8,0.33
1658.6,0.35
1660.4,0.35
1662.1,0.37
1664.0,0.33
1665.9,0.33
1667.8,0.33
1669.7,0.33
1671.6,0.33
1673.5,0.33
1675.3,0.35
1677.1,0.35
1679.0,0.33
1680.8,0.35
1682.7,0.33
1684.6,0.33
1686.6,0.31
1688.5,0.33
1690.4,0.33
1692.2,0.35
1694.1,0.33
1696.0,0.33
1697.8,0.35
1699.7,0.33
1701.5,0.35
1703.3,0.35
1705.2,0.33
1707.2,0.31
1709.2,0.31
1711.1,0.33
1713.1,0.31
1715.0,0.33
1717.0,0.31
1719.0,0.31
1720.9,0.33
1723.0,0.30
1724.9,0.33
1726.8,0.33
1728.7,0.33
1730.6,0.33
1732.3,0.37
1733.9,0.39
1735.6,0.37
1737.3,0.37
1738.9,0.39
1740.5,0.39
1742.2,0.37
1743.9,0.37
1745.5,0.39
1747.2,0.37
1748.8,0.39
1750.4,0.39
1751.8,0.45
1753.4,0.39
1755.0,0.39
1756.5,0.42
1758.0,0.42
1759.7,0.37
1761.4,0.37
1763.0,0.39
1764.6,0.39
1766.2,0.39
1768.0,0.35
1769.7,0.37
1771.4,0.37
1773.0,0.39
1774.7,0.37
1776.3,0.39
1778.1,0.35
1779.9,0.35
1781.7,0.35
1783.5,0.35
1785.3,0.35
1787.0,0.37
1788.8,0.35
1790.5,0.37
1792.2,0.37
1793.7,0.42
1795.3,0.39
1796.9,0.39
1798.5,0.39
1800.1,0.39
1801.7,0.39
1803.3,0.39
1805.0,0.37
1806.8,0.35
1808.7,0.33
1810.5,0.35
1812.4,0.33
1814.2,0.35
1816.0,0.35
1817.9,0.33
1819.7,0.35
1821.5,0.35
1823.3,0.35
1825.0,0.37
1826.8,0.35
1828.7,0.33
1830.5,0.35
1832.3,0.35
1834.1,0.35
1835.8,0.37
1837.5,0.37
1839.3,0.35
1841.1,0.35
1842.8,0.37
1844.6,0.35
1846.4,0.35
1848.2,0.35
1850.1,0.33
1852.1,0.31
1854.0,0.33
1855.9,0.33
1857.8,0.33
1859.8,0.31
1861.6,0.35
1863.5,0.33
1865.2,0.37
1867.0,0.35
1868.7,0.37
1870.5,0.35
1872.3,0.35
1874.1,0.35
1875.8,0.37
1877.4,0.39
1879.1,0.37
1880.8,0.37
1882.7,0.33
1884.5,0.35
1886.3,0.35
1888.2,0.33
1890.1,0.33
1891.9,0.35
1893.8,0.33
1895.7,0.33
1897.4,0.37
1899.2,0.35
1901.0,0.35
1902.7,0.37
1904.5,0.35
1906.3,0.35
1908.2,0.33
1910.0,0.35
1911.9,0.33
1913.7,0.35
1915.4,0.37
1917.1,0.37
1918.9,0.35
1920.7,0.35
1922.5,0.35
1924.4,0.33
1926.2,0.35
1928.1,0.33
1929.9,0.35
1931.8,0.33
1933.7,0.33
1935.6,0.33
1937.4,0.35
1939.3,0.33
1941.2,0.33
1943.1,0.33
1944.9,0.35
1946.7,0.35
1948.5,0.35
1950.3,0.35
1952.2,0.33
1954.0,0.35
1955.8,0.35
1957.6,0.35
1959.3,0.37
1961.1,0.35
1962.9,0.35
1964.7,0.35
1966.5,0.35
1968.3,0.35
1970.1,0.35
1972.0,0.33
1973.8,0.35
1975.7,0.33
1977.6,0.33
1979.5,0.33
1981.3,0.35
1983.2,0.33
1985.0,0.35
1986.8,0.35
1988.7,0.33
1990.5,0.35
1992.4,0.33
1994.2,0.35
1996.0,0.35
1997.8,0.35
1999.7,0.33
2001.5,0.35
2003.4,0.33
2005.3,0.33
2007.2,0.33
2009.1,0.33
2011.0,0.33
2012.9,0.33
2014.8,0.33
2016.7,0.33
2018.6,0.33
2020.5,0.33
2022.3,0.35
2024.1,0.35
2026.0,0.33
2027.9,0.33
2029.9,0.31
2031.8,0.33
2033.7,0.33
2035.6,0.33
2037.5,0.33
2039.5,0.31
2041.5,0.31
2043.4,0.33
2045.2,0.35
2047.1,0.33
2049.0,0.33
2050.8,0.35
2052.8,0.31
2054.7,0.33
2056.6,0.33
2058.5,0.33
2060.4,0.33
2062.3,0.33
2064.2,0.33
2066.1,0.33
2068.1,0.31
2070.1,0.31
2072.0,0.33
2073.8,0.35
2075.6,0.35
2077.3,0.37
2079.1,0.35
2080.9,0.35
2082.8,0.33
2084.7,0.33
2086.7,0.31
2088.6,0.33
2090.6,0.31
2092.5,0.33
2094.5,0.31
2096.5,0.31
2098.3,0.35
2100.2,0.33
2102.0,0.35
2103.9,0.33
2105.7,0.35
2107.6,0.33
2109.6,0.31
2111.5,0.33
2113.4,0.33
2115.3,0.33
2117.2,0.33
2119.1,0.33
2121.0,0.33
2122.9,0.33
2124.8,0.33
2126.7,0.33
2128.6,0.33
2130.5,0.33
2132.4,0.33
2134.3,0.33
2136.2,0.33
2138.1,0.33
2140.0,0.33
2141.9,0.33
2144.1,0.29
2146.3,0.29
2148.3,0.31
2150.2,0.33
2152.1,0.33
2153.9,0.35
2155.7,0.35
2157.5,0.35
2159.4,0.33
2161.3,0.33
2163.1,0.35
2165.0,0.33
2166.9,0.33
2168.8,0.33
2170.8,0.31
2172.7,0.33
2174.6,0.33
2176.4,0.35
2178.2,0.35
2180.0,0.35
2181.9,0.33
2183.7,0.35
2185.5,0.35
2187.4,0.33
2189.3,0.33
2191.3,0.31
2193.3,0.31
2195.2,0.33
2197.1,0.33
2199.0,0.33
2200.9,0.33
2202.8,0.33
2204.7,0.33
2206.7,0.31
2208.6,0.33
2210.6,0.31
2212.6,0.31
2214.6,0.31
2216.7,0.30
2218.6,0.33
2220.7,0.30
2222.8,0.30
2224.9,0.30
2227.0,0.30
2228.9,0.33
2230.8,0.33
2232.8,0.31
2234.7,0.33
2236.4,0.37
2238.1,0.37
2239.9,0.35
2241.7,0.35
2243.5,0.35
2245.4,0.33
2247.2,0.35
2249.0,0.35
2250.8,0.35
2252.5,0.37
2254.3,0.35
2256.1,0.35
2257.9,0.35
2259.8,0.33
2261.6,0.35
2263.5,0.33
2265.3,0.35
2267.2,0.33
2269.0,0.35
2270.9,0.33
2272.8,0.33
2274.6,0.35
2276.4,0.35
2278.2,0.35
2280.0,0.35
2281.8,0.35
2283.7,0.33
2285.6,0.33
2287.4,0.35
2289.2,0.35
2291.0,0.35
2292.8,0.35
2294.6,0.35
2296.6,0.31
2298.5,0.33
2300.4,0.33
2302.3,0.33
2304.4,0.30
2306.4,0.31
2308.5,0.30
2310.5,0.31
2312.7,0.29
2314.8,0.30
2317.1,0.27
2319.3,0.29
2321.6,0.27
2323.8,0.29
2326.0,0.29
2328.2,0.29
2330.2,0.31
2332.2,0.31
2334.2,0.31
2336.2,0.31
2338.1,0.33
2340.0,0.33
2341.9,0.33
2343.8,0.33
2345.7,0.33
2347.7,0.31
2349.5,0.35
2351.3,0.35
2353.1,0.35
2355.0,0.33
2356.8,0.35
2358.7,0.33
2360.6,0.33
2362.5,0.33
2364.4,0.33
2366.3,0.33
2368.2,0.33
2370.2,0.31
2372.0,0.35
2373.9,0.33
2375.8,0.33
2377.8,0.31
2379.7,0.33
2381.7,0.31
2383.6,0.33
2385.6,0.31
2387.7,0.30
2389.7,0.31
2391.7,0.31
2393.7,0.31
2395.6,0.33
2397.4,0.35
2399.2,0.35
2401.2,0.31
2403.3,0.30
2405.2,0.33
2407.0,0.35
2408.8,0.35
2410.8,0.31
2412.7,0.33
2414.6,0.33
2416.5,0.33
2418.4,0.33
2420.4,0.31
2422.3,0.33
2424.3,0.31
2426.2,0.33
2428.1,0.33
2430.0,0.33
2431.9,0.33
2433.8,0.33
2435.7,0.33
2437.5,0.35
2439.2,0.37
2441.0,0.35
2442.8,0.35
2444.5,0.37
2446.3,0.35
2448.1,0.35
2450.1,0.31
2452.0,0.33
2453.8,0.35
2455.5,0.37
2457.3,0.35
2459.2,0.33
2461.2,0.31
2463.1,0.33
2465.1,0.31
2467.1,0.31
2469.2,0.30
2471.1,0.33
2473.0,0.33
2475.0,0.31
2476.9,0.33
2478.9,0.31
2480.8,0.33
2482.7,0.33
2484.8,0.30
2486.8,0.31
2488.8,0.31
2490.7,0.33
2492.6,0.33
2494.5,0.33
2496.4,0.33
2498.4,0.31
2500.4,0.31
2502.5,0.30
2504.6,0.30
2506.7,0.30
2508.7,0.31
2510.8,0.30
2513.0,0.29
2515.1,0.30
2517.2,0.30
2519.2,0.31
2521.1,0.33
2523.1,0.31
2525.1,0.31
2527.2,0.30
2529.3,0.30
2531.4,0.30
2533.4,0.31
2535.5,0.30
2537.5,0.31
2539.6,0.30
2541.7,0.30
2543.9,0.29
2546.1,0.29
2548.3,0.29
2550.7,0.26
2552.8,0.30
2555.0,0.29
2557.2,0.29
2559.3,0.30
2561.3,0.31
2563.4,0.30
2565.5,0.30
2567.6,0.30
2569.8,0.29
2572.0,0.29
2574.2,0.29
2576.5,0.27
2578.7,0.29
2580.9,0.29
2583.2,0.27
2585.5,0.27
2587.8,0.27
2590.0,0.29
2592.3,0.27
2594.6,0.27
2596.9,0.27
2599.2,0.27
2601.5,0.27
2603.8,0.27
2606.1,0.27
2608.5,0.26
2610.8,0.27
2613.1,0.27
2615.4,0.27
2617.6,0.29
2619.9,0.27
2622.2,0.27
2624.5,0.27
2626.9,0.26
2629.3,0.26
2631.6,0.27
2634.0,0.26
2636.3,0.27
2638.5,0.29
2640.7,0.29
2642.8,0.30
2645.1,0.27
2647.3,0.29
2649.6,0.27
2651.8,0.29
2654.1,0.27
2656.3,0.29
2658.5,0.29
2660.7,0.29
2662.9,0.29
2665.1,0.29
2667.2,0.30
2669.3,0.30
2671.4,0.30
2673.4,0.31
2675.7,0.27
2678.0,0.27
2680.4,0.26
2682.8,0.26
2685.0,0.29
2687.2,0.29
2689.4,0.29
2691.6,0.29
2693.8,0.29
2695.9,0.30
2698.2,0.27
2700.3,0.30
2702.6,0.27
2704.8,0.29
2707.0,0.29
2709.4,0.26
2711.7,0.27
2713.8,0.30
2716.1,0.27
2718.3,0.29
2720.6,0.27
2722.8,0.29
2725.0,0.29
2727.3,0.27
2729.6,0.27
2732.1,0.25
2734.5,0.26
2736.8,0.27
2739.1,0.27
2741.3,0.29
2743.5,0.29
2745.7,0.29
2747.8,0.30
2750.0,0.29
2752.3,0.27
2754.5,0.29
2756.7,0.29
2758.9,0.29
2761.1,0.29
2763.4,0.27
2765.6,0.29
2767.7,0.30
2769.7,0.31
2771.8,0.30
2773.9,0.30
2776.1,0.29
2778.2,0.30
2780.3,0.30
2782.3,0.31
2784.4,0.30
2786.5,0.30
2788.6,0.30
2790.7,0.30
2792.8,0.30
2794.9,0.30
2797.0,0.30
2799.1,0.30
2801.2,0.30
2803.3,0.30
2805.3,0.31
2807.5,0.29
2809.7,0.29
2811.9,0.29
2813.9,0.31
2816.0,0.30
2818.2,0.29
2820.3,0.30
2822.4,0.30
2824.6,0.29
2826.8,0.29
2829.0,0.29
2831.1,0.30
2833.2,0.30
2835.3,0.30
2837.4,0.30
2839.6,0.29
2841.7,0.30
2843.9,0.29
2846.1,0.29
2848.4,0.27
2850.5,0.30
2852.6,0.30
2854.7,0.30
2856.7,0.31
2858.7,0.31
2860.7,0.31
2862.7,0.31
2864.9,0.29
2867.0,0.30
2869.2,0.29
2871.3,0.30
2873.4,0.30
2875.6,0.29
2877.8,0.29
2879.9,0.30
2882.1,0.29
2884.2,0.30
2886.4,0.29
2888.7,0.27
2891.0,0.27
2893.2,0.29
2895.3,0.30
2897.4,0.30
2899.5,0.30
2901.6,0.30
2903.8,0.29
2906.0,0.29
2908.1,0.30
2910.4,0.27
2912.7,0.27
2915.0,0.27
2917.1,0.30
2919.3,0.29
2921.6,0.27
2923.8,0.29
2926.0,0.29
2928.1,0.30
2930.2,0.30
2932.4,0.29
2934.5,0.30
2936.7,0.29
2938.8,0.30
2940.9,0.30
2942.9,0.31
2945.0,0.30
2947.1,0.30
2949.3,0.29
2951.5,0.29
2953.7,0.29
2955.8,0.30
2958.0,0.29
2960.2,0.29
2962.4,0.29
2964.6,0.29
2966.9,0.27
2969.0,0.30
2971.1,0.30
2973.2,0.30
2975.2,0.31
2977.3,0.30
2979.3,0.31
2981.4,0.30
2983.4,0.31
2985.4,0.31
2987.5,0.30
2989.7,0.29
2991.8,0.30
2993.8,0.31
2995.8,0.31
2997.9,0.30
2999.9,0.31
3002.0,0.30
3004.1,0.30
3006.2,0.30
3008.3,0.30
3010.3,0.31
3012.4,0.30
3014.5,0.30
3016.6,0.30
3018.8,0.29
3020.8,0.31
3022.9,0.30
3025.0,0.30
3027.2,0.29
3029.4,0.29
3031.7,0.27
3033.9,0.29
3036.1,0.29
3038.2,0.30
3040.2,0.31
3042.2,0.31
3044.2,0.31
3046.3,0.30
3048.3,0.31
3050.5,0.29
3052.7,0.29
3054.7,0.31
3056.8,0.30
3059.0,0.29
3061.2,0.29
3063.3,0.30
3065.5,0.29
3067.7,0.29
3070.0,0.27
3072.3,0.27
3074.5,0.29
3076.8,0.27
3079.0,0.29
3080.9,0.33
3082.7,0.35
3084.4,0.37
3086.0,0.39
3087.6,0.39
3089.3,0.37
3091.1,0.35
3092.8,0.37
3094.5,0.37
3096.2,0.37
3097.9,0.37
3099.7,0.35
3101.7,0.31
3103.8,0.30
3105.8,0.31
3107.8,0.31
3109.7,0.33
3111.6,0.33
3113.6,0.31
3115.7,0.30
3117.8,0.30
3120.0,0.29
3122.2,0.29
3124.4,0.29
3126.5,0.30
3128.6,0.30
3130.7,0.30
3132.8,0.30
3134.9,0.30
3136.9,0.31
3139.0,0.30
3141.1,0.30
3143.2,0.30
3145.1,0.33
3146.8,0.37
3148.6,0.35
3150.4,0.35
3152.2,0.35
3153.9,0.37
3155.7,0.35
3157.5,0.35
3159.4,0.33
3161.2,0.35
3163.2,0.31
3165.0,0.35
3166.8,0.35
3168.4,0.39
3170.2,0.35
3172.0,0.35
3173.9,0.33
3175.9,0.31
3177.8,0.33
3179.7,0.33
3181.4,0.37
3183.1,0.37
3184.8,0.37
3186.6,0.35
3188.3,0.37
3190.1,0.35
3191.8,0.37
3193.5,0.37
3195.3,0.35
3197.0,0.37
3198.7,0.37
3200.4,0.37
3202.1,0.37
3203.8,0.37
3205.6,0.35
3207.4,0.35
3209.2,0.35
3211.0,0.35
3212.9,0.33
3214.8,0.33
3216.8,0.31
3218.7,0.33
3220.4,0.37
3222.1,0.37
3223.8,0.37
3225.5,0.37
3227.3,0.35
3229.3,0.31
3231.4,0.30
3233.5,0.30
3235.6,0.30
3237.6,0.31
3239.6,0.31
3241.6,0.31
3243.7,0.30
3245.6,0.33
3247.5,0.33
3249.3,0.35
3251.2,0.33
3253.1,0.33
3255.1,0.31
3257.0,0.33
3259.0,0.31
3260.9,0.33
3262.8,0.33
3264.6,0.35
3266.5,0.33
3268.4,0.33
3270.3,0.33
3272.1,0.35
3273.8,0.37
3275.6,0.35
3277.3,0.37
3279.2,0.33
3281.1,0.33
3282.9,0.35
3284.7,0.35
3286.5,0.35
3288.4,0.33
3290.3,0.33
3292.2,0.33
3294.2,0.31
3296.1,0.33
3298.1,0.31
3300.1,0.31
3302.1,0.31
3304.2,0.30
3306.1,0.33
3308.0,0.33
3309.9,0.33
3311.9,0.31
3313.8,0.33
3315.7,0.33
3317.6,0.33
3319.6,0.31
3321.7,0.30
3323.9,0.29
3326.1,0.29
3328.5,0.26
3330.8,0.27
3333.0,0.29
3335.2,0.29
3337.4,0.29
3339.5,0.30
3341.7,0.29
3343.9,0.29
3346.0,0.30
3348.2,0.29
3350.4,0.29
3352.6,0.29
3354.9,0.27
3357.2,0.27
3359.4,0.29
3361.7,0.27
3364.0,0.27
3366.2,0.29
3368.4,0.29
3370.6,0.29
3372.9,0.27
3375.1,0.29
3377.3,0.29
3379.5,0.29
3381.7,0.29
3383.9,0.29
3386.3,0.26
3388.7,0.26
3391.1,0.26
3393.2,0.30
3395.2,0.31
3397.3,0.30
3399.5,0.29
3401.7,0.29
3403.8,0.30
3406.0,0.29
3408.3,0.27
3410.7,0.26
3412.9,0.29
3415.1,0.29
3417.2,0.30
3419.3,0.30
3421.4,0.30
3423.5,0.30
3425.6,0.30
3427.8,0.29
3430.0,0.29
3432.1,0.30
3434.1,0.31
3436.2,0.30
3438.2,0.31
3440.4,0.29
3442.6,0.29
3444.8,0.29
3447.2,0.26
3449.7,0.25
3452.2,0.25
3454.5,0.27
3456.9,0.26
3459.2,0.27
3461.6,0.26
3464.1,0.25
3466.5,0.26
3468.9,0.26
3471.2,0.27
3473.4,0.29
3475.7,0.27
3478.0,0.27
3480.5,0.25
3483.0,0.25
3485.5,0.25
3487.9,0.26
3490.3,0.26
3492.6,0.27
3494.9,0.27
3497.2,0.27
3499.6,0.26
3501.9,0.27
3504.4,0.25
3506.8,0.26
3509.1,0.27
3511.4,0.27
3513.9,0.25
3516.5,0.24
3519.0,0.25
3521.4,0.26
3523.7,0.27
3526.2,0.25
3528.6,0.26
3531.0,0.26
3533.4,0.26
3535.7,0.27
3538.0,0.27
3540.5,0.25
3543.1,0.24
3545.6,0.25
3548.1,0.25
3550.6,0.25
3553.0,0.26
3555.4,0.26
3557.7,0.27
3560.0,0.27
3562.4,0.26
3564.9,0.25
3567.4,0.25
3569.8,0.26
3572.3,0.25
3574.8,0.25
3577.4,0.24
3580.0,0.24
3582.5,0.25
3584.8,0.27
3587.3,0.25
3589.7,0.26
3592.1,0.26
3594.6,0.25
3597.0,0.26
3599.4,0.26
3601.8,0.26
3604.2,0.26
3606.6,0.26
3609.1,0.25
3611.4,0.27
3613.7,0.27
3615.9,0.29
3618.2,0.27
3620.7,0.25
3623.2,0.25
3625.8,0.24
3628.4,0.24
3630.9,0.25
3633.4,0.25
3635.7,0.27
3638.1,0.26
3640.6,0.25
3643.0,0.26
3645.5,0.25
3647.9,0.26
3650.4,0.25
3652.7,0.27
3655.0,0.27
3657.3,0.27
3659.7,0.26
3662.1,0.26
3664.7,0.24
3667.3,0.24
3669.8,0.25
3672.3,0.25
3674.7,0.26
3677.1,0.26
3679.5,0.26
3681.8,0.27
3684.1,0.27
3686.5,0.26
3689.1,0.24
3691.7,0.24
3694.4,0.23
3696.9,0.25
3699.3,0.26
3701.7,0.26
3704.1,0.26
3706.6,0.25
3709.1,0.25
3711.4,0.27
3713.9,0.25
3716.2,0.27
3718.7,0.25
3721.1,0.26
3723.4,0.27
3725.8,0.26
3728.2,0.26
3730.7,0.25
3733.2,0.25
3735.7,0.25
3738.2,0.25
3740.7,0.25
3743.3,0.24
3745.8,0.25
3748.3,0.25
3750.8,0.25
3753.3,0.25
3755.7,0.26
3758.3,0.24
3760.8,0.25
3763.4,0.24
3766.0,0.24
3768.5,0.25
3771.0,0.25
3773.5,0.25
3775.9,0.26
3778.3,0.26
3780.8,0.25
3783.3,0.25
3785.7,0.26
3788.1,0.26
3790.6,0.25
3793.1,0.25
3795.6,0.25
3798.2,0.24
3800.8,0.24
3803.2,0.26
3805.8,0.24
3808.4,0.24
3811.0,0.24
3813.5,0.25
3815.8,0.27
3818.2,0.26
3820.4,0.29
3822.7,0.27
3825.1,0.26
3827.6,0.25
3830.3,0.23
3832.8,0.25
3835.2,0.26
3837.7,0.25
3840.2,0.25
3842.8,0.24
3845.3,0.25
3848.1,0.22
3850.9,0.22
3853.5,0.24
3856.0,0.25
3858.5,0.25
3861.1,0.24
3863.7,0.24
3866.2,0.25
3868.8,0.24
3871.5,0.23
3874.2,0.23
3876.9,0.23
3879.6,0.23
3882.2,0.24
3884.8,0.24
3887.4,0.24
3889.9,0.25
3892.4,0.25
3894.9,0.25
3897.5,0.24
3899.9,0.26
3902.5,0.24
3905.0,0.25
3907.5,0.25
3910.1,0.24
3912.5,0.26
3915.0,0.25
3917.7,0.23
3920.1,0.26
3922.6,0.25
3925.3,0.23
3927.4,0.30
3929.2,0.35
3931.0,0.35
3932.8,0.35
3934.6,0.35
3936.3,0.37
3938.1,0.35
3940.0,0.33
3941.9,0.33
3943.9,0.31
3945.9,0.31
3947.8,0.33
3949.9,0.30
3951.8,0.33
3953.9,0.30
3955.9,0.31
3957.9,0.31
3960.0,0.30
3962.0,0.31
3964.0,0.31
3966.0,0.31
3968.1,0.30
3970.1,0.31
3972.1,0.31
3974.1,0.31
3976.1,0.31
3978.0,0.33
3979.9,0.33
3981.8,0.33
3983.7,0.33
3985.6,0.33
3987.6,0.31
3989.6,0.31
3991.6,0.31
3993.5,0.33
3995.4,0.33
3997.5,0.30
3999.5,0.31
4001.6,0.30
4003.8,0.29
4006.0,0.29
4008.2,0.29
4010.4,0.29
4012.4,0.31
4014.3,0.33
4016.3,0.31
4018.3,0.31
4020.1,0.35
4021.9,0.35
4023.7,0.35
4025.6,0.33
4027.4,0.35
4029.3,0.33
4031.2,0.33
4033.2,0.31
4035.1,0.33
4037.1,0.31
4039.0,0.33
4040.8,0.35
4042.4,0.39
4043.9,0.42
4045.5,0.39
4047.2,0.37
4049.1,0.33
4051.0,0.33
4052.8,0.35
4054.7,0.33
4056.6,0.33
4058.5,0.33
4060.3,0.35
4062.2,0.33
4064.2,0.31
4066.3,0.30
4068.5,0.29
4070.5,0.31
4072.5,0.31
4074.6,0.30
4076.6,0.31
4078.6,0.31
4080.4,0.35
4082.3,0.33
4084.2,0.33
4086.1,0.33
4088.0,0.33
4090.0,0.31
4091.9,0.33
4093.8,0.33
4095.6,0.35
4097.4,0.35
4099.3,0.33
4101.2,0.33
4103.0,0.35
4104.9,0.33
4106.9,0.31
4108.9,0.31
4110.7,0.35
4112.6,0.33
4114.4,0.35
4116.3,0.33
4118.2,0.33
4120.2,0.31
4122.0,0.35
4123.8,0.35
4125.6,0.35
4127.5,0.33
4129.5,0.31
4131.4,0.33
4133.3,0.33
4135.2,0.33
4137.2,0.31
4139.1,0.33
4141.1,0.31
4143.3,0.29
4145.5,0.29
4147.7,0.29
4149.9,0.29
4152.2,0.27
4154.6,0.26
4157.0,0.26
4159.4,0.26
4161.7,0.27
4163.9,0.29
4166.2,0.27
4168.6,0.26
4171.0,0.26
4173.4,0.26
4175.9,0.25
4178.3,0.26
4180.7,0.26
4183.1,0.26
4185.4,0.27
4187.7,0.27
4190.0,0.27
4192.4,0.26
4194.6,0.29
4196.9,0.27
4199.3,0.26
4201.7,0.26
4204.0,0.27
4206.3,0.27
4208.6,0.27
4210.8,0.29
4213.0,0.29
4215.3,0.27
4217.7,0.26
4220.1,0.26
4222.4,0.27
4224.9,0.25
4227.3,0.26
4229.9,0.24
4232.4,0.25
4234.8,0.26
4237.2,0.26
4239.6,0.26
4242.0,0.26
4244.5,0.25
4247.1,0.24
4249.6,0.25
4252.1,0.25
4254.6,0.25
4257.1,0.25
4259.4,0.27
4261.9,0.25
4264.2,0.27
4266.6,0.26
4269.1,0.25
4271.5,0.26
4274.0,0.25
4276.5,0.25
4279.1,0.24
4281.3,0.29
4283.6,0.27
4285.9,0.27
4288.3,0.26
4290.8,0.25
4293.1,0.27
4295.5,0.26
4297.9,0.26
4300.4,0.25
4302.8,0.26
4305.1,0.27
4307.4,0.27
4309.7,0.27
4311.9,0.29
4314.0,0.30
4316.2,0.29
4318.5,0.27
4320.9,0.26
4323.3,0.26
4325.7,0.26
4327.9,0.29
4330.2,0.27
4332.5,0.27
4334.9,0.26
4337.4,0.25
4340.0,0.24
4342.1,0.30
4344.1,0.31
4345.9,0.35
4347.8,0.33
4349.6,0.35
4351.5,0.33
4353.5,0.31
4355.5,0.31
4357.5,0.31
4359.6,0.30
4361.5,0.33
4363.5,0.31
4365.5,0.31
4367.5,0.31
4369.4,0.33
4371.4,0.31
4373.3,0.33
4375.3,0.31
4377.2,0.33
4379.2,0.31
4381.1,0.33
4383.1,0.31
4385.0,0.33
4387.1,0.30
4389.1,0.31
4391.1,0.31
4393.0,0.33
4395.0,0.31
4396.9,0.33
4398.9,0.31
4400.9,0.31
4402.9,0.31
4404.9,0.31
4407.0,0.30
4409.1,0.30
4411.1,0.31
4413.1,0.31
4415.0,0.33
4416.9,0.33
4418.8,0.33
4420.8,0.31
4422.8,0.31
4424.7,0.33
4426.7,0.31
4428.8,0.30
4430.8,0.31
4432.7,0.33
4434.6,0.33
4436.6,0.31
4438.6,0.31
4440.5,0.33
4442.4,0.33
4444.4,0.31
4446.6,0.29
4448.8,0.29
4450.9,0.30
4452.9,0.31
4455.0,0.30
4457.0,0.31
4459.1,0.30
4461.1,0.31
4463.2,0.30
4465.3,0.30
4467.5,0.29
4469.7,0.29
4471.7,0.31
4473.7,0.31
4475.6,0.33
4477.6,0.31
4479.5,0.33
4481.5,0.31
4483.5,0.31
4485.6,0.30
4487.7,0.30
4489.8,0.30
4491.9,0.30
4493.9,0.31
4496.0,0.30
4498.0,0.31
4500.0,0.31
4502.1,0.30
4504.2,0.30
4506.3,0.30
4508.5,0.29
4510.6,0.30
4512.7,0.30
4514.8,0.30
4516.8,0.31
4518.8,0.31
4520.8,0.31
4522.8,0.31
4524.9,0.30
4526.9,0.31
4529.0,0.30
4531.1,0.30
4533.1,0.31
4535.1,0.31
4537.2,0.30
4539.3,0.30
4541.5,0.29
4543.7,0.29
4546.0,0.27
4548.2,0.29
4550.4,0.29
4552.5,0.30
4554.5,0.31
4556.6,0.30
4558.6,0.31
4560.6,0.31
4562.8,0.29
4565.0,0.29
4567.2,0.29
4569.4,0.29
4571.5,0.30
4573.6,0.30
4575.7,0.30
4577.7,0.31
4579.8,0.30
4581.9,0.30
4583.9,0.31
4586.0,0.30
4588.2,0.29
4590.4,0.29
4592.5,0.30
4594.7,0.29
4596.9,0.29
4599.0,0.30
4601.2,0.29
4603.4,0.29
4605.5,0.30
4607.5,0.31
4609.6,0.30
4611.6,0.31
4613.6,0.31
4615.5,0.33
4617.4,0.33
4619.3,0.33
4621.2,0.33
4623.1,0.33
4625.0,0.33
4626.4,0.45
4628.0,0.39
4629.9,0.33
4631.9,0.31
4633.9,0.31
4636.0,0.30
4638.1,0.30
4640.1,0.31
4642.1,0.31
4644.1,0.31
4646.3,0.29
4648.4,0.30
4650.4,0.31
4652.4,0.31
4654.5,0.30
4656.5,0.31
4658.6,0.30
4660.7,0.30
4662.9,0.29
4664.9,0.31
4666.9,0.31
4668.9,0.31
4670.9,0.31
4672.9,0.31
4674.9,0.31
4676.9,0.31
4678.8,0.33
4680.8,0.31
4682.8,0.31
4684.8,0.31
4686.9,0.30
4689.1,0.29
4691.3,0.29
4693.6,0.27
4695.8,0.29
4697.9,0.30
4699.9,0.31
4702.0,0.30
4704.2,0.29
4706.3,0.30
4708.4,0.30
4710.4,0.31
4712.5,0.30
4714.6,0.30
4716.9,0.27
4719.0,0.30
4721.1,0.30
4723.2,0.30
4725.3,0.30
4727.5,0.29
4729.6,0.30
4731.9,0.27
4734.0,0.30
4736.1,0.30
4738.2,0.30
4740.4,0.29
4742.5,0.30
4744.8,0.27
4747.1,0.27
4749.4,0.27
4751.7,0.27
4753.9,0.29
4756.0,0.30
4758.0,0.31
4760.1,0.30
4762.1,0.31
4764.0,0.33
4765.8,0.35
4767.6,0.35
4769.5,0.33
4771.4,0.33
4773.3,0.33
4775.1,0.35
4776.9,0.35
4778.6,0.37
4780.4,0.35
4782.3,0.33
4784.2,0.33
4786.2,0.31
4788.1,0.33
4790.2,0.30
4792.2,0.31
4794.2,0.31
4796.3,0.30
4798.3,0.31
4800.3,0.31
4802.4,0.30
4804.5,0.30
4806.6,0.30
4808.8,0.29
4810.9,0.30
4813.2,0.27
4815.2,0.31
4817.3,0.30
4819.3,0.31
4821.4,0.30
4823.4,0.31
4825.4,0.31
4827.5,0.30
4829.7,0.29
4831.8,0.30
4833.9,0.30
4836.0,0.30
4838.1,0.30
4840.2,0.30
4842.2,0.31
4844.2,0.31
4846.2,0.31
4848.2,0.31
4850.3,0.30
4852.4,0.30
4854.6,0.29
4856.9,0.27
4859.1,0.29
4861.3,0.29
4863.3,0.31
4865.5,0.29
4867.8,0.27
4869.9,0.30
4871.9,0.31
4874.0,0.30
4875.9,0.33
4877.9,0.31
4879.9,0.31
4882.1,0.29
4884.3,0.29
4886.4,0.30
4888.6,0.29
4890.8,0.29
4892.9,0.30
4895.0,0.30
4897.1,0.30
4899.1,0.31
4901.2,0.30
4903.3,0.30
4905.4,0.30
4907.5,0.30
4909.6,0.30
4911.9,0.27
4914.0,0.30
4916.1,0.30
4918.1,0.31
4920.1,0.31
4922.1,0.31
4924.2,0.30
4926.5,0.27
4928.8,0.27
4931.1,0.27
4933.3,0.29
4935.4,0.30
4937.4,0.31
4939.6,0.29
4941.7,0.30
4943.9,0.29
4946.1,0.29
4948.2,0.30
4950.5,0.27
4952.8,0.27
4955.0,0.29
4957.2,0.29
4959.4,0.29
4961.4,0.31
4963.4,0.31
4965.4,0.31
4967.5,0.30
4969.6,0.30
4971.5,0.33
4973.6,0.30
4975.6,0.31
4977.6,0.31
4979.8,0.29
4981.9,0.30
4984.0,0.30
4986.2,0.29
4988.5,0.27
4990.6,0.30
4992.7,0.30
4994.9,0.29
4997.1,0.29
4999.3,0.29
5001.4,0.30
5003.6,0.29
5005.9,0.27
5008.1,0.29
5010.2,0.30
5012.4,0.29
5014.7,0.27
5017.0,0.27
5019.3,0.27
5021.7,0.26
5024.0,0.27
5026.4,0.26
5028.7,0.27
5031.0,0.27
5033.4,0.26
5035.7,0.27
5038.1,0.26
5040.4,0.27
5042.8,0.26
5045.1,0.27
5047.4,0.27
5049.7,0.27
5052.1,0.26
5054.4,0.27
5056.8,0.26
5059.1,0.27
5061.5,0.26
5063.9,0.26
5066.5,0.24
5069.1,0.24
5071.7,0.24
5074.2,0.25
5076.7,0.25
5079.2,0.25
5081.7,0.25
5084.1,0.26
5086.6,0.25
5089.1,0.25
5091.6,0.25
5094.2,0.24
5096.7,0.25
5099.2,0.25
5101.8,0.24
5104.4,0.24
5106.9,0.25
5109.4,0.25
5111.9,0.25
5114.5,0.24
5117.2,0.23
5119.8,0.24
5122.6,0.22
5125.3,0.23
5128.1,0.22
5130.9,0.22
5133.8,0.22
5136.5,0.23
5139.2,0.23
5141.7,0.25
5144.3,0.24
5146.9,0.24
5149.5,0.24
5152.1,0.24
5155.0,0.22
5157.8,0.22
5160.4,0.24
5163.0,0.24
5165.7,0.23
5168.6,0.22
5171.3,0.23
5173.9,0.24
5176.5,0.24
5179.0,0.25
5181.6,0.24
5184.2,0.24
5187.0,0.22
5189.8,0.22
5192.5,0.23
5195.4,0.22
5198.2,0.22
5200.9,0.23
5203.5,0.24
5206.0,0.25
5208.6,0.24
5211.2,0.24
5213.9,0.23
5216.4,0.25
5219.0,0.24
5221.7,0.23
5224.4,0.23
5227.4,0.21
5230.3,0.22
5233.2,0.22
5236.2,0.21
5238.9,0.23
5241.6,0.23
5244.4,0.22
5247.3,0.22
5250.3,0.21
5253.3,0.21
5256.0,0.23
5258.8,0.22
5261.4,0.24
5264.3,0.22
5267.4,0.20
5270.7,0.19
5273.7,0.21
5276.5,0.22
5279.1,0.24
5281.7,0.24
5284.4,0.23
5287.2,0.22
5290.1,0.22
5292.9,0.22
5295.8,0.22
5298.6,0.22
5301.5,0.22
5304.4,0.22
5307.4,0.21
5310.5,0.20
5313.3,0.22
5316.2,0.22
5319.0,0.22
5321.9,0.22
5324.9,0.21
5327.9,0.21
5331.0,0.20
5334.0,0.21
5337.1,0.20
5339.9,0.22
5342.6,0.23
5345.7,0.20
5349.1,0.18
5351.9,0.22
5354.6,0.23
5357.4,0.22
5360.2,0.22
5363.1,0.22
5365.9,0.22
5368.6,0.23
5371.4,0.22
5374.2,0.22
5377.1,0.22
5379.9,0.22
5382.9,0.21
5385.7,0.22
5388.6,0.22
5391.5,0.22
5394.1,0.24
5397.0,0.22
5400.1,0.20
5403.0,0.22
5406.0,0.21
5409.0,0.21
5411.9,0.22
5414.7,0.22
5417.2,0.25
5419.9,0.23
5422.9,0.21
5426.1,0.20
5429.3,0.20
5432.3,0.21
5435.1,0.22
5438.0,0.22
5441.0,0.21
5443.9,0.22
5446.8,0.22
5449.6,0.22
5452.3,0.23
5455.0,0.23
5457.7,0.23
5460.3,0.24
5463.0,0.23
5466.0,0.21
5469.0,0.21
5471.9,0.22
5474.8,0.22
5477.6,0.22
5480.5,0.22
5483.2,0.23
5486.0,0.22
5488.9,0.22
5491.7,0.22
5494.5,0.22
5497.4,0.22
5500.5,0.20
5503.6,0.20
5506.5,0.22
5509.6,0.20
5512.8,0.20
5516.2,0.18
5519.4,0.20
5522.3,0.22
5525.2,0.22
5528.3,0.20
5531.3,0.21
5534.3,0.21
5537.4,0.20
5540.6,0.20
5543.8,0.20
5547.2,0.18
5550.2,0.21
5553.3,0.20
5556.4,0.20
5559.6,0.20
5562.6,0.21
5565.5,0.22
5568.4,0.22
5571.4,0.21
5574.3,0.22
5577.2,0.22
5580.2,0.21
5583.3,0.20
5586.5,0.20
5589.6,0.20
5592.4,0.22
5595.0,0.24
5597.7,0.23
5600.6,0.22
5603.6,0.21
5606.6,0.21
5609.5,0.22
5612.6,0.20
5615.8,0.20
5618.5,0.23
5620.7,0.29
5622.8,0.30
5624.9,0.30
5627.2,0.27
5629.4,0.29
5631.6,0.29
5633.9,0.27
5636.1,0.29
5638.4,0.27
5640.7,0.27
5643.1,0.26
5645.5,0.26
5647.7,0.29
5649.8,0.30
5651.8,0.31
5653.8,0.31
5655.6,0.35
5657.5,0.33
5659.4,0.33
5661.4,0.31
5663.5,0.30
5665.6,0.30
5667.9,0.27
5670.1,0.29
5672.2,0.30
5674.3,0.30
5676.4,0.30
5678.3,0.33
5680.3,0.31
5682.3,0.31
5684.3,0.31
5686.4,0.30
5688.4,0.31
5690.6,0.29
5692.7,0.30
5694.6,0.33
5696.5,0.33
5698.6,0.30
5700.7,0.30
5702.8,0.30
5705.0,0.29
5707.1,0.30
5709.2,0.30
5711.2,0.31
5713.4,0.29
5715.5,0.30
5717.6,0.30
5719.7,0.30
5721.8,0.30
5724.1,0.27
5726.6,0.25
5729.1,0.25
5731.7,0.24
5734.1,0.26
5736.5,0.26
5739.1,0.24
5741.7,0.24
5744.3,0.24
5747.0,0.23
5749.5,0.25
5751.9,0.26
5754.4,0.25
5757.0,0.24
5759.7,0.23
5762.3,0.24
5765.2,0.22
5768.0,0.22
5770.9,0.22
5773.8,0.22
5776.7,0.22
5779.4,0.23
5782.2,0.22
5785.2,0.21
5788.1,0.22
5791.1,0.21
5793.9,0.22
5796.8,0.22
5799.7,0.22
5802.4,0.23
5805.2,0.22
5808.0,0.22
5810.7,0.23
5813.5,0.22
5816.4,0.22
5819.5,0.20
5822.5,0.21
5825.5,0.21
5828.5,0.21
5831.3,0.22
5834.1,0.22
5836.9,0.22
5839.9,0.21
5843.0,0.20
5846.4,0.18
5849.7,0.19
5852.7,0.21
5855.8,0.20
5859.2,0.18
5862.4,0.20
5865.4,0.21
5868.4,0.21
5871.4,0.21
5874.1,0.23
5876.9,0.22
5879.8,0.22
5882.6,0.22
5885.5,0.22
5888.6,0.20
5891.8,0.20
5894.5,0.23
5897.4,0.22
5900.2,0.22
5902.9,0.23
5905.8,0.22
5908.9,0.20
5912.1,0.20
5915.2,0.20
5918.3,0.20
5921.4,0.20
5924.3,0.22
5927.5,0.20
5930.5,0.21
5933.4,0.22
5936.2,0.22
5939.1,0.22
5942.1,0.21
5945.1,0.21
5948.2,0.20
5951.4,0.20
5954.5,0.20
5957.5,0.21
5960.5,0.21
5963.7,0.20
5966.8,0.20
5970.0,0.20
5973.5,0.18
5976.7,0.20
5979.7,0.21
5983.2,0.18
5986.8,0.17
5990.1,0.19
5993.2,0.20
5996.1,0.22
5998.9,0.22
6001.9,0.21
6004.8,0.22
6007.9,0.20
6010.9,0.21
6014.0,0.20
6017.0,0.21
6020.3,0.19
6023.4,0.20
6026.6,0.20
6029.7,0.20
6032.8,0.20
6035.9,0.20
6039.2,0.19
6042.3,0.20
6045.3,0.21
6048.6,0.19
6052.0,0.18
6055.1,0.20
6058.1,0.21
6061.1,0.21
6064.2,0.20
6067.6,0.18
6070.6,0.21
6073.8,0.20
6077.4,0.17
6081.0,0.17
6084.6,0.17
6088.2,0.17
6091.3,0.20
6094.2,0.22
6097.3,0.20
6100.9,0.17
6104.3,0.18
6107.9,0.17
6111.2,0.19
6114.5,0.19
6117.6,0.20
6120.5,0.22
6123.3,0.22
6126.5,0.20
6129.6,0.20
6133.3,0.17
6136.6,0.19
6139.6,0.21
6142.6,0.21
6145.9,0.19
6149.3,0.18
6152.6,0.19
6155.5,0.22
6158.5,0.21
6161.5,0.21
6164.4,0.22
6167.3,0.22
6170.2,0.22
6173.0,0.22
6176.3,0.19
6179.3,0.21
6182.5,0.20
6185.9,0.18
6189.4,0.18
6193.1,0.17
6196.4,0.19
6199.7,0.19
6203.2,0.18
6206.6,0.18
6210.2,0.17
6213.7,0.18
6217.3,0.17
6221.1,0.17
6224.4,0.19
6228.0,0.17
6231.4,0.18
6235.2,0.17
6239.1,0.16
6242.7,0.17
6246.1,0.18
6249.9,0.17
6253.4,0.18
6256.9,0.18
6260.1,0.20
6263.1,0.21
6266.5,0.18
6270.1,0.17
6273.5,0.18
6277.0,0.18
6280.2,0.20
6283.4,0.20
6286.9,0.18
6290.1,0.20
6293.5,0.18
6296.9,0.18
6300.3,0.18
6303.7,0.18
6307.0,0.19
6310.5,0.18
6313.6,0.20
6316.6,0.21
6319.7,0.20
6322.8,0.20
6325.8,0.21
6329.1,0.19
6332.5,0.18
6335.7,0.20
6338.7,0.21
6341.2,0.25
6343.3,0.30
6345.4,0.30
6347.5,0.30
6349.7,0.29
6351.8,0.30
6354.0,0.29
6356.2,0.29
6358.3,0.30
6360.4,0.30
6362.5,0.30
6364.9,0.26
6367.2,0.27
6369.5,0.27
6371.7,0.29
6373.9,0.29
6376.1,0.29
6378.2,0.30
6380.3,0.30
6382.3,0.31
6384.3,0.31
6386.2,0.33
6388.3,0.30
6390.3,0.31
6392.2,0.33
6394.3,0.30
6396.3,0.31
6398.4,0.30
6400.6,0.29
6402.8,0.29
6404.9,0.30
6407.2,0.27
6409.5,0.27
6411.7,0.29
6414.0,0.27
6416.2,0.29
6418.4,0.29
6420.5,0.30
6422.4,0.33
6424.6,0.29
6426.8,0.29
6429.0,0.29
6431.2,0.29
6433.6,0.26
6436.0,0.26
6438.5,0.25
6441.0,0.25
6443.6,0.24
6446.1,0.25
6448.6,0.25
6451.2,0.24
6454.0,0.22
6456.9,0.22
6459.7,0.22
6462.6,0.22
6465.6,0.21
6468.5,0.22
6471.3,0.22
6474.1,0.22
6476.9,0.22
6479.5,0.24
6482.3,0.22
6485.2,0.22
6488.1,0.22
6490.9,0.22
6493.6,0.23
6496.4,0.22
6499.2,0.22
6502.1,0.22
6505.2,0.20
6508.8,0.17
6512.5,0.17
6516.4,0.16
6519.4,0.21
6522.5,0.20
6525.6,0.20
6528.9,0.19
6532.1,0.20
6535.2,0.20
6538.1,0.22
6541.6,0.18
6544.7,0.20
6548.1,0.18
6552.1,0.16
6555.4,0.19
6558.6,0.20
6562.0,0.18
6565.3,0.19
6568.4,0.20
6571.4,0.21
6574.4,0.21
6577.3,0.22
6580.6,0.19
6584.1,0.18
6587.3,0.20
6590.3,0.21
6593.2,0.22
6596.3,0.20
6599.1,0.22
6601.9,0.22
6604.7,0.22
6608.1,0.18
6611.6,0.18
6615.0,0.18
6618.3,0.19
6621.6,0.19
6625.3,0.17
6628.9,0.17
6632.7,0.17
6636.3,0.17
6640.1,0.17
6643.5,0.18
6647.5,0.16
6651.1,0.17
6654.5,0.18
6658.2,0.17
6661.7,0.18
6665.3,0.17
6668.6,0.19
6672.3,0.17
6675.6,0.19
6678.6,0.21
6681.9,0.19
6685.1,0.20
6688.5,0.18
6691.8,0.19
6694.9,0.20
6698.2,0.19
6701.3,0.20
6704.4,0.20
6707.5,0.20
6711.3,0.17
6715.1,0.17
6718.2,0.20
6721.3,0.20
6724.5,0.20
6728.0,0.18
6731.6,0.17
6734.8,0.20
6737.9,0.20
6741.2,0.19
6744.6,0.18
6747.8,0.20
6751.2,0.18
6754.6,0.18
6758.1,0.18
6761.7,0.17
6765.3,0.17
6768.8,0.18
6772.2,0.18
6775.3,0.20
6778.4,0.20
6781.6,0.20
6784.8,0.20
6788.5,0.17
6792.3,0.17
6796.1,0.17
6799.7,0.17
6802.8,0.20
6806.0,0.20
6808.4,0.26
6810.6,0.29
6812.8,0.29
6815.1,0.27
6817.4,0.27
6819.7,0.27
6822.1,0.26
6824.7,0.24
6827.2,0.25
6829.7,0.25
6832.2,0.25
6834.6,0.26
6836.8,0.29
6839.2,0.26
6841.6,0.26
6843.9,0.27
6846.2,0.27
6848.6,0.26
6850.9,0.27
6853.2,0.27
6855.6,0.26
6857.8,0.29
6860.1,0.27
6862.4,0.27
6865.0,0.24
6867.5,0.25
6869.9,0.26
6872.2,0.27
6874.5,0.27
6876.8,0.27
6879.1,0.27
6881.4,0.27
6883.7,0.27
6886.1,0.26
6888.6,0.25
6891.0,0.26
6893.4,0.26
6895.6,0.29
6897.8,0.29
6900.1,0.27
6902.3,0.29
6904.6,0.27
6906.9,0.27
6909.1,0.29
6911.4,0.27
6913.7,0.27
6916.0,0.27
6918.4,0.26
6920.7,0.27
6923.1,0.26
6925.4,0.27
6927.9,0.25
6930.3,0.26
6932.6,0.27
6934.9,0.27
6937.1,0.29
6939.4,0.27
6941.6,0.29
6944.0,0.26
6946.5,0.25
6948.9,0.26
6951.3,0.26
6953.6,0.27
6956.1,0.25
6958.5,0.26
6960.9,0.26
6963.2,0.27
6965.5,0.27
6967.9,0.26
6970.3,0.26
6972.7,0.26
6975.0,0.27
6977.2,0.29
6979.2,0.31
6981.3,0.30
6983.4,0.30
6985.8,0.26
6988.0,0.29
6990.2,0.29
6992.3,0.30
6994.5,0.29
6996.6,0.30
6998.9,0.27
7001.2,0.27
7003.6,0.26
7006.1,0.25
7008.4,0.27
7010.8,0.26
7013.2,0.26
7015.4,0.29
7017.6,0.29
7019.7,0.30
7021.9,0.29
7024.1,0.29
7026.2,0.30
7028.4,0.29
7030.6,0.29
7032.8,0.29
7035.0,0.29
7037.2,0.29
7039.4,0.29
7041.6,0.29
7044.0,0.26
7046.5,0.25
7048.9,0.26
7051.3,0.26
7053.6,0.27
7056.0,0.26
7058.2,0.29
7060.4,0.29
7062.8,0.26
7065.3,0.25
7067.8,0.25
7070.4,0.24
7073.0,0.24
7075.5,0.25
7077.9,0.26
7080.2,0.27
7082.5,0.27
7084.8,0.27
7087.1,0.27
7089.2,0.30
7091.5,0.27
7093.7,0.29
7096.0,0.27
7098.4,0.26
7100.8,0.26
7103.1,0.27
7105.6,0.25
7108.2,0.24
7110.5,0.27
7112.7,0.29
7115.0,0.27
7117.2,0.29
7119.3,0.30
7121.5,0.29
7123.8,0.27
7126.3,0.25
7128.8,0.25
7131.1,0.27
7133.3,0.29
7135.6,0.27
7137.9,0.27
7140.2,0.27
7142.4,0.29
7144.7,0.27
7147.0,0.27
7149.3,0.27
7151.7,0.26
7154.1,0.26
7156.5,0.26
7158.8,0.27
7161.1,0.27
7163.3,0.29
7165.7,0.26
7168.1,0.26
7170.6,0.25
7173.1,0.25
7175.4,0.27
7177.7,0.27
7180.1,0.26
7182.6,0.25
7185.0,0.26
7187.4,0.26
7189.9,0.25
7192.4,0.25
7194.9,0.25
7197.3,0.26
7199.6,0.27
7202.1,0.25
7204.6,0.25
7207.0,0.26
7209.4,0.26
7211.8,0.26
7214.2,0.26
7216.8,0.24
7219.2,0.26
7221.5,0.27
7223.8,0.27
7226.0,0.29
7228.2,0.29
7230.5,0.27
7232.8,0.27
7235.0,0.29
7237.3,0.27
7239.9,0.24
7242.7,0.22
7245.4,0.23
7248.1,0.23
7251.0,0.22
7254.2,0.20
7257.3,0.20
7260.1,0.22
7263.0,0.22
7265.8,0.22
7268.7,0.22
7271.7,0.21
7274.4,0.23
7277.1,0.23
7279.8,0.23
7282.6,0.22
7285.5,0.22
7288.5,0.21
7291.4,0.22
7294.4,0.21
7297.2,0.22
7300.2,0.21
7303.4,0.20
7306.5,0.20
7309.6,0.20
7312.9,0.19
7316.1,0.20
7319.0,0.22
7321.9,0.22
7325.0,0.20
7328.1,0.20
7331.2,0.20
7334.4,0.20
7337.5,0.20
7340.6,0.20
7343.8,0.20
7347.2,0.18
7350.6,0.18
7354.0,0.18
7357.4,0.18
7360.7,0.19
7364.3,0.17
7368.0,0.17
7372.0,0.16
7375.4,0.18
7378.9,0.18
7383.2,0.15
7387.3,0.15
7390.9,0.17
7394.1,0.20
7397.4,0.19
7400.7,0.19
7403.9,0.20
7407.5,0.17
7411.2,0.17
7414.9,0.17
7418.5,0.17
7422.5,0.16
7426.8,0.15
7430.7,0.16
7434.6,0.16
7438.2,0.17
7441.9,0.17
7445.4,0.18
7448.3,0.22
7451.4,0.20
7454.8,0.18
7457.8,0.21
7460.9,0.20
7464.3,0.18
7467.6,0.19
7470.9,0.19
7474.0,0.20
7476.9,0.22
7480.0,0.20
7483.1,0.20
7486.3,0.20
7489.6,0.19
7492.9,0.19
7496.3,0.18
7499.4,0.20
7502.8,0.18
7506.4,0.17
7510.5,0.15
7513.9,0.18
7517.4,0.18
7520.5,0.20
7523.7,0.20
7527.2,0.18
7530.5,0.19
7533.5,0.21
7536.5,0.21
7539.5,0.21
7542.9,0.18
7546.9,0.16
7550.6,0.17
7554.1,0.18
7557.5,0.18
7560.6,0.20
7564.0,0.18
7567.3,0.19
7570.5,0.20
7573.6,0.20
7577.1,0.18
7580.9,0.17
7584.5,0.17
7588.0,0.18
7591.2,0.20
7594.4,0.20
7597.5,0.20
7600.8,0.19
7604.0,0.20
7607.4,0.18
7611.1,0.17
7614.9,0.17
7619.1,0.15
7622.5,0.18
7625.9,0.18
7629.2,0.19
7632.3,0.20
7635.6,0.19
7639.4,0.17
7643.0,0.17
7647.0,0.16
7650.6,0.17
7653.8,0.20
7657.4,0.17
7661.1,0.17
7665.0,0.16
7669.0,0.16
7673.6,0.14
7677.5,0.16
7681.1,0.17
7685.2,0.15
7689.5,0.15
7693.1,0.17
7696.7,0.17
7700.1,0.18
7703.6,0.18
7707.2,0.17
7710.9,0.17
7714.9,0.16
7718.6,0.17
7722.4,0.17
7726.0,0.17
7730.3,0.15
7734.8,0.14
7739.4,0.14
7743.8,0.14
7748.6,0.13
7752.3,0.17
7755.5,0.20
7758.8,0.19
7762.2,0.18
7765.4,0.20
7768.7,0.19
7772.0,0.19
7775.4,0.18
7778.9,0.18
7782.9,0.16
7786.4,0.18
7789.9,0.18
7793.6,0.17
7797.6,0.16
7801.2,0.17
7805.3,0.15
7809.5,0.15
7813.8,0.15
7817.7,0.16
7823.1,0.12
7828.9,0.11
7829.9,0.00
7867.3,0.00
7868.3,0.29
7870.3,0.31
7872.3,0.31
7877.2,0.13
7879.9,0.23
7882.1,0.29
7884.3,0.29
7886.4,0.30
7888.5,0.30
7890.7,0.29
7892.9,0.29
7895.1,0.29
7897.3,0.29
7899.6,0.27
7901.8,0.29
7903.9,0.30
7906.0,0.30
7908.2,0.29
7910.4,0.29
7912.7,0.27
7914.9,0.29
7917.3,0.26
7919.6,0.27
7922.0,0.26
7924.3,0.27
7926.5,0.29
7928.6,0.30
7930.7,0.30
7932.8,0.30
7934.9,0.30
7937.1,0.29
7939.3,0.29
7941.4,0.30
7943.6,0.29
7946.0,0.26
7948.3,0.27
7950.6,0.27
7952.8,0.29
7955.1,0.27
7957.4,0.27
7959.7,0.27
7961.9,0.29
7964.0,0.30
7966.3,0.27
7968.7,0.26
7971.0,0.27
7973.3,0.27
7975.4,0.30
7977.6,0.29
7979.9,0.27
7982.1,0.29
7984.4,0.27
7986.6,0.29
7988.9,0.27
7991.0,0.30
7993.2,0.29
7995.5,0.27
7997.8,0.27
8000.2,0.26
8002.6,0.26
8004.9,0.27
8007.1,0.29
8009.5,0.26
8012.0,0.25
8014.6,0.24
8017.2,0.24
8019.8,0.24
8022.4,0.24
8025.0,0.24
8027.7,0.23
8030.3,0.24
8033.0,0.23
8035.9,0.22
8038.5,0.24
8041.2,0.23
8043.9,0.23
8046.6,0.23
8049.6,0.21
8052.6,0.21
8055.4,0.22
8057.9,0.25
8060.5,0.24
8063.4,0.22
8066.5,0.20
8069.3,0.22
8071.9,0.24
8074.9,0.21
8077.7,0.22
8080.7,0.21
8083.8,0.20
8087.1,0.19
8090.2,0.20
8093.1,0.22
8095.9,0.22
8098.7,0.22
8101.6,0.22
8104.8,0.20
8108.1,0.19
8111.3,0.20
8114.3,0.21
8117.3,0.21
8120.5,0.20
8123.6,0.20
8126.8,0.20
8130.4,0.17
8133.5,0.20
8136.4,0.22
8139.5,0.20
8142.7,0.20
8146.3,0.17
8149.8,0.18
8153.5,0.17
8157.2,0.17
8160.9,0.17
8164.4,0.18
8168.0,0.17
8171.2,0.20
8174.8,0.17
8177.8,0.21
8180.8,0.21
8183.9,0.20
8187.2,0.19
8190.6,0.18
8193.9,0.19
8197.0,0.20
8200.1,0.20
8203.4,0.19
8206.9,0.18
8210.4,0.18
8214.0,0.17
8217.5,0.18
8221.1,0.17
8224.8,0.17
8228.6,0.17
8231.9,0.19
8235.5,0.17
8239.3,0.17
8242.9,0.17
8246.4,0.18
8249.9,0.18
8253.6,0.17
8256.9,0.19
8260.2,0.19
8263.9,0.17
8267.3,0.18
8270.9,0.17
8274.5,0.17
8278.2,0.17
8282.0,0.17
8285.4,0.18
8289.0,0.17
8292.7,0.17
8296.2,0.18
8299.5,0.19
8302.8,0.19
8306.1,0.19
8309.9,0.17
8313.5,0.17
8317.1,0.17
8320.8,0.17
8324.4,0.17
8328.3,0.16
8332.8,0.14
8336.7,0.16
8341.1,0.14
8345.8,0.13
8350.0,0.15
8354.0,0.16
8358.1,0.15
8362.5,0.14
8366.0,0.18
8369.6,0.17
8373.7,0.15
8377.3,0.17
8381.0,0.17
8385.8,0.13
8390.6,0.13
8394.4,0.17
8397.7,0.19
8401.1,0.18
8405.0,0.16
8408.5,0.18
8412.0,0.18
8415.9,0.16
8419.5,0.17
8423.1,0.17
8426.9,0.17
8430.6,0.17
8434.0,0.18
8437.7,0.17
8441.6,0.16
8445.2,0.17
8448.7,0.18
8452.2,0.18
8455.9,0.17
8459.3,0.18
8462.6,0.19
8466.1,0.18
8469.8,0.17
8473.2,0.18
8477.2,0.16
8480.8,0.17
8484.9,0.15
8488.9,0.16
8492.6,0.17
8496.3,0.17
8500.4,0.15
8504.3,0.16
8509.0,0.13
8513.8,0.13
8519.7,0.11
8524.8,0.12
8529.6,0.13
8533.4,0.17
8537.0,0.17
8540.5,0.18
8544.1,0.17
8547.9,0.17
8552.0,0.15
8555.9,0.16
8560.4,0.14
8564.7,0.15
8567.4,0.23
8569.8,0.26
8572.0,0.29
8574.3,0.27
8576.7,0.26
8579.2,0.25
8581.4,0.29
8583.6,0.29
8585.6,0.31
8587.5,0.33
8589.3,0.35
8591.3,0.31
8593.7,0.26
8596.1,0.26
8598.6,0.25
8600.9,0.27
8603.3,0.26
8605.7,0.26
8608.0,0.27
8610.2,0.29
8612.4,0.29
8614.6,0.29
8616.8,0.29
8619.0,0.29
8621.2,0.29
8623.5,0.27
8625.8,0.27
8628.2,0.26
8630.8,0.24
8633.4,0.24
8636.0,0.24
8638.8,0.22
8641.9,0.20
8645.0,0.20
8648.3,0.19
8651.7,0.18
8655.1,0.18
8658.3,0.20
8661.6,0.19
8664.8,0.20
8667.7,0.22
8670.9,0.20
8674.0,0.20
8677.5,0.18
8680.9,0.18
8684.4,0.18
8688.3,0.16
8691.9,0.17
8695.1,0.20
8698.4,0.19
8701.6,0.20
8705.0,0.18
8708.4,0.18
8712.0,0.17
8715.2,0.20
8718.6,0.18
8721.7,0.20
8725.0,0.19
8728.7,0.17
8732.1,0.18
8736.0,0.16
8739.5,0.18
8743.5,0.16
8747.3,0.17
8751.2,0.16
8754.6,0.18
8758.0,0.18
8761.8,0.17
8765.7,0.16
8770.0,0.15
8775.1,0.12
8778.8,0.17
8782.1,0.19
8785.9,0.17
8789.9,0.16
8793.6,0.17
8797.1,0.18
8801.1,0.16
8804.8,0.17
8809.1,0.15
8812.9,0.17
8816.6,0.17
8820.4,0.17
8823.9,0.18
8827.9,0.16
8831.9,0.16
8835.5,0.17
8839.5,0.16
8843.1,0.17
8846.8,0.17
8850.7,0.16
8854.2,0.18
8857.4,0.20
8861.2,0.17
0.0,0.00
