7.3,0.33
8.8,0.42
10.1,0.48
11.5,0.45
12.8,0.48
14.1,0.48
15.3,0.52
16.6,0.48
17.9,0.48
19.1,0.52
20.4,0.48
21.7,0.48
23.0,0.48
24.3,0.48
25.6,0.48
26.8,0.52
28.1,0.48
29.4,0.48
30.7,0.48
32.0,0.48
33.3,0.48
34.6,0.48
35.9,0.48
37.2,0.48
38.5,0.48
39.8,0.48
41.1,0.48
42.4,0.48
43.7,0.48
45.0,0.48
46.3,0.48
47.6,0.48
49.0,0.45
50.2,0.52
51.5,0.48
52.8,0.48
54.0,0.52
55.3,0.48
56.5,0.52
57.8,0.48
59.1,0.48
60.3,0.52
61.6,0.48
62.9,0.48
64.1,0.52
65.4,0.48
66.7,0.48
68.0,0.48
69.3,0.48
70.5,0.52
71.8,0.48
73.0,0.52
74.2,0.52
75.4,0.52
76.6,0.52
77.8,0.52
79.0,0.52
80.3,0.48
81.5,0.52
82.8,0.48
84.1,0.48
85.3,0.52
86.5,0.52
87.7,0.52
89.0,0.48
90.2,0.52
91.4,0.52
92.7,0.48
93.9,0.52
95.1,0.52
96.4,0.48
97.6,0.52
98.8,0.52
100.1,0.48
101.5,0.45
102.8,0.48
104.2,0.45
105.5,0.48
106.8,0.48
108.0,0.52
109.2,0.52
110.5,0.48
111.6,0.57
112.8,0.52
114.0,0.52
115.2,0.52
116.4,0.52
117.6,0.52
118.8,0.52
120.0,0.52
121.2,0.52
122.3,0.57
123.6,0.48
124.8,0.52
126.0,0.52
127.3,0.48
128.5,0.52
129.7,0.52
131.0,0.48
132.2,0.52
133.5,0.48
134.7,0.52
136.0,0.48
137.2,0.52
138.5,0.48
139.7,0.52
140.9,0.52
142.1,0.52
143.3,0.52
144.6,0.48
145.8,0.52
147.1,0.48
148.3,0.52
149.5,0.52
150.7,0.52
151.9,0.52
153.1,0.52
154.4,0.48
155.6,0.52
156.9,0.48
158.1,0.52
159.3,0.52
160.6,0.48
161.8,0.52
163.1,0.48
164.2,0.57
165.4,0.52
166.6,0.52
167.8,0.52
169.1,0.48
170.3,0.52
171.7,0.45
173.0,0.48
174.3,0.48
175.7,0.45
177.0,0.48
178.3,0.48
179.7,0.45
181.0,0.48
182.3,0.48
183.6,0.48
184.9,0.48
186.2,0.48
187.6,0.45
188.9,0.48
190.2,0.48
191.4,0.52
192.7,0.48
194.0,0.48
195.3,0.48
196.6,0.48
197.9,0.48
199.2,0.48
200.5,0.48
201.8,0.48
203.0,0.52
204.2,0.52
205.5,0.48
206.7,0.52
208.0,0.48
209.2,0.52
210.4,0.52
211.7,0.48
212.9,0.52
214.1,0.52
215.3,0.52
216.6,0.48
217.8,0.52
219.1,0.48
220.4,0.48
221.6,0.52
222.8,0.52
224.1,0.48
225.3,0.52
226.6,0.48
227.8,0.52
229.1,0.48
230.3,0.52
231.5,0.52
232.8,0.48
234.0,0.52
235.3,0.48
236.5,0.52
237.7,0.52
238.9,0.52
240.1,0.52
241.4,0.48
242.7,0.48
243.9,0.52
245.2,0.48
246.5,0.48
247.8,0.48
249.1,0.48
250.4,0.48
251.7,0.48
253.0,0.48
254.3,0.48
255.6,0.48
256.9,0.48
258.2,0.48
259.5,0.48
260.8,0.48
262.1,0.48
263.3,0.52
264.5,0.52
265.8,0.48
267.0,0.52
268.2,0.52
269.5,0.48
270.7,0.52
272.0,0.48
273.2,0.52
274.5,0.48
275.7,0.52
276.9,0.52
278.1,0.52
279.4,0.48
280.6,0.52
281.9,0.48
283.1,0.52
284.4,0.48
285.7,0.48
286.9,0.52
288.2,0.48
289.5,0.48
290.8,0.48
292.1,0.48
293.3,0.52
294.6,0.48
295.9,0.48
297.1,0.52
298.3,0.52
299.6,0.48
300.8,0.52
302.0,0.52
303.3,0.48
304.6,0.48
305.9,0.48
307.1,0.52
308.4,0.48
309.6,0.52
310.9,0.48
312.1,0.52
313.4,0.48
314.6,0.52
315.9,0.48
317.1,0.52
318.4,0.48
319.7,0.48
321.0,0.48
322.3,0.48
323.6,0.48
324.9,0.48
326.3,0.45
327.6,0.48
328.9,0.48
330.2,0.48
331.5,0.48
332.8,0.48
334.1,0.48
335.4,0.48
336.8,0.45
338.1,0.48
339.5,0.45
340.8,0.48
342.1,0.48
343.4,0.48
344.7,0.48
346.0,0.48
347.3,0.48
348.5,0.52
349.7,0.52
350.9,0.52
352.1,0.52
353.3,0.52
354.5,0.52
355.8,0.48
357.0,0.52
358.2,0.52
359.4,0.52
360.6,0.52
361.9,0.48
363.1,0.52
364.4,0.48
365.7,0.48
367.0,0.48
368.2,0.52
369.5,0.48
370.8,0.48
372.2,0.45
373.9,0.37
375.9,0.31
378.5,0.24
382.1,0.17
387.8,0.11
388.8,0.00
786.8,0.00
787.8,0.37
789.4,0.39
791.1,0.37
793.2,0.30
794.2,0.00
816.3,0.00
817.3,0.30
820.3,0.21
823.3,0.21
826.4,0.20
828.3,0.33
830.0,0.37
831.6,0.39
833.1,0.42
834.5,0.45
835.8,0.48
837.0,0.52
838.2,0.52
839.4,0.52
840.5,0.57
841.7,0.52
842.9,0.52
844.0,0.57
845.2,0.52
846.4,0.52
847.5,0.57
848.8,0.48
850.1,0.48
851.4,0.48
852.6,0.52
853.9,0.48
855.1,0.52
856.4,0.48
857.6,0.52
858.9,0.48
860.2,0.48
861.6,0.45
862.9,0.48
864.2,0.48
865.6,0.45
866.9,0.48
868.2,0.48
869.5,0.48
870.8,0.48
872.2,0.45
873.5,0.48
874.9,0.45
876.2,0.48
877.5,0.48
878.7,0.52
880.0,0.48
881.3,0.48
882.6,0.48
883.8,0.52
885.1,0.48
886.4,0.48
887.6,0.52
888.9,0.48
890.2,0.48
891.5,0.48
892.7,0.52
894.0,0.48
895.3,0.48
896.6,0.48
898.0,0.45
899.3,0.48
900.6,0.48
901.9,0.48
903.2,0.48
904.5,0.48
905.9,0.45
907.2,0.48
908.5,0.48
909.8,0.48
911.1,0.48
912.4,0.48
913.6,0.52
914.9,0.48
916.1,0.52
917.4,0.48
918.6,0.52
919.9,0.48
921.1,0.52
922.3,0.52
923.6,0.48
924.8,0.52
926.0,0.52
927.2,0.52
928.4,0.52
929.6,0.52
930.8,0.52
932.0,0.52
933.2,0.52
934.5,0.48
935.7,0.52
936.9,0.52
938.1,0.52
939.3,0.52
940.4,0.57
941.6,0.52
942.8,0.52
943.9,0.57
945.1,0.52
946.3,0.52
947.5,0.52
948.7,0.52
949.9,0.52
951.1,0.52
952.3,0.52
953.5,0.52
954.7,0.52
955.9,0.52
957.1,0.52
958.4,0.48
959.6,0.52
960.9,0.48
962.2,0.48
963.5,0.48
964.8,0.48
966.1,0.48
967.3,0.52
968.6,0.48
969.8,0.52
971.1,0.48
972.5,0.45
973.8,0.48
975.1,0.48
976.4,0.48
977.7,0.48
979.0,0.48
980.4,0.45
981.7,0.48
983.0,0.48
984.3,0.48
985.7,0.45
987.0,0.48
988.3,0.48
989.6,0.48
990.9,0.48
992.2,0.48
993.5,0.48
994.8,0.48
996.1,0.48
997.4,0.48
998.7,0.48
1000.0,0.48
1001.3,0.48
1002.6,0.48
1003.9,0.48
1005.2,0.48
1006.5,0.48
1007.7,0.52
1009.0,0.48
1010.3,0.48
1011.6,0.48
1012.9,0.48
1014.2,0.48
1015.5,0.48
1016.8,0.48
1018.0,0.52
1019.3,0.48
1020.6,0.48
1021.9,0.48
1023.1,0.52
1024.4,0.48
1025.7,0.48
1027.0,0.48
1028.3,0.48
1029.6,0.48
1031.0,0.45
1032.2,0.52
1033.6,0.45
1034.9,0.48
1036.2,0.48
1037.6,0.45
1038.9,0.48
1040.2,0.48
1041.5,0.48
1042.8,0.48
1044.1,0.48
1045.5,0.45
1046.9,0.45
1048.2,0.48
1049.6,0.45
1051.0,0.45
1052.3,0.48
1053.7,0.45
1055.1,0.45
1056.5,0.45
1057.9,0.45
1059.3,0.45
1060.7,0.45
1062.0,0.48
1063.4,0.45
1064.8,0.45
1066.2,0.45
1067.5,0.48
1068.9,0.45
1070.3,0.45
1071.6,0.48
1073.0,0.45
1074.3,0.48
1075.6,0.48
1076.9,0.48
1078.2,0.48
1079.6,0.45
1080.9,0.48
1082.3,0.45
1083.6,0.48
1085.0,0.45
1086.3,0.48
1087.7,0.45
1089.0,0.48
1090.4,0.45
1091.8,0.45
1093.2,0.45
1094.6,0.45
1096.0,0.45
1097.4,0.45
1098.7,0.48
1100.1,0.45
1101.5,0.45
1103.0,0.42
1104.4,0.45
1105.8,0.45
1107.3,0.42
1108.6,0.48
1110.0,0.45
1111.3,0.48
1112.7,0.45
1114.0,0.48
1115.4,0.45
1116.7,0.48
1118.0,0.48
1119.3,0.48
1120.6,0.48
1121.9,0.48
1123.2,0.48
1124.4,0.52
1125.7,0.48
1126.9,0.52
1128.2,0.48
1129.5,0.48
1130.8,0.48
1132.1,0.48
1133.4,0.48
1134.8,0.45
1136.1,0.48
1137.5,0.45
1138.8,0.48
1140.2,0.45
1141.5,0.48
1142.9,0.45
1144.3,0.45
1145.6,0.48
1146.9,0.48
1148.2,0.48
1149.5,0.48
1150.8,0.48
1152.0,0.52
1153.2,0.52
1154.5,0.48
1155.8,0.48
1157.0,0.52
1158.3,0.48
1159.6,0.48
1161.0,0.45
1162.3,0.48
1163.7,0.45
1165.1,0.45
1166.5,0.45
1167.9,0.45
1169.3,0.45
1170.8,0.42
1172.2,0.45
1173.7,0.42
1175.1,0.45
1176.5,0.45
1177.9,0.45
1179.2,0.48
1180.6,0.45
1182.0,0.45
1183.3,0.48
1184.7,0.45
1186.1,0.45
1187.5,0.45
1188.9,0.45
1190.4,0.42
1191.8,0.45
1193.2,0.45
1194.7,0.42
1196.1,0.45
1197.5,0.45
1198.9,0.45
1200.4,0.42
1201.8,0.45
1203.4,0.39
1204.9,0.42
1206.4,0.42
1207.8,0.45
1209.3,0.42
1210.7,0.45
1212.0,0.48
1213.5,0.42
1214.8,0.48
1216.2,0.45
1217.7,0.42
1219.1,0.45
1220.5,0.45
1221.9,0.45
1223.3,0.45
1224.7,0.45
1226.0,0.48
1227.4,0.45
1228.8,0.45
1230.2,0.45
1231.6,0.45
1232.9,0.48
1234.3,0.45
1235.6,0.48
1236.9,0.48
1238.3,0.45
1239.6,0.48
1240.9,0.48
1242.3,0.45
1243.7,0.45
1245.1,0.45
1246.5,0.45
1247.9,0.45
1249.3,0.45
1250.7,0.45
1252.1,0.45
1253.5,0.45
1254.9,0.45
1256.3,0.45
1257.7,0.45
1259.1,0.45
1260.5,0.45
1262.0,0.42
1263.4,0.45
1264.9,0.42
1266.3,0.45
1267.8,0.42
1269.2,0.45
1270.6,0.45
1272.0,0.45
1273.3,0.48
1274.7,0.45
1276.1,0.45
1277.5,0.45
1278.9,0.45
1280.4,0.42
1281.8,0.45
1283.2,0.45
1284.5,0.48
1285.9,0.45
1287.2,0.48
1288.6,0.45
1289.9,0.48
1291.3,0.45
1292.6,0.48
1293.9,0.48
1295.2,0.48
1296.5,0.48
1297.8,0.48
1299.2,0.45
1300.6,0.45
1302.0,0.45
1303.4,0.45
1304.8,0.45
1306.2,0.45
1307.6,0.45
1309.1,0.42
1310.5,0.45
1311.8,0.48
1313.2,0.45
1314.5,0.48
1315.8,0.48
1317.1,0.48
1318.4,0.48
1319.7,0.48
1321.0,0.48
1322.3,0.48
1323.6,0.48
1324.9,0.48
1326.1,0.52
1327.4,0.48
1328.7,0.48
1329.9,0.52
1331.2,0.48
1332.5,0.48
1333.9,0.45
1335.2,0.48
1336.6,0.45
1338.0,0.45
1339.4,0.45
1340.8,0.45
1342.2,0.45
1343.6,0.45
1345.0,0.45
1346.4,0.45
1347.8,0.45
1349.2,0.45
1350.5,0.48
1351.9,0.45
1353.3,0.45
1354.7,0.45
1356.1,0.45
1357.4,0.48
1358.8,0.45
1360.2,0.45
1361.7,0.42
1363.1,0.45
1364.5,0.45
1365.9,0.45
1367.3,0.45
1368.7,0.45
1370.0,0.48
1371.4,0.45
1372.8,0.45
1374.1,0.48
1375.5,0.45
1376.8,0.48
1378.1,0.48
1379.5,0.45
1380.8,0.48
1382.1,0.48
1383.4,0.48
1384.8,0.45
1386.2,0.45
1387.5,0.48
1388.9,0.45
1390.3,0.45
1391.8,0.42
1393.2,0.45
1394.7,0.42
1396.1,0.45
1397.6,0.42
1399.1,0.42
1400.5,0.45
1401.9,0.45
1403.4,0.42
1404.8,0.45
1406.2,0.45
1407.7,0.42
1409.1,0.45
1410.5,0.45
1412.0,0.42
1413.3,0.48
1414.7,0.45
1416.1,0.45
1417.6,0.42
1419.0,0.45
1420.4,0.45
1421.9,0.42
1423.3,0.45
1424.8,0.42
1426.2,0.45
1427.7,0.42
1429.1,0.45
1430.6,0.42
1432.1,0.42
1433.5,0.45
1435.0,0.42
1436.5,0.42
1437.9,0.45
1439.3,0.45
1440.8,0.42
1442.2,0.45
1443.7,0.42
1445.2,0.42
1446.7,0.42
1448.0,0.48
1449.4,0.45
1450.8,0.45
1452.2,0.45
1453.5,0.48
1454.8,0.48
1456.2,0.45
1457.5,0.48
1458.8,0.48
1460.1,0.48
1461.5,0.45
1462.8,0.48
1464.2,0.45
1465.6,0.45
1466.9,0.48
1468.3,0.45
1469.7,0.45
1471.2,0.42
1472.6,0.45
1474.1,0.42
1475.6,0.42
1477.1,0.42
1478.5,0.45
1480.0,0.42
1481.4,0.45
1482.8,0.45
1484.2,0.45
1485.7,0.42
1487.1,0.45
1488.5,0.45
1490.0,0.42
1491.4,0.45
1492.9,0.42
1494.4,0.42
1495.9,0.42
1497.3,0.45
1498.7,0.45
1500.2,0.42
1501.6,0.45
1503.0,0.45
1504.4,0.45
1505.8,0.45
1507.2,0.45
1508.5,0.48
1509.9,0.45
1511.2,0.48
1512.6,0.45
1513.9,0.48
1515.2,0.48
1516.5,0.48
1517.9,0.45
1519.3,0.45
1520.7,0.45
1522.1,0.45
1523.5,0.45
1524.9,0.45
1526.2,0.48
1527.6,0.45
1529.0,0.45
1530.4,0.45
1531.8,0.45
1533.2,0.45
1534.6,0.45
1536.0,0.45
1537.4,0.45
1538.8,0.45
1540.2,0.45
1541.6,0.45
1543.0,0.45
1544.4,0.45
1545.8,0.45
1547.2,0.45
1548.5,0.48
1549.9,0.45
1551.3,0.45
1552.6,0.48
1554.0,0.45
1555.4,0.45
1556.8,0.45
1558.2,0.45
1559.5,0.48
1560.8,0.48
1562.1,0.48
1563.4,0.48
1564.7,0.48
1566.0,0.48
1567.3,0.48
1568.7,0.45
1570.0,0.48
1571.3,0.48
1572.6,0.48
1573.9,0.48
1575.2,0.48
1576.6,0.45
1577.9,0.48
1579.2,0.48
1580.5,0.48
1581.9,0.45
1583.3,0.45
1584.7,0.45
1586.0,0.48
1587.4,0.45
1588.8,0.45
1590.2,0.45
1591.5,0.48
1592.8,0.48
1594.1,0.48
1595.4,0.48
1596.7,0.48
1598.1,0.45
1599.4,0.48
1600.7,0.48
1602.1,0.45
1603.4,0.48
1604.7,0.48
1606.0,0.48
1607.3,0.48
1608.7,0.45
1610.0,0.48
1611.4,0.45
1612.8,0.45
1614.1,0.48
1615.5,0.45
1616.9,0.45
1618.2,0.48
1619.6,0.45
1621.0,0.45
1622.4,0.45
1623.8,0.45
1625.2,0.45
1626.6,0.45
1628.1,0.42
1629.6,0.42
1631.1,0.42
1632.7,0.39
1634.3,0.39
1635.8,0.42
1637.3,0.42
1638.9,0.39
1640.4,0.42
1642.0,0.39
1643.6,0.39
1645.1,0.42
1646.6,0.42
1648.2,0.39
1649.8,0.39
1651.4,0.39
1652.9,0.42
1654.5,0.39
1656.0,0.42
1657.5,0.42
1659.1,0.39
1660.7,0.39
1662.2,0.42
1663.8,0.39
1665.4,0.39
1667.0,0.39
1668.5,0.42
1670.1,0.39
1671.6,0.42
1673.2,0.39
1674.7,0.42
1676.3,0.39
1677.8,0.42
1679.3,0.42
1680.8,0.42
1682.3,0.42
1683.8,0.42
1685.3,0.42
1686.8,0.42
1688.2,0.45
1689.7,0.42
1691.2,0.42
1692.8,0.39
1694.3,0.42
1695.9,0.39
1697.5,0.39
1699.0,0.42
1700.6,0.39
1702.2,0.39
1703.7,0.42
1705.2,0.42
1706.8,0.39
1708.2,0.45
1709.7,0.42
1711.2,0.42
1712.6,0.45
1714.0,0.45
1715.4,0.45
1716.9,0.42
1718.4,0.42
1719.8,0.45
1721.3,0.42
1722.8,0.42
1724.3,0.42
1725.8,0.42
1727.3,0.42
1728.8,0.42
1730.4,0.39
1731.9,0.42
1733.5,0.39
1735.0,0.42
1736.6,0.39
1738.2,0.39
1739.7,0.42
1741.3,0.39
1742.8,0.42
1744.3,0.42
1745.9,0.39
1747.4,0.42
1748.9,0.42
1750.4,0.42
1751.9,0.42
1753.5,0.39
1755.0,0.42
1756.6,0.39
1758.2,0.39
1759.7,0.42
1761.2,0.42
1762.8,0.39
1764.3,0.42
1765.8,0.42
1767.3,0.42
1768.8,0.42
1770.3,0.42
1771.9,0.39
1773.4,0.42
1775.0,0.39
1776.5,0.42
1778.0,0.42
1779.6,0.39
1781.1,0.42
1782.7,0.39
1784.2,0.42
1785.7,0.42
1787.3,0.39
1788.8,0.42
1790.4,0.39
1792.0,0.39
1793.5,0.42
1795.1,0.39
1796.7,0.39
1798.3,0.39
1799.9,0.39
1801.5,0.39
1803.1,0.39
1804.7,0.39
1806.3,0.39
1807.8,0.42
1809.3,0.42
1810.9,0.39
1812.4,0.42
1814.0,0.39
1815.5,0.42
1817.1,0.39
1818.6,0.42
1820.2,0.39
1821.8,0.39
1823.4,0.39
1825.1,0.37
1826.7,0.39
1828.3,0.39
1829.9,0.39
1831.5,0.39
1833.1,0.39
1834.7,0.39
1836.2,0.42
1837.8,0.39
1839.4,0.39
1840.9,0.42
1842.5,0.39
1844.0,0.42
1845.6,0.39
1847.2,0.39
1848.8,0.39
1850.4,0.39
1852.0,0.39
1853.5,0.42
1855.0,0.42
1856.6,0.39
1858.1,0.42
1859.7,0.39
1861.3,0.39
1862.9,0.39
1864.4,0.42
1866.0,0.39
1867.5,0.42
1869.0,0.42
1870.6,0.39
1872.1,0.42
1873.6,0.42
1875.1,0.42
1876.7,0.39
1878.3,0.39
1879.8,0.42
1881.3,0.42
1882.7,0.45
1884.2,0.42
1885.6,0.45
1887.1,0.42
1888.6,0.42
1890.1,0.42
1891.7,0.39
1893.3,0.39
1894.8,0.42
1896.3,0.42
1897.9,0.39
1899.6,0.37
1901.2,0.39
1902.8,0.39
1904.4,0.39
1906.0,0.39
1907.5,0.42
1909.0,0.42
1910.5,0.42
1912.1,0.39
1913.7,0.39
1915.2,0.42
1916.8,0.39
1918.3,0.42
1919.8,0.42
1921.3,0.42
1922.8,0.42
1924.4,0.39
1926.0,0.39
1927.6,0.39
1929.2,0.39
1930.8,0.39
1932.3,0.42
1933.9,0.39
1935.5,0.39
1937.1,0.39
1938.7,0.39
1940.3,0.39
1941.8,0.42
1943.4,0.39
1944.9,0.42
1946.5,0.39
1948.0,0.42
1949.5,0.42
1951.0,0.42
1952.5,0.42
1953.9,0.45
1955.4,0.42
1956.8,0.45
1958.3,0.42
1959.8,0.42
1961.2,0.45
1962.7,0.42
1964.2,0.42
1965.7,0.42
1967.2,0.42
1968.7,0.42
1970.2,0.42
1971.7,0.42
1973.2,0.42
1974.8,0.39
1976.3,0.42
1977.9,0.39
1979.5,0.39
1981.0,0.42
1982.6,0.39
1984.2,0.39
1985.8,0.39
1987.4,0.39
1988.9,0.42
1990.5,0.39
1992.1,0.39
1993.6,0.42
1995.2,0.39
1996.7,0.42
1998.3,0.39
1999.9,0.39
2001.4,0.42
2003.0,0.39
2004.6,0.39
2006.2,0.39
2007.7,0.42
2009.3,0.39
2010.9,0.39
2012.4,0.42
2014.0,0.39
2015.6,0.39
2017.2,0.39
2018.8,0.39
2020.3,0.42
2021.8,0.42
2023.3,0.42
2024.7,0.45
2026.2,0.42
2027.6,0.45
2029.0,0.45
2030.4,0.45
2031.8,0.45
2033.2,0.45
2034.5,0.48
2035.9,0.45
2037.3,0.45
2038.7,0.45
2040.1,0.45
2041.5,0.45
2042.9,0.45
2044.4,0.42
2045.8,0.45
2047.2,0.45
2048.7,0.42
2050.1,0.45
2051.5,0.45
2053.0,0.42
2054.5,0.42
2056.0,0.42
2057.4,0.45
2058.9,0.42
2060.3,0.45
2061.8,0.42
2063.2,0.45
2064.7,0.42
2066.2,0.42
2067.6,0.45
2069.0,0.45
2070.4,0.45
2071.8,0.45
2073.1,0.48
2074.5,0.45
2075.9,0.45
2077.3,0.45
2078.8,0.42
2080.2,0.45
2081.6,0.45
2083.0,0.45
2084.4,0.45
2085.9,0.42
2087.3,0.45
2088.7,0.45
2090.1,0.45
2091.5,0.45
2093.0,0.42
2094.4,0.45
2095.8,0.45
2097.2,0.45
2098.7,0.42
2100.1,0.45
2101.6,0.42
2103.0,0.45
2104.4,0.45
2105.9,0.42
2107.4,0.42
2109.0,0.39
2110.6,0.39
2112.1,0.42
2113.7,0.39
2115.3,0.39
2116.9,0.39
2118.4,0.42
2120.0,0.39
2121.6,0.39
2123.1,0.42
2124.7,0.39
2126.2,0.42
2127.7,0.42
2129.1,0.45
2130.6,0.42
2132.1,0.42
2133.7,0.39
2135.3,0.39
2136.9,0.39
2138.4,0.42
2140.0,0.39
2141.7,0.37
2143.3,0.39
2144.9,0.39
2146.4,0.42
2148.0,0.39
2149.6,0.39
2151.1,0.42
2152.7,0.39
2154.3,0.39
2155.8,0.42
2157.4,0.39
2158.9,0.42
2160.5,0.39
2162.0,0.42
2163.6,0.39
2165.2,0.39
2166.7,0.42
2168.2,0.42
2169.7,0.42
2171.2,0.42
2172.8,0.39
2174.2,0.45
2175.7,0.42
2177.1,0.45
2178.6,0.42
2180.0,0.45
2181.4,0.45
2182.9,0.42
2184.3,0.45
2185.8,0.42
2187.2,0.45
2188.5,0.48
2189.9,0.45
2191.2,0.48
2192.6,0.45
2193.9,0.48
2195.3,0.45
2196.7,0.45
2198.0,0.48
2199.4,0.45
2200.8,0.45
2202.2,0.45
2203.7,0.42
2205.0,0.48
2206.4,0.45
2207.8,0.45
2209.2,0.45
2210.6,0.45
2211.9,0.48
2213.3,0.45
2214.7,0.45
2216.1,0.45
2217.6,0.42
2219.0,0.45
2220.5,0.42
2221.9,0.45
2223.4,0.42
2224.8,0.45
2226.3,0.42
2227.7,0.45
2229.2,0.42
2230.8,0.39
2232.2,0.45
2233.7,0.42
2235.2,0.42
2236.6,0.45
2238.0,0.45
2239.5,0.42
2240.9,0.45
2242.4,0.42
2243.9,0.42
2245.4,0.42
2246.9,0.42
2248.4,0.42
2249.9,0.42
2251.4,0.42
2252.9,0.42
2254.4,0.42
2255.8,0.45
2257.3,0.42
2258.8,0.42
2260.2,0.45
2261.7,0.42
2263.2,0.42
2264.7,0.42
2266.2,0.42
2267.8,0.39
2269.3,0.42
2270.8,0.42
2272.3,0.42
2273.8,0.42
2275.3,0.42
2276.9,0.39
2278.4,0.42
2280.1,0.37
2281.7,0.39
2283.4,0.37
2285.0,0.39
2286.6,0.39
2288.3,0.37
2290.0,0.37
2291.7,0.37
2293.2,0.42
2294.8,0.39
2296.3,0.42
2297.9,0.39
2299.5,0.39
2301.0,0.42
2302.6,0.39
2304.2,0.39
2305.8,0.39
2307.3,0.42
2308.9,0.39
2310.5,0.39
2312.1,0.39
2313.7,0.39
2315.4,0.37
2317.1,0.37
2318.7,0.39
2320.3,0.39
2321.9,0.39
2323.5,0.39
2325.1,0.39
2326.7,0.39
2328.2,0.42
2329.7,0.42
2331.2,0.42
2332.8,0.39
2334.3,0.42
2335.9,0.39
2337.5,0.39
2339.0,0.42
2340.6,0.39
2342.1,0.42
2343.7,0.39
2345.4,0.37
2347.1,0.37
2348.7,0.39
2350.4,0.37
2352.0,0.39
2353.6,0.39
2355.3,0.37
2356.9,0.39
2358.6,0.37
2360.2,0.39
2361.9,0.37
2363.5,0.39
2365.1,0.39
2366.7,0.39
2368.3,0.39
2369.9,0.39
2371.5,0.39
2373.2,0.37
2374.7,0.42
2376.3,0.39
2377.9,0.39
2379.4,0.42
2381.0,0.39
2382.7,0.37
2384.4,0.37
2386.0,0.39
2387.7,0.37
2389.3,0.39
2391.1,0.35
2392.8,0.37
2394.6,0.35
2396.3,0.37
2398.1,0.35
2399.8,0.37
2401.6,0.35
2403.3,0.37
2405.1,0.35
2406.7,0.39
2408.4,0.37
2410.2,0.35
2411.8,0.39
2413.5,0.37
2415.2,0.37
2416.9,0.37
2418.6,0.37
2420.3,0.37
2421.9,0.39
2423.6,0.37
2425.3,0.37
2426.9,0.39
2428.6,0.37
2430.2,0.39
2432.0,0.35
2433.7,0.37
2435.3,0.39
2437.0,0.37
2438.6,0.39
2440.3,0.37
2442.0,0.37
2443.8,0.35
2445.4,0.39
2447.1,0.37
2448.8,0.37
2450.4,0.39
2452.1,0.37
2453.8,0.37
2455.5,0.37
2457.2,0.37
2458.8,0.39
2460.5,0.37
2462.1,0.39
2463.8,0.37
2465.5,0.37
2467.1,0.39
2468.7,0.39
2470.4,0.37
2472.1,0.37
2473.8,0.37
2475.5,0.37
2477.2,0.37
2478.9,0.37
2480.5,0.39
2482.2,0.37
2483.9,0.37
2485.5,0.39
2487.1,0.39
2488.6,0.42
2490.2,0.39
2491.7,0.42
2493.2,0.42
2494.8,0.39
2496.2,0.45
2497.7,0.42
2499.2,0.42
2500.7,0.42
2502.2,0.42
2503.7,0.42
2505.2,0.42
2506.8,0.39
2508.3,0.42
2509.9,0.39
2511.5,0.39
2513.1,0.39
2514.7,0.39
2516.3,0.39
2517.9,0.39
2519.6,0.37
2521.1,0.42
2522.7,0.39
2524.3,0.39
2526.0,0.37
2527.7,0.37
2529.4,0.37
2531.1,0.37
2532.8,0.37
2534.5,0.37
2536.3,0.35
2538.0,0.37
2539.7,0.37
2541.4,0.37
2543.1,0.37
2544.8,0.37
2546.5,0.37
2548.2,0.37
2549.9,0.37
2551.5,0.39
2553.1,0.39
2554.7,0.39
2556.2,0.42
2557.8,0.39
2559.4,0.39
2561.1,0.37
2562.8,0.37
2564.5,0.37
2566.2,0.37
2567.9,0.37
2569.6,0.37
2571.3,0.37
2572.9,0.39
2574.6,0.37
2576.2,0.39
2577.9,0.37
2579.5,0.39
2581.2,0.37
2582.9,0.37
2584.6,0.37
2586.3,0.37
2588.0,0.37
2589.6,0.39
2591.3,0.37
2592.9,0.39
2594.5,0.39
2596.1,0.39
2597.7,0.39
2599.4,0.37
2601.2,0.35
2602.9,0.37
2604.6,0.37
2606.3,0.37
2608.0,0.37
2609.5,0.42
2611.1,0.39
2612.7,0.39
2614.3,0.39
2616.0,0.37
2617.6,0.39
2619.3,0.37
2621.0,0.37
2622.6,0.39
2624.3,0.37
2626.0,0.37
2627.6,0.39
2629.3,0.37
2631.0,0.37
2632.7,0.37
2634.3,0.39
2635.9,0.39
2637.6,0.37
2639.2,0.39
2640.7,0.42
2642.3,0.39
2643.9,0.39
2645.5,0.39
2647.2,0.37
2648.8,0.39
2650.4,0.39
2652.0,0.39
2653.5,0.42
2655.1,0.39
2656.8,0.37
2658.5,0.37
2660.2,0.37
2661.8,0.39
2663.4,0.39
2665.1,0.37
2666.8,0.37
2668.5,0.37
2670.2,0.37
2671.9,0.37
2673.5,0.39
2675.2,0.37
2676.8,0.39
2678.5,0.37
2680.1,0.39
2681.8,0.37
2683.4,0.39
2685.1,0.37
2686.8,0.37
2688.5,0.37
2690.1,0.39
2691.8,0.37
2693.5,0.37
2695.2,0.37
2696.8,0.39
2698.5,0.37
2700.2,0.37
2701.8,0.39
2703.6,0.35
2705.3,0.37
2707.0,0.37
2708.7,0.37
2710.3,0.39
2711.8,0.42
2713.3,0.42
2714.9,0.39
2716.5,0.39
2718.1,0.39
2719.7,0.39
2721.4,0.37
2723.1,0.37
2724.8,0.37
2726.4,0.39
2728.2,0.35
2729.9,0.37
2731.6,0.37
2733.2,0.39
2734.8,0.39
2736.4,0.39
2738.0,0.39
2739.5,0.42
2741.1,0.39
2742.6,0.42
2744.2,0.39
2745.8,0.39
2747.4,0.39
2749.0,0.39
2750.6,0.39
2752.1,0.42
2753.6,0.42
2755.2,0.39
2756.7,0.42
2758.2,0.42
2759.8,0.39
2761.4,0.39
2763.1,0.37
2764.8,0.37
2766.5,0.37
2768.2,0.37
2770.0,0.35
2771.7,0.37
2773.4,0.37
2775.2,0.35
2776.8,0.39
2778.5,0.37
2780.1,0.39
2781.8,0.37
2783.5,0.37
2785.2,0.37
2787.0,0.35
2788.7,0.37
2790.5,0.35
2792.2,0.37
2793.9,0.37
2795.5,0.39
2797.1,0.39
2798.8,0.37
2800.4,0.39
2802.0,0.39
2803.6,0.39
2805.2,0.39
2806.8,0.39
2808.4,0.39
2810.1,0.37
2811.8,0.37
2813.5,0.37
2815.2,0.37
2816.9,0.37
2818.7,0.35
2820.3,0.39
2821.9,0.39
2823.6,0.37
2825.2,0.39
2826.8,0.39
2828.5,0.37
2830.1,0.39
2831.7,0.39
2833.2,0.42
2834.9,0.37
2836.5,0.39
2838.2,0.37
2839.8,0.39
2841.5,0.37
2843.2,0.37
2845.0,0.35
2846.8,0.35
2848.7,0.33
2850.6,0.33
2852.6,0.31
2854.4,0.35
2856.2,0.35
2858.0,0.35
2859.6,0.39
2861.2,0.39
2862.9,0.37
2864.5,0.39
2866.0,0.42
2867.6,0.39
2869.1,0.42
2870.7,0.39
2872.2,0.42
2873.7,0.42
2875.2,0.42
2876.7,0.42
2878.2,0.42
2879.8,0.39
2881.2,0.45
2882.8,0.39
2884.3,0.42
2885.8,0.42
2887.4,0.39
2888.9,0.42
2890.5,0.39
2892.0,0.42
2893.5,0.42
2895.0,0.42
2896.5,0.42
2898.0,0.42
2899.6,0.39
2901.1,0.42
2902.7,0.39
2904.2,0.42
2905.7,0.42
2907.2,0.42
2908.8,0.39
2910.3,0.42
2911.9,0.39
2913.5,0.39
2915.0,0.42
2916.6,0.39
2918.2,0.39
2919.7,0.42
2921.3,0.39
2922.8,0.42
2924.4,0.39
2926.0,0.39
2927.6,0.39
2929.2,0.39
2930.7,0.42
2932.3,0.39
2933.8,0.42
2935.4,0.39
2937.0,0.39
2938.5,0.42
2940.1,0.39
2941.8,0.37
2943.5,0.37
2945.2,0.37
2946.9,0.37
2948.5,0.39
2950.1,0.39
2951.7,0.39
2953.3,0.39
2954.9,0.39
2956.6,0.37
2958.2,0.39
2959.9,0.37
2961.6,0.37
2963.2,0.39
2965.0,0.35
2966.7,0.37
2968.5,0.35
2970.3,0.35
2972.0,0.37
2973.8,0.35
2975.5,0.37
2977.2,0.37
2979.0,0.35
2980.7,0.37
2982.4,0.37
2984.1,0.37
2985.7,0.39
2987.4,0.37
2989.1,0.37
2990.8,0.37
2992.5,0.37
2994.3,0.35
2996.1,0.35
2997.9,0.35
2999.7,0.35
3001.6,0.33
3003.5,0.33
3005.3,0.35
3007.2,0.33
3009.1,0.33
3010.9,0.35
3012.7,0.35
3014.5,0.35
3016.3,0.35
3018.0,0.37
3019.8,0.35
3021.6,0.35
3023.3,0.37
3025.0,0.37
3026.8,0.35
3028.5,0.37
3030.2,0.37
3031.9,0.37
3033.6,0.37
3035.4,0.35
3037.1,0.37
3038.9,0.35
3040.6,0.37
3042.3,0.37
3044.1,0.35
3045.9,0.35
3047.7,0.35
3049.5,0.35
3051.2,0.37
3052.9,0.37
3054.6,0.37
3056.3,0.37
3058.1,0.35
3059.9,0.35
3061.7,0.35
3063.4,0.37
3065.1,0.37
3066.8,0.37
3068.6,0.35
3070.4,0.35
3072.2,0.35
3073.9,0.37
3075.7,0.35
3077.5,0.35
3079.2,0.37
3080.9,0.37
3082.7,0.35
3084.5,0.35
3086.3,0.35
3088.2,0.33
3090.1,0.33
3092.0,0.33
3093.9,0.33
3095.8,0.33
3097.7,0.33
3099.6,0.33
3101.4,0.35
3103.3,0.33
3105.0,0.37
3106.8,0.35
3108.5,0.37
3110.3,0.35
3112.1,0.35
3113.9,0.35
3115.7,0.35
3117.4,0.37
3119.2,0.35
3120.9,0.37
3122.6,0.37
3124.3,0.37
3126.1,0.35
3127.9,0.35
3129.8,0.33
3131.6,0.35
3133.3,0.37
3135.1,0.35
3136.8,0.37
3138.5,0.37
3140.2,0.37
3141.8,0.39
3143.5,0.37
3145.2,0.37
3147.0,0.35
3148.7,0.37
3150.5,0.35
3152.2,0.37
3154.1,0.33
3155.8,0.37
3157.6,0.35
3159.3,0.37
3161.1,0.35
3163.0,0.33
3164.8,0.35
3166.7,0.33
3168.5,0.35
3170.4,0.33
3172.3,0.33
3174.0,0.37
3175.7,0.37
3177.5,0.35
3179.2,0.37
3181.1,0.33
3182.9,0.35
3184.8,0.33
3186.6,0.35
3188.3,0.37
3190.1,0.35
3191.9,0.35
3193.6,0.37
3195.3,0.37
3197.0,0.37
3198.7,0.37
3200.4,0.37
3202.2,0.35
3203.9,0.37
3205.6,0.37
3207.3,0.37
3208.9,0.39
3210.6,0.37
3212.3,0.37
3214.0,0.37
3215.7,0.37
3217.4,0.37
3219.2,0.35
3220.9,0.37
3222.6,0.37
3224.4,0.35
3226.2,0.35
3227.9,0.37
3229.7,0.35
3231.5,0.35
3233.3,0.35
3235.2,0.33
3237.0,0.35
3238.7,0.37
3240.4,0.37
3242.2,0.35
3243.9,0.37
3245.6,0.37
3247.2,0.39
3248.9,0.37
3250.5,0.39
3252.2,0.37
3253.8,0.39
3255.2,0.45
3256.8,0.39
3258.3,0.42
3259.8,0.42
3261.3,0.42
3262.9,0.39
3264.4,0.42
3266.0,0.39
3267.6,0.39
3269.2,0.39
3270.7,0.42
3272.3,0.39
3274.0,0.37
3275.8,0.35
3277.5,0.37
3279.2,0.37
3281.0,0.35
3282.7,0.37
3284.5,0.35
3286.3,0.35
3288.2,0.33
3290.2,0.31
3292.0,0.35
3293.9,0.33
3295.7,0.35
3297.5,0.35
3299.3,0.35
3301.2,0.33
3302.9,0.37
3304.7,0.35
3306.5,0.35
3308.3,0.35
3310.1,0.35
3311.8,0.37
3313.6,0.35
3315.4,0.35
3317.2,0.35
3319.0,0.35
3320.8,0.35
3322.6,0.35
3324.5,0.33
3326.3,0.35
3328.2,0.33
3330.2,0.31
3332.1,0.33
3333.9,0.35
3335.7,0.35
3337.6,0.33
3339.3,0.37
3341.2,0.33
3343.0,0.35
3344.8,0.35
3346.7,0.33
3348.6,0.33
3350.5,0.33
3352.3,0.35
3354.2,0.33
3356.1,0.33
3358.0,0.33
3359.9,0.33
3361.9,0.31
3363.7,0.35
3365.6,0.33
3367.4,0.35
3369.2,0.35
3371.1,0.33
3372.9,0.35
3374.7,0.35
3376.6,0.33
3378.4,0.35
3380.2,0.35
3382.1,0.33
3384.1,0.31
3386.0,0.33
3387.9,0.33
3389.8,0.33
3391.8,0.31
3393.8,0.31
3395.7,0.33
3397.7,0.31
3399.6,0.33
3401.6,0.31
3403.5,0.33
3405.6,0.30
3407.5,0.33
3409.3,0.35
3411.2,0.33
3413.1,0.33
3414.9,0.35
3416.7,0.35
3418.5,0.35
3420.3,0.35
3422.2,0.33
3424.0,0.35
3425.8,0.35
3427.6,0.35
3429.5,0.33
3431.4,0.33
3433.3,0.33
3435.2,0.33
3437.0,0.35
3438.8,0.35
3440.6,0.35
3442.4,0.35
3444.1,0.37
3445.9,0.35
3447.7,0.35
3449.6,0.33
3451.6,0.31
3453.5,0.33
3455.4,0.33
3457.3,0.33
3459.1,0.35
3460.9,0.35
3462.7,0.35
3464.5,0.35
3466.4,0.33
3468.2,0.35
3470.0,0.35
3471.9,0.33
3473.7,0.35
3475.5,0.35
3477.3,0.35
3479.0,0.37
3480.7,0.37
3482.4,0.37
3484.2,0.35
3485.9,0.37
3487.7,0.35
3489.6,0.33
3491.6,0.31
3493.5,0.33
3495.4,0.33
3497.2,0.35
3499.1,0.33
3501.0,0.33
3502.9,0.33
3504.8,0.33
3506.6,0.35
3508.5,0.33
3510.5,0.31
3512.3,0.35
3514.1,0.35
3515.8,0.37
3517.6,0.35
3519.3,0.37
3521.1,0.35
3522.9,0.35
3524.7,0.35
3526.6,0.33
3528.3,0.37
3530.1,0.35
3531.9,0.35
3533.7,0.35
3535.5,0.35
3537.4,0.33
3539.2,0.35
3541.0,0.35
3542.7,0.37
3544.3,0.39
3545.9,0.39
3547.5,0.39
3549.2,0.37
3550.8,0.39
3552.4,0.39
3554.0,0.39
3555.5,0.42
3557.0,0.42
3558.6,0.39
3560.1,0.42
3561.7,0.39
3563.3,0.39
3564.9,0.39
3566.5,0.39
3568.2,0.37
3569.8,0.39
3571.4,0.39
3573.0,0.39
3574.7,0.37
3576.3,0.39
3578.0,0.37
3579.6,0.39
3581.3,0.37
3582.9,0.39
3584.6,0.37
3586.3,0.37
3587.9,0.39
3589.5,0.39
3591.2,0.37
3592.8,0.39
3594.5,0.37
3596.1,0.39
3597.8,0.37
3599.5,0.37
3601.2,0.37
3603.0,0.35
3604.8,0.35
3606.5,0.37
3608.3,0.35
3610.1,0.35
3611.9,0.35
3613.8,0.33
3615.6,0.35
3617.4,0.35
3619.1,0.37
3620.8,0.37
3622.5,0.37
3624.2,0.37
3626.0,0.35
3627.8,0.35
3629.7,0.33
3631.5,0.35
3633.2,0.37
3634.9,0.37
3636.7,0.35
3638.4,0.37
3640.1,0.37
3641.8,0.37
3643.5,0.37
3645.2,0.37
3647.0,0.35
3648.7,0.37
3650.5,0.35
3652.3,0.35
3654.1,0.35
3655.8,0.37
3657.7,0.33
3659.4,0.37
3661.2,0.35
3662.9,0.37
3664.6,0.37
3666.3,0.37
3668.1,0.35
3669.9,0.35
3671.7,0.35
3673.5,0.35
3675.4,0.33
3677.2,0.35
3678.9,0.37
3680.7,0.35
3682.5,0.35
3684.3,0.35
3686.1,0.35
3687.8,0.37
3689.6,0.35
3691.4,0.35
3693.2,0.35
3694.9,0.37
3696.8,0.33
3698.6,0.35
3700.5,0.33
3702.4,0.33
3704.3,0.33
3706.2,0.33
3708.0,0.35
3709.9,0.33
3711.7,0.35
3713.5,0.35
3715.2,0.37
3716.9,0.37
3718.7,0.35
3720.4,0.37
3722.2,0.35
3723.8,0.39
3725.6,0.35
3727.3,0.37
3729.1,0.35
3730.8,0.37
3732.6,0.35
3734.4,0.35
3736.2,0.35
3738.0,0.35
3739.8,0.35
3741.7,0.33
3743.6,0.33
3745.4,0.35
3747.2,0.35
3749.1,0.33
3750.9,0.35
3752.7,0.35
3754.6,0.33
3756.5,0.33
3758.3,0.35
3760.1,0.35
3761.9,0.35
3763.7,0.35
3765.6,0.33
3767.5,0.33
3769.3,0.35
3771.1,0.35
3772.9,0.35
3774.7,0.35
3776.4,0.37
3778.2,0.35
3780.1,0.33
3781.9,0.35
3783.6,0.37
3785.3,0.37
3786.9,0.39
3788.7,0.35
3790.4,0.37
3792.2,0.35
3794.0,0.35
3795.9,0.33
3797.7,0.35
3799.5,0.35
3801.3,0.35
3803.0,0.37
3804.7,0.37
3806.6,0.33
3808.4,0.35
3810.2,0.35
3812.0,0.35
3813.7,0.37
3815.5,0.35
3817.2,0.37
3819.0,0.35
3820.7,0.37
3822.5,0.35
3824.3,0.35
3826.1,0.35
3828.0,0.33
3829.8,0.35
3831.7,0.33
3833.6,0.33
3835.3,0.37
3837.1,0.35
3838.8,0.37
3840.6,0.35
3842.3,0.37
3844.1,0.35
3845.9,0.35
3847.8,0.33
3849.6,0.35
3851.4,0.35
3853.2,0.35
3855.0,0.35
3856.8,0.35
3858.6,0.35
3860.5,0.33
3862.4,0.33
3864.1,0.37
3865.8,0.37
3867.5,0.37
3869.2,0.37
3871.0,0.35
3872.8,0.35
3874.6,0.35
3876.4,0.35
3878.2,0.35
3879.9,0.37
3881.8,0.33
3883.5,0.37
3885.2,0.37
3887.0,0.35
3888.8,0.35
3890.5,0.37
3892.4,0.33
3894.2,0.35
3896.0,0.35
3897.8,0.35
3899.5,0.37
3901.3,0.35
3903.1,0.35
3904.8,0.37
3906.6,0.35
3908.3,0.37
3910.1,0.35
3911.9,0.35
3913.7,0.35
3915.4,0.37
3917.1,0.37
3918.9,0.35
3920.6,0.37
3922.3,0.37
3923.9,0.39
3925.7,0.35
3927.4,0.37
3929.2,0.35
3930.9,0.37
3932.6,0.37
3934.3,0.37
3936.0,0.37
3937.7,0.37
3939.4,0.37
3941.2,0.35
3942.9,0.37
3944.6,0.37
3946.2,0.39
3947.8,0.39
3949.6,0.35
3951.3,0.37
3953.1,0.35
3954.8,0.37
3956.6,0.35
3958.4,0.35
3960.2,0.35
3961.9,0.37
3963.7,0.35
3965.5,0.35
3967.3,0.35
3969.1,0.35
3970.9,0.35
3972.6,0.37
3974.4,0.35
3976.2,0.35
3978.0,0.35
3979.8,0.35
3981.6,0.35
3983.4,0.35
3985.1,0.37
3986.8,0.37
3988.6,0.35
3990.3,0.37
3992.0,0.37
3993.6,0.39
3995.2,0.39
3996.9,0.37
3998.6,0.37
4000.3,0.37
4001.9,0.39
4003.6,0.37
4005.3,0.37
4007.0,0.37
4008.7,0.37
4010.4,0.37
4012.2,0.35
4013.9,0.37
4015.6,0.37
4017.3,0.37
4019.0,0.37
4020.7,0.37
4022.3,0.39
4024.0,0.37
4025.6,0.39
4027.3,0.37
4029.0,0.37
4030.7,0.37
4032.4,0.37
4034.0,0.39
4035.7,0.37
4037.4,0.37
4039.1,0.37
4040.8,0.37
4042.5,0.37
4044.1,0.39
4045.8,0.37
4047.5,0.37
4049.2,0.37
4051.0,0.35
4052.7,0.37
4054.3,0.39
4056.0,0.37
4057.7,0.37
4059.4,0.37
4061.0,0.39
4062.7,0.37
4064.5,0.35
4066.2,0.37
4067.9,0.37
4069.6,0.37
4071.3,0.37
4073.1,0.35
4074.9,0.35
4076.6,0.37
4078.3,0.37
4080.0,0.37
4081.7,0.37
4083.4,0.37
4085.2,0.35
4086.9,0.37
4088.7,0.35
4090.4,0.37
4092.0,0.39
4093.7,0.37
4095.3,0.39
4097.0,0.37
4098.6,0.39
4100.3,0.37
4101.9,0.39
4103.6,0.37
4105.3,0.37
4107.0,0.37
4108.9,0.33
4110.6,0.37
4112.3,0.37
4114.0,0.37
4115.6,0.39
4117.2,0.39
4118.9,0.37
4120.5,0.39
4122.2,0.37
4123.8,0.39
4125.5,0.37
4127.1,0.39
4128.8,0.37
4130.4,0.39
4132.1,0.37
4133.7,0.39
4135.2,0.42
4136.7,0.42
4138.1,0.45
4139.6,0.42
4141.0,0.45
4142.5,0.42
4144.0,0.42
4145.4,0.45
4146.8,0.45
4148.2,0.45
4149.6,0.45
4151.0,0.45
4152.4,0.45
4153.8,0.45
4155.2,0.45
4156.6,0.45
4158.0,0.45
4159.4,0.45
4160.7,0.48
4162.1,0.45
4163.5,0.45
4164.8,0.48
4166.2,0.45
4167.6,0.45
4168.9,0.48
4170.3,0.45
4171.6,0.48
4173.0,0.45
4174.3,0.48
4175.7,0.45
4177.1,0.45
4178.4,0.48
4179.8,0.45
4181.1,0.48
4182.6,0.42
4184.0,0.45
4185.4,0.45
4186.8,0.45
4188.2,0.45
4189.6,0.45
4190.9,0.48
4192.3,0.45
4193.7,0.45
4195.1,0.45
4196.5,0.45
4197.8,0.48
4199.2,0.45
4200.6,0.45
4202.0,0.45
4203.4,0.45
4204.8,0.45
4206.3,0.42
4207.7,0.45
4209.1,0.45
4210.5,0.45
4211.9,0.45
4213.3,0.45
4214.7,0.45
4216.2,0.42
4217.7,0.42
4219.3,0.39
4220.9,0.39
4222.4,0.42
4224.0,0.39
4225.6,0.39
4227.2,0.39
4228.8,0.39
4230.4,0.39
4232.0,0.39
4233.6,0.39
4235.2,0.39
4236.7,0.42
4238.2,0.42
4239.8,0.39
4241.2,0.45
4242.6,0.45
4244.1,0.42
4245.6,0.42
4247.0,0.45
4248.5,0.42
4250.0,0.42
4251.6,0.39
4253.1,0.42
4254.8,0.37
4256.3,0.42
4258.0,0.37
4259.7,0.37
4261.3,0.39
4263.0,0.37
4264.6,0.39
4266.3,0.37
4268.0,0.37
4269.7,0.37
4271.4,0.37
4273.1,0.37
4274.8,0.37
4276.6,0.35
4278.4,0.35
4280.2,0.35
4281.9,0.37
4283.6,0.37
4285.3,0.37
4286.9,0.39
4288.7,0.35
4290.5,0.35
4292.2,0.37
4293.9,0.37
4295.6,0.37
4297.2,0.39
4298.8,0.39
4300.4,0.39
4301.9,0.42
4303.6,0.37
4305.1,0.42
4306.8,0.37
4308.5,0.37
4310.1,0.39
4311.8,0.37
4313.4,0.39
4315.0,0.39
4316.6,0.39
4318.2,0.39
4319.9,0.37
4321.5,0.39
4323.1,0.39
4324.7,0.39
4326.3,0.39
4328.0,0.37
4329.6,0.39
4331.2,0.39
4332.8,0.39
4334.4,0.39
4336.0,0.39
4337.7,0.37
4339.3,0.39
4341.0,0.37
4342.6,0.39
4344.2,0.39
4345.8,0.39
4347.5,0.37
4349.1,0.39
4350.8,0.37
4352.4,0.39
4354.0,0.39
4355.7,0.37
4357.4,0.37
4359.1,0.37
4360.9,0.35
4362.6,0.37
4364.4,0.35
4366.1,0.37
4367.7,0.39
4369.2,0.42
4370.8,0.39
4372.4,0.39
4373.9,0.42
4375.5,0.39
4377.0,0.42
4378.5,0.42
4380.1,0.39
4381.7,0.39
4383.4,0.37
4385.0,0.39
4386.6,0.39
4388.2,0.39
4389.8,0.39
4391.4,0.39
4392.9,0.42
4394.6,0.37
4396.2,0.39
4397.8,0.39
4399.4,0.39
4401.1,0.37
4402.6,0.42
4404.2,0.39
4405.8,0.39
4407.5,0.37
4409.1,0.39
4410.8,0.37
4412.4,0.39
4414.1,0.37
4415.7,0.39
4417.3,0.39
4419.0,0.37
4420.6,0.39
4422.2,0.39
4423.8,0.39
4425.5,0.37
4427.1,0.39
4428.8,0.37
4430.4,0.39
4432.1,0.37
4433.8,0.37
4435.5,0.37
4437.1,0.39
4438.7,0.39
4440.2,0.42
4441.8,0.39
4443.4,0.39
4445.0,0.39
4446.7,0.37
4448.4,0.37
4450.0,0.39
4451.8,0.35
4453.4,0.39
4455.0,0.39
4456.6,0.39
4458.2,0.39
4459.8,0.39
4461.4,0.39
4463.0,0.39
4464.6,0.39
4466.2,0.39
4467.9,0.37
4469.5,0.39
4471.3,0.35
4473.0,0.37
4474.7,0.37
4476.5,0.35
4478.2,0.37
4479.9,0.37
4481.5,0.39
4483.1,0.39
4484.7,0.39
4486.3,0.39
4487.9,0.39
4489.6,0.37
4491.2,0.39
4492.8,0.39
4494.5,0.37
4496.1,0.39
4497.8,0.37
4499.4,0.39
4501.0,0.39
4502.6,0.39
4504.3,0.37
4505.9,0.39
4507.5,0.39
4509.1,0.39
4510.7,0.39
4512.4,0.37
4514.1,0.37
4515.8,0.37
4517.4,0.39
4519.0,0.39
4520.6,0.39
4522.1,0.42
4523.7,0.39
4525.4,0.37
4527.0,0.39
4528.6,0.39
4530.3,0.37
4532.0,0.37
4533.6,0.39
4535.2,0.39
4536.8,0.39
4538.4,0.39
4540.0,0.39
4541.6,0.39
4543.2,0.39
4544.8,0.39
4546.5,0.37
4548.1,0.39
4549.7,0.39
4551.3,0.39
4552.9,0.39
4554.5,0.39
4556.1,0.39
4557.8,0.37
4559.4,0.39
4561.0,0.39
4562.7,0.37
4564.4,0.37
4566.1,0.37
4567.7,0.39
4569.4,0.37
4571.0,0.39
4572.7,0.37
4574.3,0.39
4575.8,0.42
4577.4,0.39
4578.8,0.45
4580.2,0.45
4581.7,0.42
4583.1,0.45
4584.5,0.45
4586.0,0.42
4587.5,0.42
4588.9,0.45
4590.4,0.42
4591.8,0.45
4593.2,0.45
4594.7,0.42
4596.1,0.45
4597.6,0.42
4599.1,0.42
4600.6,0.42
4602.1,0.42
4603.6,0.42
4605.1,0.42
4606.5,0.45
4607.9,0.45
4609.2,0.48
4610.5,0.48
4611.9,0.45
4613.2,0.48
4614.5,0.48
4615.9,0.45
4617.4,0.42
4618.8,0.45
4620.2,0.45
4621.7,0.42
4623.1,0.45
4624.6,0.42
4626.0,0.45
4627.5,0.42
4629.0,0.42
4630.5,0.42
4632.0,0.42
4633.4,0.45
4634.9,0.42
4636.3,0.45
4637.9,0.39
4639.4,0.42
4641.0,0.39
4642.6,0.39
4644.2,0.39
4645.8,0.39
4647.4,0.39
4649.0,0.39
4650.6,0.39
4652.2,0.39
4653.8,0.39
4655.5,0.37
4657.1,0.39
4658.8,0.37
4660.4,0.39
4661.9,0.42
4663.4,0.42
4665.0,0.39
4666.6,0.39
4668.1,0.42
4669.7,0.39
4671.4,0.37
4673.0,0.39
4674.6,0.39
4676.2,0.39
4677.8,0.39
4679.4,0.39
4681.0,0.39
4682.6,0.39
4684.3,0.37
4685.9,0.39
4687.5,0.39
4689.1,0.39
4690.7,0.39
4692.3,0.39
4693.9,0.39
4695.5,0.39
4697.2,0.37
4698.9,0.37
4700.7,0.35
4702.3,0.39
4704.0,0.37
4705.6,0.39
4707.2,0.39
4708.9,0.37
4710.6,0.37
4712.4,0.35
4714.1,0.37
4715.8,0.37
4717.4,0.39
4719.1,0.37
4720.7,0.39
4722.4,0.37
4724.0,0.39
4725.6,0.39
4727.3,0.37
4728.9,0.39
4730.6,0.37
4732.3,0.37
4733.9,0.39
4735.5,0.39
4737.1,0.39
4738.8,0.37
4740.4,0.39
4742.1,0.37
4743.7,0.39
4745.3,0.39
4746.8,0.42
4748.4,0.39
4750.0,0.39
4751.6,0.39
4753.3,0.37
4755.0,0.37
4756.6,0.39
4758.2,0.39
4759.9,0.37
4761.6,0.37
4763.2,0.39
4764.9,0.37
4766.5,0.39
4768.1,0.39
4769.8,0.37
4771.5,0.37
4773.1,0.39
4774.7,0.39
4776.4,0.37
4778.0,0.39
4779.5,0.42
4781.1,0.39
4782.7,0.39
4784.3,0.39
4786.0,0.37
4787.7,0.37
4789.4,0.37
4791.1,0.37
4792.8,0.37
4794.5,0.37
4796.2,0.37
4797.9,0.37
4799.5,0.39
4801.1,0.39
4802.8,0.37
4804.4,0.39
4806.0,0.39
4807.6,0.39
4809.3,0.37
4811.0,0.37
4812.6,0.39
4814.3,0.37
4815.9,0.39
4817.6,0.37
4819.2,0.39
4820.9,0.37
4822.5,0.39
4824.2,0.37
4825.9,0.37
4827.7,0.35
4829.4,0.37
4831.1,0.37
4832.8,0.37
4834.4,0.39
4836.0,0.39
4837.7,0.37
4839.3,0.39
4841.0,0.37
4842.6,0.39
4844.2,0.39
4845.8,0.39
4847.4,0.39
4848.9,0.42
4850.5,0.39
4852.2,0.37
4853.9,0.37
4855.6,0.37
4857.3,0.37
4858.9,0.39
4860.6,0.37
4862.2,0.39
4863.8,0.39
4865.5,0.37
4867.2,0.37
4868.9,0.37
4870.6,0.37
4872.3,0.37
4873.9,0.39
4875.5,0.39
4877.0,0.42
4878.7,0.37
4880.3,0.39
4881.9,0.39
4883.6,0.37
4885.2,0.39
4886.9,0.37
4888.5,0.39
4890.1,0.39
4891.8,0.37
4893.4,0.39
4894.9,0.42
4896.4,0.42
4898.0,0.39
4899.6,0.39
4901.2,0.39
4902.8,0.39
4904.4,0.39
4906.0,0.39
4907.6,0.39
4909.2,0.39
4910.9,0.37
4912.5,0.39
4914.1,0.39
4915.6,0.42
4917.2,0.39
4918.7,0.42
4920.3,0.39
4921.8,0.42
4923.4,0.39
4924.9,0.42
4926.6,0.37
4928.2,0.39
4929.8,0.39
4931.4,0.39
4933.1,0.37
4934.7,0.39
4936.4,0.37
4938.1,0.37
4939.8,0.37
4941.4,0.39
4943.0,0.39
4944.5,0.42
4946.0,0.42
4947.5,0.42
4949.0,0.42
4950.4,0.45
4951.9,0.42
4953.3,0.45
4954.8,0.42
4956.2,0.45
4957.6,0.45
4958.9,0.48
4960.4,0.42
4961.8,0.45
4963.2,0.45
4964.6,0.45
4965.9,0.48
4967.3,0.45
4968.6,0.48
4970.0,0.45
4971.4,0.45
4972.8,0.45
4974.2,0.45
4975.7,0.42
4977.1,0.45
4978.7,0.39
4980.2,0.42
4981.8,0.39
4983.4,0.39
4985.0,0.39
4986.6,0.39
4988.1,0.42
4989.8,0.37
4991.5,0.37
4993.1,0.39
4994.8,0.37
4996.3,0.42
4997.9,0.39
4999.6,0.37
5001.1,0.42
5002.8,0.37
5004.4,0.39
5006.0,0.39
5007.6,0.39
5009.3,0.37
5010.9,0.39
5012.4,0.42
5014.0,0.39
5015.6,0.39
5017.1,0.42
5018.7,0.39
5020.3,0.39
5021.9,0.39
5023.5,0.39
5025.1,0.39
5026.7,0.39
5028.2,0.42
5029.9,0.37
5031.5,0.39
5033.2,0.37
5034.9,0.37
5036.7,0.35
5038.4,0.37
5040.0,0.39
5041.6,0.39
5043.3,0.37
5045.0,0.37
5046.6,0.39
5048.3,0.37
5050.0,0.37
5051.6,0.39
5053.2,0.39
5054.9,0.37
5056.5,0.39
5058.1,0.39
5059.8,0.37
5061.4,0.39
5063.1,0.37
5064.7,0.39
5066.3,0.39
5068.0,0.37
5069.6,0.39
5071.4,0.35
5073.1,0.37
5074.8,0.37
5076.5,0.37
5078.1,0.39
5079.8,0.37
5081.4,0.39
5082.9,0.42
5084.6,0.37
5086.1,0.42
5087.8,0.37
5089.5,0.37
5091.2,0.37
5092.9,0.37
5094.5,0.39
5096.2,0.37
5097.9,0.37
5099.6,0.37
5101.2,0.39
5102.9,0.37
5104.6,0.37
5106.2,0.39
5107.8,0.39
5109.5,0.37
5111.2,0.37
5112.9,0.37
5114.5,0.39
5116.2,0.37
5117.8,0.39
5119.5,0.37
5121.2,0.37
5122.9,0.37
5124.5,0.39
5126.2,0.37
5127.9,0.37
5129.6,0.37
5131.2,0.39
5132.7,0.42
5134.3,0.39
5135.9,0.39
5137.5,0.39
5139.2,0.37
5140.9,0.37
5142.6,0.37
5144.3,0.37
5145.9,0.39
5147.6,0.37
5149.3,0.37
5151.0,0.37
5152.7,0.37
5154.3,0.39
5155.9,0.39
5157.5,0.39
5159.0,0.42
5160.6,0.39
5162.2,0.39
5163.8,0.39
5165.4,0.39
5167.0,0.39
5168.6,0.39
5170.2,0.39
5171.8,0.39
5173.4,0.39
5174.9,0.42
5176.5,0.39
5178.1,0.39
5179.8,0.37
5181.4,0.39
5183.1,0.37
5184.8,0.37
5186.5,0.37
5188.2,0.37
5189.9,0.37
5191.5,0.39
5193.1,0.39
5194.7,0.39
5196.3,0.39
5197.9,0.39
5199.6,0.37
5201.2,0.39
5202.9,0.37
5204.5,0.39
5206.1,0.39
5207.7,0.39
5209.3,0.39
5210.9,0.39
5212.5,0.39
5214.2,0.37
5215.8,0.39
5217.5,0.37
5219.3,0.35
5221.0,0.37
5222.8,0.35
5224.4,0.39
5226.1,0.37
5227.7,0.39
5229.2,0.42
5230.8,0.39
5232.4,0.39
5234.0,0.39
5235.6,0.39
5237.2,0.39
5238.9,0.37
5240.5,0.39
5242.1,0.39
5243.8,0.37
5245.4,0.39
5247.1,0.37
5248.7,0.39
5250.3,0.39
5251.9,0.39
5253.5,0.39
5255.1,0.39
5256.8,0.37
5258.4,0.39
5260.0,0.39
5261.8,0.35
5263.5,0.37
5265.2,0.37
5266.9,0.37
5268.7,0.35
5270.4,0.37
5272.1,0.37
5273.9,0.35
5275.6,0.37
5277.3,0.37
5279.0,0.37
5280.7,0.37
5282.4,0.37
5284.1,0.37
5285.6,0.42
5287.2,0.39
5288.6,0.45
5290.1,0.42
5291.5,0.45
5292.9,0.45
5294.3,0.45
5295.7,0.45
5297.0,0.48
5298.3,0.48
5299.7,0.45
5301.1,0.45
5302.5,0.45
5303.9,0.45
5305.3,0.45
5306.7,0.45
5308.1,0.45
5309.5,0.45
5310.8,0.48
5312.2,0.45
5313.6,0.45
5315.0,0.45
5316.4,0.45
5317.8,0.45
5319.2,0.45
5320.6,0.45
5322.0,0.45
5323.4,0.45
5324.8,0.45
5326.2,0.45
5327.6,0.45
5329.1,0.42
5330.5,0.45
5331.9,0.45
5333.4,0.42
5334.8,0.45
5336.4,0.39
5337.9,0.42
5339.4,0.42
5340.9,0.42
5342.4,0.42
5343.9,0.42
5345.4,0.42
5346.9,0.42
5348.3,0.45
5349.7,0.45
5351.2,0.42
5352.6,0.45
5354.1,0.42
5355.6,0.42
5357.2,0.39
5358.8,0.39
5360.3,0.42
5361.8,0.42
5363.3,0.42
5364.8,0.70
5366.3,0.42
5367.8,0.42
5369.2,0.45
5370.7,0.42
5372.2,0.42
5373.8,0.39
5375.3,0.42
5376.8,0.42
5378.3,0.42
5379.8,0.42
5381.2,0.45
5382.6,0.45
5384.0,0.45
5385.5,0.42
5386.9,0.45
5388.3,0.45
5389.8,0.42
5391.2,0.45
5392.7,0.42
5394.1,0.45
5395.6,0.42
5397.0,0.45
5398.4,0.45
0.0,0.00
