110.2,0.15
111.2,0.00
883.1,0.00
884.1,0.52
885.3,0.52
886.4,0.57
887.7,0.48
889.2,0.42
890.8,0.39
892.6,0.35
894.7,0.30
896.6,0.33
898.3,0.37
900.0,0.37
901.5,0.42
903.1,0.39
904.6,0.42
906.2,0.39
907.8,0.39
909.4,0.39
910.9,0.42
912.5,0.39
914.1,0.39
915.7,0.39
917.4,0.37
919.2,0.35
920.9,0.37
922.8,0.33
924.5,0.37
926.2,0.37
928.0,0.35
929.7,0.37
931.4,0.37
932.9,0.42
934.2,0.48
935.7,0.42
937.2,0.42
938.8,0.39
940.4,0.39
942.1,0.37
943.8,0.37
945.5,0.37
947.2,0.37
949.0,0.35
950.8,0.35
952.6,0.35
954.4,0.35
956.2,0.35
957.9,0.37
959.7,0.35
961.4,0.37
963.1,0.37
964.8,0.37
966.5,0.37
968.2,0.37
969.9,0.37
971.6,0.37
973.3,0.37
974.9,0.39
976.5,0.39
978.1,0.39
979.6,0.42
981.2,0.39
982.8,0.39
984.3,0.42
985.9,0.39
987.5,0.39
989.1,0.39
990.7,0.39
992.3,0.39
994.0,0.37
995.6,0.39
997.2,0.39
998.9,0.37
1000.5,0.39
1002.1,0.39
1003.7,0.39
1005.3,0.39
1006.9,0.39
1008.4,0.42
1009.9,0.42
1011.4,0.42
1012.9,0.42
1014.5,0.39
1016.0,0.42
1017.5,0.42
1019.0,0.42
1020.5,0.42
1022.1,0.39
1023.6,0.42
1025.1,0.42
1026.6,0.42
1028.1,0.42
1029.7,0.39
1031.2,0.42
1032.7,0.42
1034.2,0.42
1035.7,0.42
1037.3,0.39
1038.8,0.42
1040.3,0.42
1041.9,0.39
1043.4,0.42
1045.0,0.39
1046.5,0.42
1048.1,0.39
1049.6,0.42
1051.2,0.39
1052.8,0.39
1054.3,0.42
1055.9,0.39
1057.4,0.42
1058.9,0.42
1060.5,0.39
1062.0,0.42
1063.6,0.39
1065.1,0.42
1066.7,0.39
1068.3,0.39
1069.9,0.39
1071.5,0.39
1073.0,0.42
1074.5,0.42
1076.1,0.39
1077.7,0.39
1079.2,0.42
1080.7,0.42
1082.3,0.39
1083.8,0.42
1085.4,0.39
1086.9,0.42
1088.5,0.39
1090.0,0.42
1091.6,0.39
1093.1,0.42
1094.7,0.39
1096.2,0.42
1097.7,0.42
1099.2,0.42
1100.7,0.42
1102.2,0.42
1103.8,0.39
1105.2,0.45
1106.7,0.42
1108.2,0.42
1109.7,0.42
1111.2,0.42
1112.7,0.42
1114.2,0.42
1115.7,0.42
1117.2,0.42
1118.6,0.45
1120.1,0.42
1121.6,0.42
1123.1,0.42
1124.6,0.42
1126.1,0.42
1127.6,0.42
1129.0,0.45
1130.5,0.42
1132.0,0.42
1133.5,0.42
1134.9,0.45
1136.3,0.45
1137.8,0.42
1139.3,0.42
1140.7,0.45
1142.2,0.42
1143.6,0.45
1145.1,0.42
1146.5,0.45
1148.0,0.42
1149.5,0.42
1150.9,0.45
1152.4,0.42
1153.8,0.45
1155.3,0.42
1156.7,0.45
1158.2,0.42
1159.7,0.42
1161.2,0.42
1162.6,0.45
1164.1,0.42
1165.6,0.42
1167.0,0.45
1168.5,0.42
1170.0,0.42
1171.4,0.45
1172.9,0.42
1174.3,0.45
1175.8,0.42
1177.2,0.45
1178.7,0.42
1180.1,0.45
1181.6,0.42
1183.1,0.42
1184.5,0.45
1186.0,0.42
1187.4,0.45
1188.8,0.45
1190.2,0.45
1191.7,0.42
1193.1,0.45
1194.6,0.42
1196.0,0.45
1197.5,0.42
1198.9,0.45
1200.3,0.45
1201.8,0.42
1203.2,0.45
1204.5,0.48
1206.0,0.42
1207.4,0.45
1208.8,0.45
1210.3,0.42
1211.7,0.45
1213.2,0.42
1214.6,0.45
1216.1,0.42
1217.5,0.45
1219.0,0.42
1220.4,0.45
1221.9,0.42
1223.4,0.42
1224.9,0.42
1226.4,0.42
1227.9,0.42
1229.3,0.45
1230.8,0.42
1232.3,0.42
1233.8,0.42
1235.3,0.42
1236.8,0.42
1238.3,0.42
1239.7,0.45
1241.2,0.42
1242.7,0.42
1244.2,0.42
1245.7,0.42
1247.1,0.45
1248.6,0.42
1250.0,0.45
1251.5,0.42
1253.0,0.42
1254.4,0.45
1255.9,0.42
1257.4,0.42
1258.9,0.42
1260.4,0.42
1261.8,0.45
1263.3,0.42
1264.8,0.42
1266.2,0.45
1267.6,0.45
1269.1,0.42
1270.5,0.45
1271.9,0.45
1273.4,0.42
1274.8,0.45
1276.2,0.45
1277.7,0.42
1279.1,0.45
1280.5,0.45
1281.9,0.45
1283.4,0.42
1284.8,0.45
1286.2,0.45
1287.6,0.45
1289.1,0.42
1290.5,0.45
1291.9,0.45
1293.3,0.45
1294.8,0.42
1296.2,0.45
1297.7,0.42
1299.1,0.45
1300.5,0.45
1301.9,0.45
1303.3,0.45
1304.7,0.45
1306.1,0.45
1307.5,0.45
1308.9,0.45
1310.3,0.45
1311.6,0.48
1313.0,0.45
1314.3,0.48
1315.7,0.45
1317.1,0.45
1318.5,0.45
1319.8,0.48
1321.2,0.45
1322.6,0.45
1324.0,0.45
1325.3,0.48
1326.7,0.45
1328.1,0.45
1329.5,0.45
1330.9,0.45
1332.2,0.48
1333.6,0.45
1335.0,0.45
1336.3,0.48
1337.7,0.45
1339.1,0.45
1340.6,0.42
1342.0,0.45
1343.4,0.45
1344.8,0.45
1346.2,0.45
1347.6,0.45
1349.0,0.45
1350.4,0.45
1351.8,0.45
1353.2,0.45
1354.7,0.42
1356.1,0.45
1357.6,0.42
1359.0,0.45
1360.4,0.45
1361.9,0.42
1363.3,0.45
1364.8,0.42
1366.2,0.45
1367.6,0.45
1369.0,0.45
1370.4,0.45
1371.8,0.45
1373.3,0.42
1374.7,0.45
1376.2,0.42
1377.6,0.45
1379.0,0.45
1380.5,0.42
1381.9,0.45
1383.3,0.45
1384.8,0.42
1386.2,0.45
1387.6,0.45
1389.1,0.42
1390.5,0.45
1391.9,0.45
1393.3,0.45
1394.7,0.45
1396.1,0.45
1397.5,0.45
1399.0,0.42
1400.4,0.45
1401.8,0.45
1403.2,0.45
1404.6,0.45
1405.9,0.48
1407.3,0.45
1408.7,0.45
1410.0,0.48
1411.4,0.45
1412.8,0.45
1414.1,0.48
1415.5,0.45
1416.9,0.45
1418.3,0.45
1419.7,0.45
1421.1,0.45
1422.5,0.45
1423.9,0.45
1425.3,0.45
1426.7,0.45
1428.1,0.45
1429.5,0.45
1430.9,0.45
1432.3,0.45
1433.7,0.45
1435.0,0.48
1436.4,0.45
1437.8,0.45
1439.2,0.45
1440.6,0.45
1442.0,0.45
1443.4,0.45
1444.9,0.42
1446.3,0.45
1447.7,0.45
1449.1,0.45
1450.5,0.45
1451.9,0.45
1453.3,0.45
1454.7,0.45
1456.0,0.48
1457.4,0.45
1458.8,0.45
1460.2,0.45
1461.6,0.45
1463.0,0.45
1464.3,0.48
1465.7,0.45
1467.2,0.42
1468.5,0.48
1469.9,0.45
1471.3,0.45
1472.6,0.48
1474.0,0.45
1475.4,0.45
1476.8,0.45
1478.3,0.42
1479.7,0.45
1481.1,0.45
1482.6,0.42
1484.1,0.42
1485.5,0.45
1487.0,0.42
1488.4,0.45
1489.8,0.45
1491.2,0.45
1492.7,0.42
1494.1,0.45
1495.5,0.45
1496.9,0.45
1498.3,0.45
1499.7,0.45
1501.1,0.45
1502.5,0.45
1503.9,0.45
1505.3,0.45
1506.7,0.45
1508.0,0.48
1509.5,0.42
1510.9,0.45
1512.3,0.45
1513.7,0.45
1515.1,0.45
1516.5,0.45
1517.9,0.45
1519.3,0.45
1520.7,0.45
1522.1,0.45
1523.4,0.48
1524.8,0.45
1526.2,0.45
1527.7,0.42
1529.1,0.45
1530.5,0.45
1531.9,0.45
1533.4,0.42
1534.9,0.42
1536.5,0.39
1538.3,0.35
1540.0,0.37
1541.6,0.39
1543.2,0.39
1544.7,0.42
1546.3,0.39
1547.8,0.42
1549.4,0.39
1550.9,0.42
1552.4,0.42
1553.9,0.42
1555.3,0.45
1556.9,0.39
1558.4,0.42
1559.9,0.42
1561.4,0.42
1562.8,0.45
1564.2,0.45
1565.7,0.42
1567.1,0.45
1568.5,0.45
1569.9,0.45
1571.3,0.45
1572.7,0.45
1574.1,0.45
1575.6,0.42
1577.0,0.45
1578.5,0.42
1580.0,0.42
1581.5,0.42
1583.0,0.42
1584.8,0.35
1586.7,0.33
1588.5,0.35
1590.4,0.33
1592.1,0.37
1593.9,0.35
1595.6,0.37
1597.3,0.37
1599.0,0.37
1600.7,0.37
1602.4,0.37
1604.0,0.39
1605.6,0.39
1607.2,0.39
1608.7,0.42
1610.3,0.39
1611.8,0.42
1613.4,0.39
1614.9,0.42
1616.4,0.42
1617.9,0.42
1619.3,0.45
1620.8,0.42
1622.2,0.45
1623.7,0.42
1625.2,0.42
1626.6,0.45
1628.2,0.39
1629.7,0.42
1631.2,0.42
1632.8,0.39
1634.3,0.42
1635.9,0.39
1637.5,0.39
1639.1,0.39
1640.6,0.42
1642.2,0.39
1643.8,0.39
1645.3,0.42
1646.9,0.39
1648.4,0.42
1649.9,0.42
1651.4,0.42
1652.9,0.42
1654.4,0.42
1655.9,0.42
1657.5,0.39
1659.0,0.42
1660.4,0.45
1661.9,0.42
1663.4,0.42
1664.9,0.42
1666.4,0.42
1667.9,0.42
1669.4,0.42
1670.9,0.42
1672.4,0.42
1673.9,0.42
1675.4,0.42
1676.9,0.42
1678.4,0.42
1679.9,0.42
1681.5,0.39
1683.0,0.42
1684.6,0.39
1686.1,0.42
1687.6,0.42
1689.1,0.42
1690.6,0.42
1692.1,0.42
1693.7,0.39
1695.2,0.42
1696.7,0.42
1698.2,0.42
1699.7,0.42
1701.3,0.39
1702.8,0.42
1704.4,0.39
1706.0,0.39
1707.5,0.42
1709.1,0.39
1710.7,0.39
1712.3,0.39
1714.0,0.37
1715.6,0.39
1717.2,0.39
1718.8,0.39
1720.4,0.39
1721.9,0.42
1723.5,0.39
1725.1,0.39
1726.7,0.39
1728.3,0.39
1729.9,0.39
1731.5,0.39
1733.1,0.39
1734.7,0.39
1736.3,0.39
1737.8,0.42
1739.5,0.37
1741.1,0.39
1742.7,0.39
1744.3,0.39
1746.0,0.37
1747.6,0.39
1749.2,0.39
1750.8,0.39
1752.4,0.39
1754.0,0.39
1755.5,0.42
1757.0,0.42
1758.5,0.42
1760.0,0.42
1761.6,0.39
1763.2,0.39
1764.7,0.42
1766.3,0.39
1767.9,0.39
1769.4,0.42
1771.0,0.39
1772.6,0.39
1774.2,0.39
1775.7,0.42
1777.2,0.42
1778.7,0.42
1780.2,0.42
1781.8,0.39
1783.3,0.42
1784.8,0.42
1786.4,0.39
1788.0,0.39
1789.5,0.42
1791.1,0.39
1792.6,0.42
1794.2,0.39
1795.7,0.42
1797.2,0.42
1798.7,0.42
1800.2,0.42
1801.7,0.42
1803.1,0.45
1804.6,0.42
1806.1,0.42
1807.6,0.42
1809.1,0.42
1810.6,0.42
1812.2,0.39
1813.7,0.42
1815.2,0.42
1816.8,0.39
1818.3,0.42
1819.9,0.39
1821.4,0.42
1823.0,0.39
1824.5,0.42
1826.0,0.42
1827.5,0.42
1829.0,0.42
1830.5,0.42
1832.0,0.42
1833.6,0.39
1835.1,0.42
1836.7,0.39
1838.3,0.39
1839.8,0.42
1841.5,0.37
1843.0,0.42
1844.7,0.37
1846.2,0.42
1847.8,0.39
1849.4,0.39
1851.0,0.39
1852.6,0.39
1854.1,0.42
1855.6,0.42
1857.2,0.39
1858.7,0.42
1860.2,0.42
1861.7,0.42
1863.2,0.42
1864.7,0.42
1866.2,0.42
1867.7,0.42
1869.2,0.42
1870.8,0.39
1872.2,0.45
1873.7,0.42
1875.2,0.42
1876.7,0.42
1878.2,0.42
1879.8,0.39
1881.3,0.42
1882.8,0.42
1884.3,0.42
1885.8,0.42
1887.4,0.39
1888.9,0.42
1890.4,0.42
1891.9,0.42
1893.4,0.42
1895.0,0.39
1896.5,0.42
1898.0,0.42
1899.5,0.42
1901.0,0.42
1902.5,0.42
1904.0,0.42
1905.5,0.42
1907.0,0.42
1908.4,0.45
1909.9,0.42
1911.3,0.45
1912.8,0.42
1914.2,0.45
1915.7,0.42
1917.2,0.42
1918.7,0.42
1920.2,0.42
1921.7,0.42
1923.2,0.42
1924.7,0.42
1926.2,0.42
1927.7,0.42
1929.2,0.42
1930.7,0.42
1932.2,0.42
1933.7,0.42
1935.2,0.42
1936.6,0.45
1938.1,0.42
1939.6,0.42
1941.1,0.42
1942.6,0.42
1944.0,0.45
1945.5,0.42
1947.0,0.42
1948.5,0.42
1950.0,0.42
1951.6,0.39
1953.1,0.42
1954.6,0.42
1956.1,0.42
1957.6,0.42
1959.2,0.39
1960.7,0.42
1962.2,0.42
1963.7,0.42
1965.2,0.42
1966.8,0.39
1968.3,0.42
1969.7,0.45
1971.2,0.42
1972.7,0.42
1974.2,0.42
1975.7,0.42
1977.2,0.42
1978.8,0.39
1980.3,0.42
1981.8,0.42
1983.3,0.42
1984.8,0.42
1986.3,0.42
1987.8,0.42
1989.3,0.42
1990.8,0.42
1992.3,0.42
1993.8,0.42
1995.2,0.45
1996.7,0.42
1998.2,0.42
1999.6,0.45
2001.0,0.45
2002.5,0.42
2003.9,0.45
2005.4,0.42
2006.9,0.42
2008.4,0.42
2009.9,0.42
2011.4,0.42
2012.9,0.42
2014.4,0.42
2015.9,0.42
2017.4,0.42
2019.0,0.39
2020.5,0.42
2022.0,0.42
2023.4,0.45
2024.9,0.42
2026.4,0.42
2027.9,0.42
2029.4,0.42
2030.9,0.42
2032.4,0.42
2033.8,0.45
2035.3,0.42
2036.8,0.42
2038.2,0.45
2039.7,0.42
2041.2,0.42
2042.6,0.45
2044.1,0.42
2045.6,0.42
2047.1,0.42
2048.6,0.42
2050.1,0.42
2051.7,0.39
2053.2,0.42
2054.7,0.42
2056.2,0.42
2057.7,0.42
2059.3,0.39
2060.8,0.42
2062.3,0.42
2063.9,0.39
2065.4,0.42
2066.9,0.42
2068.4,0.42
2069.9,0.42
2071.4,0.42
2072.9,0.42
2074.4,0.42
2075.9,0.42
2077.4,0.42
2078.9,0.42
2080.4,0.42
2081.8,0.45
2083.3,0.42
2084.8,0.42
2086.3,0.42
2087.8,0.42
2089.3,0.42
2090.8,0.42
2092.3,0.42
2093.8,0.42
2095.3,0.42
2096.8,0.42
2098.3,0.42
2099.8,0.42
2101.3,0.42
2102.8,0.42
2104.3,0.42
2105.8,0.42
2107.3,0.42
2108.8,0.42
2110.4,0.39
2111.9,0.42
2113.4,0.42
2115.0,0.39
2116.5,0.42
2118.1,0.39
2119.6,0.42
2121.1,0.42
2122.6,0.42
2124.1,0.42
2125.6,0.42
2127.1,0.42
2128.6,0.42
2130.0,0.45
2131.5,0.42
2133.0,0.42
2134.4,0.45
2135.9,0.42
2137.4,0.42
2138.9,0.42
2140.3,0.45
2141.8,0.42
2143.4,0.39
2144.9,0.42
2146.4,0.42
2147.9,0.42
2149.4,0.42
2150.9,0.42
2152.4,0.42
2153.8,0.45
2155.3,0.42
2156.8,0.42
2158.2,0.45
2159.7,0.42
2161.2,0.42
2162.6,0.45
2164.1,0.42
2165.5,0.45
2166.9,0.45
2168.4,0.42
2169.9,0.42
2171.4,0.42
2172.9,0.42
2174.5,0.39
2176.3,0.35
2178.1,0.35
2179.7,0.39
2181.3,0.39
2183.0,0.37
2184.6,0.39
2186.3,0.37
2187.9,0.39
2189.6,0.37
2191.3,0.37
2192.9,0.39
2194.6,0.37
2196.2,0.39
2197.8,0.39
2199.3,0.42
2200.9,0.39
2202.4,0.42
2204.0,0.39
2205.6,0.39
2207.2,0.39
2208.8,0.39
2210.4,0.39
2211.9,0.42
2213.5,0.39
2215.1,0.39
2216.6,0.42
2218.1,0.42
2219.6,0.42
2221.1,0.42
2222.6,0.42
2224.1,0.42
2225.7,0.39
2227.2,0.42
2228.8,0.39
2230.3,0.42
2231.9,0.39
2233.5,0.39
2235.1,0.39
2236.7,0.39
2238.3,0.39
2239.9,0.39
2241.5,0.39
2243.0,0.42
2244.6,0.39
2246.2,0.39
2247.7,0.42
2249.3,0.39
2250.9,0.39
2252.5,0.39
2254.0,0.42
2255.6,0.39
2257.0,0.45
2258.5,0.42
2260.0,0.42
2261.5,0.42
2262.9,0.45
2264.4,0.42
2266.0,0.39
2267.5,0.42
2268.9,0.45
2270.4,0.42
2272.0,0.39
2273.5,0.42
2275.0,0.42
2276.5,0.42
2278.0,0.42
2279.6,0.39
2281.1,0.42
2282.5,0.45
2284.0,0.42
2285.5,0.42
2286.9,0.45
2288.4,0.42
2289.8,0.45
2291.3,0.42
2292.7,0.45
2294.2,0.42
2295.6,0.45
2297.1,0.42
2298.6,0.42
2300.0,0.45
2301.5,0.42
2303.0,0.42
2304.5,0.42
2306.0,0.42
2307.5,0.42
2309.0,0.42
2310.5,0.42
2311.9,0.45
2313.4,0.42
2314.9,0.42
2316.5,0.39
2318.0,0.42
2319.5,0.42
2321.1,0.39
2322.6,0.42
2324.2,0.39
2325.7,0.42
2327.2,0.42
2328.8,0.39
2330.3,0.42
2331.8,0.42
2333.4,0.39
2335.0,0.39
2336.6,0.39
2338.2,0.39
2339.8,0.39
2341.4,0.39
2342.9,0.42
2344.5,0.39
2346.1,0.39
2347.6,0.42
2349.2,0.39
2350.7,0.42
2352.2,0.42
2353.8,0.39
2355.4,0.39
2356.9,0.42
2358.5,0.39
2360.1,0.39
2361.7,0.39
2363.2,0.42
2364.8,0.39
2366.3,0.42
2367.9,0.39
2369.4,0.42
2370.9,0.42
2372.5,0.39
2374.1,0.39
2375.7,0.39
2377.3,0.39
2378.9,0.39
2380.6,0.37
2382.2,0.39
2383.9,0.37
2385.5,0.39
2387.2,0.37
2388.9,0.37
2390.5,0.39
2392.2,0.37
2393.9,0.37
2395.5,0.39
2397.2,0.37
2398.8,0.39
2400.4,0.39
2402.0,0.39
2403.6,0.39
2405.2,0.39
2406.8,0.39
2408.4,0.39
2410.0,0.39
2411.7,0.37
2413.3,0.39
2414.9,0.39
2416.5,0.39
2418.1,0.39
2419.7,0.39
2421.3,0.39
2423.0,0.37
2424.6,0.39
2426.2,0.39
2427.9,0.37
2429.5,0.39
2431.2,0.37
2432.8,0.39
2434.3,0.42
2435.9,0.39
2437.5,0.39
2439.1,0.39
2440.7,0.39
2442.3,0.39
2443.8,0.42
2445.4,0.39
2446.9,0.42
2448.5,0.39
2450.1,0.39
2451.7,0.39
2453.3,0.39
2454.9,0.39
2456.6,0.37
2458.2,0.39
2459.9,0.37
2461.5,0.39
2463.2,0.37
2464.8,0.39
2466.4,0.39
2468.0,0.39
2469.6,0.39
2471.3,0.37
2472.9,0.39
2474.5,0.39
2476.2,0.37
2477.8,0.39
2479.5,0.37
2481.1,0.39
2482.7,0.39
2484.3,0.39
2486.0,0.37
2487.6,0.39
2489.2,0.39
2490.8,0.39
2492.4,0.39
2494.0,0.39
2495.7,0.37
2497.3,0.39
2498.9,0.39
2500.5,0.39
2502.1,0.39
2503.7,0.39
2505.3,0.39
2507.0,0.37
2508.6,0.39
2510.3,0.37
2511.9,0.39
2513.6,0.37
2515.2,0.39
2516.8,0.39
2518.4,0.39
2520.1,0.37
2521.7,0.39
2523.3,0.39
2524.9,0.39
2526.6,0.37
2528.2,0.39
2529.8,0.39
2531.5,0.37
2533.1,0.39
2534.7,0.39
2536.3,0.39
2538.0,0.37
2539.6,0.39
2541.3,0.37
2543.0,0.37
2544.6,0.39
2546.3,0.37
2547.9,0.39
2549.5,0.39
2551.2,0.37
2552.8,0.39
2554.4,0.39
2556.1,0.37
2557.7,0.39
2559.4,0.37
2561.0,0.39
2562.7,0.37
2564.3,0.39
2565.9,0.39
2567.6,0.37
2569.2,0.39
2570.8,0.39
2572.4,0.39
2574.0,0.39
2575.6,0.39
2577.2,0.39
2578.8,0.39
2580.4,0.39
2582.0,0.39
2583.6,0.39
2585.2,0.39
2586.8,0.39
2588.4,0.39
2590.0,0.39
2591.6,0.39
2593.2,0.39
2594.8,0.39
2596.5,0.37
2598.1,0.39
2599.7,0.39
2601.3,0.39
2603.0,0.37
2604.6,0.39
2606.1,0.42
2607.7,0.39
2609.3,0.39
2610.9,0.39
2612.5,0.39
2614.1,0.39
2615.7,0.39
2617.3,0.39
2619.0,0.37
2620.6,0.39
2622.2,0.39
2623.8,0.39
2625.4,0.39
2627.1,0.37
2628.7,0.39
2630.3,0.39
2631.9,0.39
2633.6,0.37
2635.2,0.39
2636.8,0.39
2638.3,0.42
2639.9,0.39
2641.5,0.39
2643.1,0.39
2644.7,0.39
2646.4,0.37
2648.0,0.39
2649.7,0.37
2651.3,0.39
2652.9,0.39
2654.5,0.39
2656.0,0.42
2657.6,0.39
2659.2,0.39
2660.7,0.42
2662.3,0.39
2663.9,0.39
2665.4,0.42
2667.0,0.39
2668.6,0.39
2670.2,0.39
2671.8,0.39
2673.4,0.39
2675.1,0.37
2676.7,0.39
2678.3,0.39
2679.9,0.39
2681.5,0.39
2683.2,0.37
2684.8,0.39
2686.4,0.39
2688.0,0.39
2689.6,0.39
2691.2,0.39
2692.8,0.39
2694.3,0.42
2695.9,0.39
2697.4,0.42
2699.0,0.39
2700.5,0.42
2702.1,0.39
2703.6,0.42
2705.2,0.39
2706.8,0.39
2708.3,0.42
2709.9,0.39
2711.5,0.39
2713.0,0.42
2714.5,0.42
2716.0,0.42
2717.6,0.39
2719.2,0.39
2720.8,0.39
2722.4,0.39
2724.0,0.39
2725.6,0.39
2727.2,0.39
2728.8,0.39
2730.4,0.39
2731.9,0.42
2733.5,0.39
2735.1,0.39
2736.7,0.39
2738.3,0.39
2739.9,0.39
2741.6,0.37
2743.2,0.39
2744.8,0.39
2746.4,0.39
2748.1,0.37
2749.7,0.39
2751.3,0.39
2752.9,0.39
2754.5,0.39
2756.1,0.39
2757.8,0.37
2759.4,0.39
2761.0,0.39
2762.6,0.39
2764.2,0.39
2765.8,0.39
2767.3,0.42
2768.9,0.39
2770.5,0.39
2772.1,0.39
2773.7,0.39
2775.2,0.42
2776.8,0.39
2778.4,0.39
2780.0,0.39
2781.6,0.39
2783.2,0.39
2784.8,0.39
2786.4,0.39
2788.0,0.39
2789.6,0.39
2791.2,0.39
2792.8,0.39
2794.3,0.42
2795.9,0.39
2797.4,0.42
2799.0,0.39
2800.5,0.42
2802.1,0.39
2803.6,0.42
2805.2,0.39
2806.8,0.39
2808.4,0.39
2810.0,0.39
2811.6,0.39
2813.2,0.39
2814.8,0.39
2816.3,0.42
2817.9,0.39
2819.5,0.39
2821.1,0.39
2822.7,0.39
2824.2,0.42
2825.8,0.39
2827.3,0.42
2828.9,0.39
2830.4,0.42
2832.0,0.39
2833.5,0.42
2835.1,0.39
2836.6,0.42
2838.2,0.39
2839.8,0.39
2841.4,0.39
2843.0,0.39
2844.6,0.39
2846.2,0.39
2847.8,0.39
2849.4,0.39
2851.0,0.39
2852.7,0.37
2854.5,0.35
2856.2,0.37
2858.0,0.35
2859.7,0.37
2861.4,0.37
2863.2,0.35
2864.8,0.39
2866.5,0.37
2868.2,0.37
2869.9,0.37
2871.6,0.37
2873.3,0.37
2875.1,0.35
2876.8,0.37
2878.5,0.37
2880.2,0.37
2882.0,0.35
2883.8,0.35
2885.6,0.35
2887.4,0.35
2889.2,0.35
2891.0,0.35
2892.8,0.35
2894.6,0.35
2896.4,0.35
2898.3,0.33
2900.1,0.35
2901.9,0.35
2903.8,0.33
2905.7,0.33
2907.5,0.35
2909.2,0.37
2911.0,0.35
2912.7,0.37
2914.4,0.37
2916.1,0.37
2917.8,0.37
2919.6,0.35
2921.3,0.37
2923.1,0.35
2924.8,0.37
2926.6,0.35
2928.4,0.35
2930.2,0.35
2932.0,0.35
2933.8,0.35
2935.6,0.35
2937.4,0.35
2939.1,0.37
2940.7,0.39
2942.3,0.39
2943.9,0.39
2945.5,0.39
2947.0,0.42
2948.6,0.39
2950.1,0.42
2951.7,0.39
2953.3,0.39
2955.0,0.37
2956.6,0.39
2958.2,0.39
2959.8,0.39
2961.5,0.37
2963.1,0.39
2964.7,0.39
2966.2,0.42
2967.8,0.39
2969.4,0.39
2971.0,0.39
2972.6,0.39
2974.1,0.42
2975.7,0.39
2977.3,0.39
2978.9,0.39
2980.5,0.39
2982.1,0.39
2983.7,0.39
2985.3,0.39
2986.9,0.39
2988.5,0.39
2990.1,0.39
2991.7,0.39
2993.3,0.39
2994.9,0.39
2996.6,0.37
2998.2,0.39
2999.8,0.39
3001.4,0.39
3003.0,0.39
3004.6,0.39
3006.1,0.42
3007.7,0.39
3009.3,0.39
3011.0,0.37
3012.6,0.39
3014.2,0.39
3015.9,0.37
3017.5,0.39
3019.1,0.39
3020.7,0.39
3022.4,0.37
3024.0,0.39
3025.7,0.37
3027.2,0.42
3028.9,0.37
3030.5,0.39
3032.1,0.39
3033.8,0.37
3035.4,0.39
3037.0,0.39
3038.6,0.39
3040.2,0.39
3041.8,0.39
3043.4,0.39
3045.0,0.39
3046.6,0.39
3048.2,0.39
3049.7,0.42
3051.3,0.39
3052.9,0.39
3054.5,0.39
3056.1,0.39
3057.7,0.39
3059.4,0.37
3061.0,0.39
3062.6,0.39
3064.3,0.37
3065.9,0.39
3067.5,0.39
3069.1,0.39
3070.8,0.37
3072.4,0.39
3074.1,0.37
3075.7,0.39
3077.3,0.39
3078.9,0.39
3080.5,0.39
3082.2,0.37
3083.8,0.39
3085.5,0.37
3087.1,0.39
3088.7,0.39
3090.4,0.37
3092.0,0.39
3093.7,0.37
3095.3,0.39
3096.9,0.39
3098.6,0.37
3100.1,0.42
3101.7,0.39
3103.3,0.39
3104.9,0.39
3106.5,0.39
3108.1,0.39
3109.8,0.37
3111.4,0.39
3113.1,0.37
3114.8,0.37
3116.5,0.37
3118.2,0.37
3119.9,0.37
3121.6,0.37
3123.3,0.37
3125.0,0.37
3126.7,0.37
3128.4,0.37
3130.1,0.37
3131.9,0.35
3133.6,0.37
3135.3,0.37
3137.0,0.37
3138.7,0.37
3140.4,0.37
3142.1,0.37
3143.9,0.35
3145.6,0.37
3147.2,0.39
3148.9,0.37
3150.5,0.39
3152.1,0.39
3153.8,0.37
3155.4,0.39
3157.0,0.39
3158.6,0.39
3160.2,0.39
3161.8,0.39
3163.3,0.42
3165.0,0.37
3166.6,0.39
3168.3,0.37
3169.9,0.39
3171.6,0.37
3173.2,0.39
3174.8,0.39
3176.4,0.39
3178.0,0.39
3179.6,0.39
3181.3,0.37
3182.9,0.39
3184.6,0.37
3186.2,0.39
3187.8,0.39
3189.5,0.37
3191.1,0.39
3192.8,0.37
3194.4,0.39
3196.0,0.39
3197.6,0.39
3199.2,0.39
3200.9,0.37
3202.5,0.39
3204.1,0.39
3205.7,0.39
3207.3,0.39
3209.0,0.37
3210.7,0.37
3212.3,0.39
3214.0,0.37
3215.7,0.37
3217.4,0.37
3219.0,0.39
3220.7,0.37
3222.3,0.39
3224.0,0.37
3225.6,0.39
3227.2,0.39
3228.8,0.39
3230.4,0.39
3232.0,0.39
3233.5,0.42
3235.1,0.39
3236.6,0.42
3238.2,0.39
3239.7,0.42
3241.2,0.42
3242.8,0.39
3244.3,0.42
3245.8,0.42
3247.3,0.42
3248.9,0.39
3250.4,0.42
3252.0,0.39
3253.5,0.42
3255.1,0.39
3256.7,0.39
3258.3,0.39
3259.9,0.39
3261.5,0.39
3263.2,0.37
3264.8,0.39
3266.4,0.39
3268.0,0.39
3269.6,0.39
3271.2,0.39
3272.7,0.42
3274.3,0.39
3275.8,0.42
3277.4,0.39
3278.9,0.42
3280.5,0.39
3282.0,0.42
3283.5,0.42
3285.0,0.42
3286.5,0.42
3288.1,0.39
3289.6,0.42
3291.2,0.39
3292.8,0.39
3294.3,0.42
3295.9,0.39
3297.4,0.42
3299.0,0.39
3300.5,0.42
3302.1,0.39
3303.6,0.42
3305.2,0.39
3306.8,0.39
3308.4,0.39
3310.1,0.37
3311.7,0.39
3313.4,0.37
3315.0,0.39
3316.7,0.37
3318.4,0.37
3320.0,0.39
3321.7,0.37
3323.3,0.39
3325.0,0.37
3326.6,0.39
3328.2,0.39
3329.9,0.37
3331.5,0.39
3333.1,0.39
3334.8,0.37
3336.3,0.42
3337.9,0.39
3339.5,0.39
3341.1,0.39
3342.6,0.42
3344.2,0.39
3345.9,0.37
3347.5,0.39
3349.2,0.37
3350.9,0.37
3352.6,0.37
3354.2,0.39
3355.9,0.37
3357.5,0.39
3359.1,0.39
3360.8,0.37
3362.4,0.39
3364.0,0.39
3365.7,0.37
3367.3,0.39
3368.9,0.39
3370.5,0.39
3372.1,0.39
3373.6,0.42
3375.2,0.39
3376.8,0.39
3378.3,0.42
3379.9,0.39
3381.4,0.42
3383.0,0.39
3384.6,0.39
3386.2,0.39
3387.8,0.39
3389.3,0.42
3390.8,0.42
3392.4,0.39
3393.9,0.42
3395.4,0.42
3397.0,0.39
3398.6,0.39
3400.2,0.39
3401.8,0.39
3403.4,0.39
3405.0,0.39
3406.6,0.39
3408.2,0.39
3409.8,0.39
3411.4,0.39
3413.1,0.37
3414.7,0.39
3416.3,0.39
3417.9,0.39
3419.5,0.39
3421.2,0.37
3422.8,0.39
3424.4,0.39
3425.9,0.42
3427.6,0.37
3429.2,0.39
3430.8,0.39
3432.4,0.39
3434.0,0.39
3435.6,0.39
3437.2,0.39
3438.8,0.39
3440.4,0.39
3441.9,0.42
3443.5,0.39
3445.0,0.42
3446.5,0.42
3448.1,0.39
3449.7,0.39
3451.3,0.39
3452.9,0.39
3454.5,0.39
3456.1,0.39
3457.4,0.48
3459.2,0.35
3461.0,0.35
3462.8,0.35
3464.5,0.37
3466.3,0.35
3468.1,0.35
3469.8,0.37
3471.4,0.39
3473.1,0.37
3474.8,0.37
3476.4,0.39
3478.1,0.37
3479.8,0.37
3481.4,0.39
3483.1,0.37
3484.8,0.37
3486.6,0.35
3488.3,0.37
3490.1,0.35
3491.8,0.37
3493.5,0.37
3495.2,0.37
3496.9,0.37
3498.5,0.39
3500.2,0.37
3501.8,0.39
3503.5,0.37
3505.2,0.37
3506.9,0.37
3508.6,0.37
3510.3,0.37
3511.9,0.39
3513.6,0.37
3515.3,0.37
3517.0,0.37
3518.7,0.37
3520.3,0.39
3522.0,0.37
3523.7,0.37
3525.4,0.37
3527.1,0.37
3528.8,0.37
3530.5,0.37
3532.1,0.39
3533.8,0.37
3535.4,0.39
3537.1,0.37
3538.7,0.39
3540.4,0.37
3542.0,0.39
3543.7,0.37
3545.3,0.39
3547.0,0.37
3548.6,0.39
3550.2,0.39
3551.9,0.37
3553.5,0.39
3555.1,0.39
3556.8,0.37
3558.4,0.39
3560.0,0.39
3561.7,0.37
3563.3,0.39
3564.9,0.39
3566.6,0.37
3568.2,0.39
3569.9,0.37
3571.6,0.37
3573.3,0.37
3575.0,0.37
3576.8,0.35
3578.4,0.39
3580.1,0.37
3581.8,0.37
3583.4,0.39
3585.1,0.37
3586.7,0.39
3588.3,0.39
3589.9,0.39
3591.5,0.39
3593.0,0.42
3594.6,0.39
3596.1,0.42
3597.7,0.39
3599.2,0.42
3600.8,0.39
3602.4,0.39
3604.0,0.39
3605.6,0.39
3607.1,0.42
3608.7,0.39
3610.3,0.39
3611.8,0.42
3613.4,0.39
3614.9,0.42
3616.5,0.39
3618.1,0.39
3619.7,0.39
3621.3,0.39
3623.0,0.37
3624.6,0.39
3626.2,0.39
3627.9,0.37
3629.5,0.39
3631.2,0.37
3632.8,0.39
3634.5,0.37
3636.2,0.37
3637.8,0.39
3639.5,0.37
3641.2,0.37
3642.9,0.37
3644.6,0.37
3646.3,0.37
3648.0,0.37
3649.7,0.37
3651.5,0.35
3653.2,0.37
3655.0,0.35
3656.7,0.37
3658.4,0.37
3660.1,0.37
3661.7,0.39
3663.4,0.37
3665.0,0.39
3666.6,0.39
3668.2,0.39
3669.8,0.39
3671.4,0.39
3672.9,0.42
3674.5,0.39
3676.1,0.39
3677.6,0.42
3679.1,0.42
3680.6,0.42
3682.1,0.42
3683.6,0.42
3685.2,0.39
3686.8,0.39
3688.4,0.39
3690.0,0.39
3691.7,0.37
3693.3,0.39
3694.9,0.39
3696.6,0.37
3698.2,0.39
3699.9,0.37
3701.6,0.37
3703.3,0.37
3704.9,0.39
3706.5,0.39
3708.1,0.39
3709.7,0.39
3711.2,0.42
3712.8,0.39
3714.4,0.39
3716.1,0.37
3717.7,0.39
3719.3,0.39
3721.0,0.37
3722.6,0.39
3724.3,0.37
3725.9,0.39
3727.5,0.39
3729.1,0.39
3730.7,0.39
3732.3,0.39
3733.8,0.42
3735.4,0.39
3737.1,0.37
3738.7,0.39
3740.4,0.37
3742.0,0.39
3743.6,0.39
3745.3,0.37
3746.9,0.39
3748.6,0.37
3750.2,0.39
3751.9,0.37
3753.6,0.37
3755.3,0.37
3756.9,0.39
3758.6,0.37
3760.2,0.39
3761.9,0.37
3763.5,0.39
3765.2,0.37
3766.8,0.39
3768.5,0.37
3770.1,0.39
3771.7,0.39
3773.3,0.39
3774.9,0.39
3776.6,0.37
3778.2,0.39
3779.9,0.37
3781.5,0.39
3783.2,0.37
3784.9,0.37
3786.5,0.39
3788.2,0.37
3789.8,0.39
3791.4,0.39
3793.0,0.39
3794.6,0.39
3796.2,0.39
3797.7,0.42
3799.3,0.39
3800.8,0.42
3802.4,0.39
3803.9,0.42
3805.5,0.39
3807.1,0.39
3808.7,0.39
3810.3,0.39
3811.9,0.39
3813.4,0.42
3815.0,0.39
3816.6,0.39
3818.2,0.39
3819.8,0.39
3821.4,0.39
3823.0,0.39
3824.6,0.39
3826.2,0.39
3827.9,0.37
3829.5,0.39
3831.1,0.39
3832.7,0.39
3834.3,0.39
3835.9,0.39
3837.6,0.37
3839.2,0.39
3840.8,0.39
3842.4,0.39
3844.0,0.39
3845.6,0.39
3847.2,0.39
3848.8,0.39
3850.4,0.39
3852.0,0.39
3853.6,0.39
3855.2,0.39
3856.8,0.39
3858.4,0.39
3860.1,0.37
3861.7,0.39
3863.3,0.39
3865.0,0.37
3866.6,0.39
3868.2,0.39
3869.8,0.39
3871.3,0.42
3872.9,0.39
3874.4,0.42
3876.0,0.39
3877.5,0.42
3879.0,0.42
3880.6,0.39
3882.2,0.39
3883.7,0.42
3885.3,0.39
3886.8,0.42
3888.3,0.42
3889.9,0.39
3891.5,0.39
3893.1,0.39
3894.6,0.42
3896.2,0.39
3897.8,0.39
3899.3,0.42
3900.8,0.42
3902.3,0.42
3903.9,0.39
3905.4,0.42
3907.0,0.39
3908.6,0.39
3910.2,0.39
3911.8,0.39
3913.4,0.39
3915.0,0.39
3916.6,0.39
3918.1,0.42
3919.6,0.42
3921.1,0.42
3922.7,0.39
3924.2,0.42
3925.7,0.42
3927.3,0.39
3928.8,0.42
3930.4,0.39
3932.0,0.39
3933.6,0.39
3935.1,0.42
3936.7,0.39
3938.3,0.39
3939.9,0.39
3941.6,0.37
3943.2,0.39
3944.9,0.37
3946.5,0.39
3948.1,0.39
3949.8,0.37
3951.4,0.39
3953.0,0.39
3954.6,0.39
3956.2,0.39
3957.8,0.39
3959.4,0.39
3961.0,0.39
3962.6,0.39
3964.2,0.39
3965.8,0.39
3967.3,0.42
3969.0,0.37
3970.5,0.42
3972.1,0.39
3973.7,0.39
3975.2,0.42
3976.7,0.42
3978.2,0.42
3979.8,0.39
3981.3,0.42
3982.9,0.39
3984.5,0.39
3986.2,0.37
3987.8,0.39
3989.4,0.39
3991.0,0.39
3992.6,0.39
3994.1,0.42
3995.7,0.39
3997.2,0.42
3998.8,0.39
4000.4,0.39
4001.9,0.42
4003.5,0.39
4005.0,0.42
4006.5,0.42
4008.1,0.39
4009.6,0.42
4011.1,0.42
4012.6,0.42
4014.1,0.42
4015.6,0.42
4017.2,0.39
4018.7,0.42
4020.3,0.39
4021.8,0.42
4023.4,0.39
4025.0,0.39
4026.6,0.39
4028.2,0.39
4029.8,0.39
4031.3,0.42
4032.9,0.39
4034.4,0.42
4036.0,0.39
4037.5,0.42
4039.1,0.39
4040.7,0.39
4042.3,0.39
4043.9,0.39
4045.5,0.39
4047.1,0.39
4048.8,0.37
4050.5,0.37
4052.2,0.37
4053.8,0.39
4055.3,0.42
4056.9,0.39
4058.5,0.39
4060.0,0.42
4061.6,0.39
4063.2,0.39
4064.8,0.39
4066.4,0.39
4068.1,0.37
4069.7,0.39
4071.4,0.37
4073.1,0.37
4074.7,0.39
4076.3,0.39
4078.0,0.37
4079.6,0.39
4081.2,0.39
4082.9,0.37
4084.5,0.39
4086.2,0.37
4087.8,0.39
4089.5,0.37
4091.1,0.39
4092.7,0.39
4094.3,0.39
4096.0,0.37
4097.6,0.39
4099.3,0.37
4101.0,0.37
4102.6,0.39
4104.3,0.37
4105.9,0.39
4107.5,0.39
4109.2,0.37
4110.8,0.39
4112.5,0.37
4114.2,0.37
4116.2,0.31
4118.1,0.33
4120.1,0.31
4121.9,0.35
4123.8,0.33
4125.7,0.33
4127.5,0.35
4129.3,0.35
4131.1,0.35
4132.9,0.35
4134.6,0.37
4136.3,0.37
4138.1,0.35
4139.8,0.37
4141.5,0.37
4143.3,0.35
4145.0,0.37
4146.7,0.37
4148.4,0.37
4150.1,0.37
4151.8,0.37
4153.4,0.39
4155.1,0.37
4156.8,0.37
4158.5,0.37
4160.1,0.39
4161.8,0.37
4163.5,0.37
4165.1,0.39
4166.8,0.37
4168.5,0.37
4170.2,0.37
4171.9,0.37
4173.6,0.37
4175.3,0.37
4177.0,0.37
4178.7,0.37
4180.4,0.37
4182.1,0.37
4183.8,0.37
4185.5,0.37
4187.2,0.37
4188.8,0.39
4190.4,0.39
4191.9,0.42
4193.5,0.39
4195.1,0.39
4196.6,0.42
4198.2,0.39
4199.8,0.39
4201.4,0.39
4202.9,0.42
4204.5,0.39
4206.1,0.39
4207.7,0.39
4209.3,0.39
4210.9,0.39
4212.5,0.39
4214.1,0.39
4215.7,0.39
4217.3,0.39
4218.9,0.39
4220.4,0.42
4222.0,0.39
4223.6,0.39
4225.1,0.42
4226.7,0.39
4228.3,0.39
4229.9,0.39
4231.5,0.39
4233.1,0.39
4234.7,0.39
4236.3,0.39
4238.0,0.37
4239.7,0.37
4241.3,0.39
4243.0,0.37
4244.6,0.39
4246.2,0.39
4247.9,0.37
4249.5,0.39
4251.1,0.39
4252.7,0.39
4254.3,0.39
4256.0,0.37
4257.7,0.37
4259.4,0.37
4261.1,0.37
4262.8,0.37
4264.5,0.37
4266.1,0.39
4267.8,0.37
4269.4,0.39
4271.1,0.37
4272.7,0.39
4274.4,0.37
4276.0,0.39
4277.7,0.37
4279.3,0.39
4281.0,0.37
4282.6,0.39
4284.3,0.37
4286.0,0.37
4287.6,0.39
4289.3,0.37
4290.9,0.39
4292.5,0.39
4294.0,0.42
4295.6,0.39
4297.1,0.42
4298.6,0.42
4300.2,0.39
4301.8,0.39
4303.3,0.42
4304.9,0.39
4306.5,0.39
4308.1,0.39
4309.7,0.39
4311.3,0.39
4313.0,0.37
4314.7,0.37
4316.4,0.37
4318.1,0.37
4319.7,0.39
4321.4,0.37
4323.1,0.37
4324.8,0.37
4326.5,0.37
4328.2,0.37
4329.9,0.37
4331.7,0.35
4333.4,0.37
4335.0,0.39
4336.6,0.39
4338.2,0.39
4339.8,0.39
4341.4,0.39
4343.1,0.37
4344.6,0.42
4346.2,0.39
4347.9,0.37
4349.5,0.39
4351.1,0.39
4352.8,0.37
4354.4,0.39
4356.1,0.37
4357.7,0.39
4359.4,0.37
4361.0,0.39
4362.6,0.39
4364.3,0.37
4365.9,0.39
4367.4,0.42
4369.1,0.37
4370.7,0.39
4372.3,0.39
4373.9,0.39
4375.5,0.39
4377.1,0.39
4378.7,0.39
4380.3,0.39
4381.9,0.39
4383.4,0.42
4384.9,0.42
4386.5,0.39
4388.1,0.39
4389.6,0.42
4391.1,0.42
4392.7,0.39
4394.2,0.42
4395.8,0.39
4397.4,0.39
4399.1,0.37
4400.8,0.37
4402.5,0.37
4404.2,0.37
4405.8,0.39
4407.4,0.39
4409.0,0.39
4410.6,0.39
4412.2,0.39
4413.8,0.39
4415.4,0.39
4416.9,0.42
4418.5,0.39
4420.1,0.39
4421.7,0.39
4423.3,0.39
4425.0,0.37
4426.6,0.39
4428.2,0.39
4429.8,0.39
4431.4,0.39
4433.1,0.37
4434.6,0.42
4436.3,0.37
4437.9,0.39
4439.5,0.39
4441.2,0.37
4442.9,0.37
4444.5,0.39
4446.2,0.37
4447.8,0.39
4449.5,0.37
4451.1,0.39
4452.8,0.37
4454.5,0.37
4456.2,0.37
4457.9,0.37
4459.7,0.35
4461.4,0.37
4463.2,0.35
4465.0,0.35
4466.8,0.35
4468.5,0.37
4470.2,0.37
4471.9,0.37
4473.5,0.39
4475.2,0.37
4476.8,0.39
4478.5,0.37
4480.2,0.37
4482.0,0.35
4483.7,0.37
4485.4,0.37
4487.0,0.39
4488.7,0.37
4490.3,0.39
4491.9,0.39
4493.5,0.39
4495.1,0.39
4496.7,0.39
4498.3,0.39
4499.9,0.39
4501.4,0.42
4503.0,0.39
4504.6,0.39
4506.2,0.39
4507.9,0.37
4509.5,0.39
4511.2,0.37
4512.8,0.39
4514.3,0.42
4515.9,0.39
4517.5,0.39
4519.1,0.39
4520.7,0.39
4522.4,0.37
4524.0,0.39
4525.7,0.37
4527.4,0.37
4529.0,0.39
4530.7,0.37
4532.3,0.39
4534.0,0.37
4535.6,0.39
4537.3,0.37
4538.9,0.39
4540.6,0.37
4542.2,0.39
4543.9,0.37
4545.6,0.37
4547.3,0.37
4548.9,0.39
4550.5,0.39
4552.1,0.39
4553.6,0.42
4555.2,0.39
4556.8,0.39
4558.4,0.39
4559.9,0.42
4561.5,0.39
4563.0,0.42
4564.6,0.39
4566.1,0.42
4567.7,0.39
4569.3,0.39
4570.9,0.39
4572.5,0.39
4574.1,0.39
4575.6,0.42
4577.3,0.37
4578.9,0.39
4580.6,0.37
4582.2,0.39
4583.9,0.37
4585.5,0.39
4587.2,0.37
4588.8,0.39
4590.4,0.39
4592.1,0.37
4593.7,0.39
4595.4,0.37
4597.0,0.39
4598.6,0.39
4600.2,0.39
4601.8,0.39
4603.4,0.39
4604.9,0.42
4606.5,0.39
4608.0,0.42
4609.5,0.42
4611.1,0.39
4612.6,0.42
4614.2,0.39
4615.7,0.42
4617.3,0.39
4618.8,0.42
4620.4,0.39
4621.9,0.42
4623.5,0.39
4625.1,0.39
4626.7,0.39
4628.3,0.39
4629.9,0.39
4631.6,0.37
4633.2,0.39
4634.9,0.37
4636.6,0.37
4638.2,0.39
4639.8,0.39
4641.4,0.39
4643.0,0.39
4644.7,0.37
4646.3,0.39
4648.0,0.37
4649.6,0.39
4651.3,0.37
4653.0,0.37
4654.7,0.37
4656.4,0.37
4658.0,0.39
4659.6,0.39
4661.2,0.39
4662.8,0.39
4664.4,0.39
4666.0,0.39
4667.6,0.39
4669.2,0.39
4670.8,0.39
4672.4,0.39
4674.0,0.39
4675.6,0.39
4677.2,0.39
4678.8,0.39
4680.3,0.42
4681.9,0.39
4683.5,0.39
4685.0,0.42
4686.6,0.39
4688.1,0.42
4689.7,0.39
4691.3,0.39
4692.9,0.39
4694.4,0.42
4696.0,0.39
4697.6,0.39
4699.2,0.39
4700.8,0.39
4702.4,0.39
4704.0,0.39
4705.6,0.39
4707.2,0.39
4708.8,0.39
4710.4,0.39
4711.9,0.42
4713.5,0.39
4715.0,0.42
4716.6,0.39
4718.1,0.42
4719.7,0.39
4721.2,0.42
4722.8,0.39
4724.4,0.39
4725.9,0.42
4727.5,0.39
4729.0,0.42
4730.6,0.39
4732.1,0.42
4733.7,0.39
4735.3,0.39
4736.9,0.39
4738.5,0.39
4740.1,0.39
4741.7,0.39
4743.3,0.39
4744.9,0.39
4746.4,0.42
4748.0,0.39
4749.6,0.39
4751.2,0.39
4752.8,0.39
4754.3,0.42
4755.9,0.39
4757.5,0.39
4759.1,0.39
4760.6,0.42
4762.2,0.39
4763.7,0.42
4765.3,0.39
4766.8,0.42
4768.4,0.39
4769.9,0.42
4771.5,0.39
4773.1,0.39
4774.7,0.39
4776.3,0.39
4777.9,0.39
4779.4,0.42
4781.0,0.39
4782.6,0.39
4784.2,0.39
4785.8,0.39
4787.4,0.39
4789.0,0.39
4790.6,0.39
4792.1,0.42
4793.8,0.37
4795.7,0.33
4797.6,0.33
4799.5,0.33
4801.4,0.33
4803.1,0.37
4804.9,0.35
4806.6,0.37
4808.3,0.37
4810.0,0.37
4811.6,0.39
4813.2,0.39
4814.9,0.37
4816.4,0.42
4818.1,0.37
4819.6,0.42
4821.2,0.39
4822.7,0.42
4824.2,0.42
4825.8,0.39
4827.3,0.42
4828.9,0.39
4830.6,0.37
4832.3,0.37
4834.0,0.37
4835.8,0.35
4837.6,0.35
4839.3,0.37
4841.0,0.37
4842.7,0.37
4844.3,0.39
4845.9,0.39
4847.6,0.37
4849.2,0.39
4850.8,0.39
4852.4,0.39
4854.1,0.37
4855.8,0.37
4857.4,0.39
4859.1,0.37
4860.9,0.35
4862.7,0.35
4864.4,0.37
4866.2,0.35
4867.9,0.37
4869.5,0.39
4871.2,0.37
4872.9,0.37
4874.5,0.39
4876.2,0.37
4877.8,0.39
4879.4,0.39
4881.0,0.39
4882.6,0.39
4884.2,0.39
4885.9,0.37
4887.5,0.39
4889.1,0.39
4890.7,0.39
4892.3,0.39
4893.9,0.39
4895.5,0.39
4897.1,0.39
4898.8,0.37
4900.4,0.39
4902.0,0.39
4903.6,0.39
4905.2,0.39
4906.8,0.39
4908.4,0.39
4910.0,0.39
4911.6,0.39
4913.2,0.39
4914.8,0.39
4916.4,0.39
4918.1,0.37
4919.7,0.39
4921.4,0.37
4923.0,0.39
4924.6,0.39
4926.2,0.39
4927.9,0.37
4929.5,0.39
4931.1,0.39
4932.7,0.39
4934.3,0.39
4935.9,0.39
4937.5,0.39
4939.1,0.39
4940.6,0.42
4942.2,0.39
4943.8,0.39
4945.4,0.39
4947.0,0.39
4948.6,0.39
4950.2,0.39
4951.8,0.39
4953.4,0.39
4954.9,0.42
4956.5,0.39
4958.1,0.39
4959.6,0.42
4961.2,0.39
4962.9,0.37
4964.5,0.39
4966.1,0.39
4967.7,0.39
4969.2,0.42
4970.8,0.39
4972.4,0.39
4973.9,0.42
4975.5,0.39
4977.1,0.39
4978.7,0.39
4980.4,0.37
4982.0,0.39
4983.6,0.39
4985.2,0.39
4986.9,0.37
4988.5,0.39
4990.1,0.39
4991.8,0.37
4993.5,0.37
4995.2,0.37
4996.9,0.37
4998.7,0.35
5000.4,0.37
5002.0,0.39
5003.6,0.39
5005.2,0.39
5006.8,0.39
5008.3,0.42
5009.9,0.39
5011.4,0.42
5013.0,0.39
5014.5,0.42
5016.1,0.39
5017.8,0.37
5019.4,0.39
5021.1,0.37
5022.7,0.39
5024.4,0.37
5026.0,0.39
5027.6,0.39
5029.3,0.37
5030.9,0.39
5032.6,0.37
5034.2,0.39
5035.8,0.39
5037.4,0.39
5039.0,0.39
5040.6,0.39
5042.2,0.39
5043.8,0.39
5045.4,0.39
5047.1,0.37
5048.8,0.37
5050.4,0.39
5052.0,0.39
5053.7,0.37
5055.3,0.39
5057.0,0.37
5058.7,0.37
5060.3,0.39
5062.0,0.37
5063.6,0.39
5065.3,0.37
5066.9,0.39
5068.6,0.37
5070.2,0.39
5071.9,0.37
5073.5,0.39
5075.1,0.39
5076.8,0.37
5078.4,0.39
5080.1,0.37
5081.7,0.39
5083.4,0.37
5085.1,0.37
5086.8,0.37
5088.4,0.39
5090.0,0.39
5091.7,0.37
5093.3,0.39
5094.9,0.39
5096.6,0.37
5098.2,0.39
5099.9,0.37
5101.6,0.37
5103.3,0.37
5105.0,0.37
5106.7,0.37
5108.4,0.37
5110.1,0.37
5111.8,0.37
5113.6,0.35
5115.3,0.37
5117.0,0.37
5118.6,0.39
5120.3,0.37
5121.9,0.39
5123.6,0.37
5125.2,0.39
5126.9,0.37
5128.5,0.39
5130.2,0.37
5131.8,0.39
5133.4,0.39
5135.0,0.39
5136.7,0.37
5138.3,0.39
5140.0,0.37
5141.7,0.37
5143.3,0.39
5145.0,0.37
5146.7,0.37
5148.3,0.39
5149.9,0.39
5151.5,0.39
5153.2,0.37
5154.8,0.39
5156.5,0.37
5158.1,0.39
5159.8,0.37
5161.4,0.39
5163.0,0.39
5164.6,0.39
5166.3,0.37
5167.9,0.39
5169.6,0.37
5171.3,0.37
5172.9,0.39
5174.5,0.39
5176.2,0.37
5177.8,0.39
5179.4,0.39
5181.0,0.39
5182.6,0.39
5184.2,0.39
5185.8,0.39
5187.3,0.42
5188.9,0.39
5190.5,0.39
5192.1,0.39
5193.8,0.37
5195.4,0.39
5196.9,0.42
5198.5,0.39
5200.0,0.42
5201.5,0.42
5203.0,0.42
5204.5,0.42
5206.0,0.42
5207.5,0.42
5209.0,0.42
5210.5,0.42
5212.1,0.39
5213.7,0.39
5215.3,0.39
5217.0,0.37
5218.6,0.39
5220.2,0.39
5221.9,0.37
5223.4,0.42
5225.0,0.39
5226.6,0.39
5228.1,0.42
5229.7,0.39
5231.3,0.39
5232.8,0.42
5234.4,0.39
5236.0,0.39
5237.6,0.39
5239.1,0.42
5240.7,0.39
5242.3,0.39
5243.9,0.39
5245.4,0.42
5247.0,0.39
5248.6,0.39
5250.3,0.37
5252.0,0.37
5253.6,0.39
0.0,0.00
