4.6,0.24
6.9,0.27
8.9,0.31
10.7,0.35
12.5,0.35
14.2,0.37
15.9,0.37
17.6,0.37
19.4,0.35
21.2,0.35
23.1,0.33
25.1,0.31
26.9,0.35
28.7,0.35
30.4,0.37
32.1,0.37
33.7,0.39
35.2,0.42
36.7,0.42
38.2,0.42
39.7,0.42
41.2,0.42
42.6,0.45
44.1,0.42
45.6,0.42
47.1,0.42
48.7,0.39
50.3,0.39
51.9,0.39
53.5,0.39
55.1,0.39
56.8,0.37
58.4,0.39
60.0,0.39
61.6,0.39
63.3,0.37
64.9,0.39
66.6,0.37
68.2,0.39
69.8,0.39
71.4,0.39
73.0,0.39
74.7,0.37
76.2,0.42
77.8,0.39
79.3,0.42
80.9,0.39
82.5,0.39
84.0,0.42
85.6,0.39
87.2,0.39
88.7,0.42
90.3,0.39
91.9,0.39
93.5,0.39
95.1,0.39
96.6,0.42
98.1,0.42
99.7,0.39
101.2,0.42
102.7,0.42
104.2,0.42
105.7,0.42
107.2,0.42
108.7,0.42
110.2,0.42
111.8,0.39
113.3,0.42
114.8,0.42
116.3,0.42
117.8,0.42
119.3,0.42
120.8,0.42
122.3,0.42
123.8,0.42
125.4,0.39
126.8,0.45
128.3,0.42
129.8,0.42
131.3,0.42
132.8,0.42
134.3,0.42
135.8,0.42
137.3,0.42
138.8,0.42
140.3,0.42
141.9,0.39
143.4,0.42
144.9,0.42
146.4,0.42
147.8,0.45
149.4,0.39
150.8,0.45
152.3,0.42
153.8,0.42
155.3,0.42
156.8,0.42
158.3,0.42
159.7,0.45
161.2,0.42
162.6,0.45
164.0,0.45
165.4,0.45
166.8,0.45
168.2,0.45
169.7,0.42
171.1,0.45
172.6,0.42
174.0,0.45
175.4,0.45
176.8,0.45
178.2,0.45
179.6,0.45
181.1,0.42
182.4,0.48
183.8,0.45
185.2,0.45
186.6,0.45
187.9,0.48
189.3,0.45
190.6,0.48
192.0,0.45
193.3,0.48
194.7,0.45
196.0,0.48
197.3,0.48
198.7,0.45
200.0,0.48
201.3,0.48
202.6,0.48
204.0,0.45
205.3,0.48
206.7,0.45
208.0,0.48
209.3,0.48
210.7,0.45
212.0,0.48
213.4,0.45
214.7,0.48
216.1,0.45
217.4,0.48
218.7,0.48
220.0,0.48
221.3,0.48
222.6,0.48
223.9,0.48
225.2,0.48
226.4,0.52
227.7,0.48
229.0,0.48
230.3,0.48
231.5,0.52
232.8,0.48
234.1,0.48
235.3,0.52
236.6,0.48
237.8,0.52
239.1,0.48
240.3,0.52
241.6,0.48
242.8,0.52
244.1,0.48
245.4,0.48
246.6,0.52
247.9,0.48
249.1,0.52
250.4,0.48
251.6,0.52
252.8,0.52
254.1,0.48
255.3,0.52
256.5,0.52
257.8,0.48
259.0,0.52
260.3,0.48
261.6,0.48
262.8,0.52
264.1,0.48
265.4,0.48
266.7,0.48
267.9,0.52
269.2,0.48
270.4,0.52
271.7,0.48
273.0,0.48
274.2,0.52
275.5,0.48
276.8,0.48
278.0,0.52
279.3,0.48
280.6,0.48
281.8,0.52
283.1,0.48
284.4,0.48
285.7,0.48
287.0,0.48
288.2,0.52
289.5,0.48
290.7,0.52
292.0,0.48
293.3,0.48
294.6,0.48
295.9,0.48
297.2,0.48
298.5,0.48
299.8,0.48
301.1,0.48
302.4,0.48
303.6,0.52
304.9,0.48
306.2,0.48
307.5,0.48
308.8,0.48
310.1,0.48
311.3,0.52
312.6,0.48
313.9,0.48
315.2,0.48
316.4,0.52
317.7,0.48
319.0,0.48
320.3,0.48
321.6,0.48
322.9,0.48
324.2,0.48
325.5,0.48
326.7,0.52
328.0,0.48
329.3,0.48
330.6,0.48
331.8,0.52
333.1,0.48
334.3,0.52
335.5,0.52
336.7,0.52
337.8,0.57
339.0,0.52
340.2,0.52
341.4,0.52
342.6,0.52
343.8,0.52
345.0,0.52
346.2,0.52
347.4,0.52
348.6,0.52
349.8,0.52
351.1,0.48
352.2,0.57
353.5,0.48
354.7,0.52
355.9,0.52
357.2,0.48
358.4,0.52
359.6,0.52
360.9,0.48
362.1,0.52
363.3,0.52
364.6,0.48
365.8,0.52
367.1,0.48
368.3,0.52
369.6,0.48
370.9,0.48
372.1,0.52
373.4,0.48
374.6,0.52
375.9,0.48
377.1,0.52
378.3,0.52
379.6,0.48
380.8,0.52
382.1,0.48
383.3,0.52
384.6,0.48
385.8,0.52
387.1,0.48
388.4,0.48
389.6,0.52
390.9,0.48
392.1,0.52
393.4,0.48
394.7,0.48
395.9,0.52
397.2,0.48
398.5,0.48
399.7,0.52
401.0,0.48
402.2,0.52
403.5,0.48
404.7,0.52
406.0,0.48
407.2,0.52
408.5,0.48
409.7,0.52
411.0,0.48
412.3,0.48
413.5,0.52
414.8,0.48
416.1,0.48
417.3,0.52
418.6,0.48
419.9,0.48
421.1,0.52
422.4,0.48
423.6,0.52
424.9,0.48
426.1,0.52
427.4,0.48
428.7,0.48
429.9,0.52
431.2,0.48
432.5,0.48
433.8,0.48
435.1,0.48
436.3,0.52
437.6,0.48
438.9,0.48
440.1,0.52
441.4,0.48
442.7,0.48
443.9,0.52
445.2,0.48
446.5,0.48
447.7,0.52
449.0,0.48
450.2,0.52
451.5,0.48
452.8,0.48
454.0,0.52
455.3,0.48
456.6,0.48
457.9,0.48
459.2,0.48
460.5,0.48
461.7,0.52
463.0,0.48
464.2,0.52
465.5,0.48
466.8,0.48
468.1,0.48
469.5,0.45
470.8,0.48
472.1,0.48
473.5,0.45
474.8,0.48
476.1,0.48
477.5,0.45
478.8,0.48
480.2,0.45
481.5,0.48
482.9,0.45
484.2,0.48
485.5,0.48
486.9,0.45
488.2,0.48
489.6,0.45
490.9,0.48
492.2,0.48
493.6,0.45
494.9,0.48
496.2,0.48
497.5,0.48
498.9,0.45
500.2,0.48
501.5,0.48
502.9,0.45
504.2,0.48
505.5,0.48
506.9,0.45
508.2,0.48
509.6,0.45
510.9,0.48
512.2,0.48
513.6,0.45
514.9,0.48
516.2,0.48
517.5,0.48
518.8,0.48
520.1,0.48
521.4,0.48
522.7,0.48
524.0,0.48
525.3,0.48
526.6,0.48
527.9,0.48
529.2,0.48
530.6,0.45
531.9,0.48
533.2,0.48
534.5,0.48
535.9,0.45
537.2,0.48
538.5,0.48
539.8,0.48
541.1,0.48
542.4,0.48
543.6,0.52
544.9,0.48
546.2,0.48
547.5,0.48
548.8,0.48
550.1,0.48
551.5,0.45
552.8,0.48
554.1,0.48
555.4,0.48
556.8,0.45
558.1,0.48
559.4,0.48
560.7,0.48
562.0,0.48
563.3,0.48
564.6,0.48
565.9,0.48
567.1,0.52
568.4,0.48
569.7,0.48
571.0,0.48
572.3,0.48
573.6,0.48
574.9,0.48
576.3,0.45
577.6,0.48
578.9,0.48
580.2,0.48
581.5,0.48
582.9,0.45
584.2,0.48
585.5,0.48
586.9,0.45
588.2,0.48
589.6,0.45
590.9,0.48
592.2,0.48
593.6,0.45
594.9,0.48
596.2,0.48
597.5,0.48
598.8,0.48
600.1,0.48
601.5,0.45
602.8,0.48
604.1,0.48
605.4,0.48
606.7,0.48
608.1,0.45
609.4,0.48
610.7,0.48
612.0,0.48
613.4,0.45
614.7,0.48
616.0,0.48
617.3,0.48
618.6,0.48
620.0,0.45
621.2,0.52
622.6,0.45
624.0,0.45
625.4,0.45
626.9,0.42
628.3,0.45
629.8,0.42
631.3,0.42
632.7,0.45
634.1,0.45
635.5,0.45
636.9,0.45
638.2,0.48
639.6,0.45
640.9,0.48
642.2,0.48
643.6,0.45
644.9,0.48
646.2,0.48
647.6,0.45
648.9,0.48
650.2,0.48
651.6,0.45
652.9,0.48
654.3,0.45
655.6,0.48
657.0,0.45
658.3,0.48
659.7,0.45
661.1,0.45
662.5,0.45
664.0,0.42
665.4,0.45
666.8,0.45
668.2,0.45
669.6,0.45
671.0,0.45
672.4,0.45
673.8,0.45
675.2,0.45
676.6,0.45
678.0,0.45
679.5,0.42
680.9,0.45
682.3,0.45
683.7,0.45
685.1,0.45
686.6,0.42
688.1,0.42
689.7,0.39
691.2,0.42
692.7,0.42
694.2,0.42
695.7,0.42
697.2,0.42
698.7,0.42
700.2,0.42
701.7,0.42
703.2,0.42
704.8,0.39
706.2,0.45
707.7,0.42
709.2,0.42
710.6,0.45
712.0,0.45
713.4,0.45
714.8,0.45
716.2,0.45
717.5,0.48
718.9,0.45
720.3,0.45
721.7,0.45
723.0,0.48
724.4,0.45
725.8,0.45
727.1,0.48
728.5,0.45
729.8,0.48
731.2,0.45
732.5,0.48
733.9,0.45
735.2,0.48
736.5,0.48
737.8,0.48
739.1,0.48
740.4,0.48
741.7,0.48
743.1,0.45
744.4,0.48
745.8,0.45
747.1,0.48
748.5,0.45
749.8,0.48
751.1,0.48
752.5,0.45
753.8,0.48
755.2,0.45
756.6,0.45
757.9,0.48
759.3,0.45
760.6,0.48
762.0,0.45
763.3,0.48
764.6,0.48
766.0,0.45
767.3,0.48
768.6,0.48
770.0,0.45
771.3,0.48
772.6,0.48
773.9,0.48
775.3,0.45
776.6,0.48
777.9,0.48
779.2,0.48
780.5,0.48
781.8,0.48
783.2,0.45
784.5,0.48
785.8,0.48
787.2,0.45
788.5,0.48
789.8,0.48
791.1,0.48
792.4,0.48
793.7,0.48
795.0,0.48
796.3,0.48
797.6,0.48
798.9,0.48
800.2,0.48
801.5,0.48
802.8,0.48
804.1,0.48
805.4,0.48
806.7,0.48
808.0,0.48
809.3,0.48
810.6,0.48
812.0,0.45
813.3,0.48
814.7,0.45
816.0,0.48
817.4,0.45
818.7,0.48
820.0,0.48
821.4,0.45
822.7,0.48
824.0,0.48
825.4,0.45
826.7,0.48
828.1,0.45
829.4,0.48
830.7,0.48
832.1,0.45
833.4,0.48
834.8,0.45
836.1,0.48
837.5,0.45
838.8,0.48
840.2,0.45
841.5,0.48
842.8,0.48
844.2,0.45
845.5,0.48
846.9,0.45
848.2,0.48
849.6,0.45
851.0,0.45
852.3,0.48
853.7,0.45
855.0,0.48
856.4,0.45
857.7,0.48
859.1,0.45
860.4,0.48
861.7,0.48
863.0,0.48
864.3,0.48
865.6,0.48
866.9,0.48
868.2,0.48
869.5,0.48
870.8,0.48
872.1,0.48
873.4,0.48
874.7,0.48
876.0,0.48
877.3,0.48
878.7,0.45
880.0,0.48
881.3,0.48
882.6,0.48
883.9,0.48
885.2,0.48
886.5,0.48
887.8,0.48
889.2,0.45
890.6,0.45
892.0,0.45
893.4,0.45
894.8,0.45
896.2,0.45
897.6,0.45
899.0,0.45
900.5,0.42
901.9,0.45
903.3,0.45
904.8,0.42
906.2,0.45
907.6,0.45
909.0,0.45
910.5,0.42
911.9,0.45
913.4,0.42
914.8,0.45
916.3,0.42
917.7,0.45
919.1,0.45
920.6,0.42
922.1,0.42
923.7,0.39
925.2,0.42
926.8,0.39
928.3,0.42
929.8,0.42
931.3,0.42
932.8,0.42
934.2,0.45
935.6,0.45
937.1,0.42
938.5,0.45
940.0,0.42
941.5,0.42
943.0,0.42
944.6,0.39
946.1,0.42
947.6,0.42
949.1,0.42
950.6,0.42
952.1,0.42
953.6,0.42
955.2,0.39
956.7,0.42
958.1,0.45
959.6,0.42
961.1,0.42
962.5,0.45
964.0,0.42
965.4,0.45
966.9,0.42
968.3,0.45
969.8,0.42
971.3,0.42
972.7,0.45
974.2,0.42
975.6,0.45
977.0,0.45
978.5,0.42
979.9,0.45
981.3,0.45
982.8,0.42
984.2,0.45
985.6,0.45
987.0,0.45
988.5,0.42
989.9,0.45
991.3,0.45
992.7,0.45
994.1,0.45
995.5,0.45
997.0,0.42
998.5,0.42
1000.0,0.42
1001.4,0.45
1002.9,0.42
1004.3,0.45
1005.8,0.42
1007.2,0.45
1008.6,0.45
1010.0,0.45
1011.4,0.45
1012.8,0.45
1014.2,0.45
1015.6,0.45
1017.0,0.45
1018.5,0.42
1019.9,0.45
1021.3,0.45
1022.8,0.42
1024.3,0.42
1025.7,0.45
1027.2,0.42
1028.6,0.45
1030.1,0.42
1031.5,0.45
1033.0,0.42
1034.4,0.45
1035.8,0.45
1037.3,0.42
1038.7,0.45
1040.2,0.42
1041.6,0.45
1043.0,0.45
1044.4,0.45
1045.8,0.45
1047.2,0.45
1048.7,0.42
1050.1,0.45
1051.5,0.45
1053.0,0.42
1054.4,0.45
1055.8,0.45
1057.2,0.45
1058.7,0.42
1060.1,0.45
1061.6,0.42
1063.0,0.45
1064.4,0.45
1065.8,0.45
1067.2,0.45
1068.6,0.45
1070.0,0.45
1071.4,0.45
1072.8,0.45
1074.2,0.45
1075.6,0.45
1076.9,0.48
1078.3,0.45
1079.7,0.45
1081.1,0.45
1082.5,0.45
1083.8,0.48
1085.2,0.45
1086.6,0.45
1088.0,0.45
1089.4,0.45
1090.8,0.45
1092.2,0.45
1093.6,0.45
1095.0,0.45
1096.4,0.45
1097.8,0.45
1099.2,0.45
1100.5,0.48
1101.9,0.45
1103.3,0.45
1104.6,0.48
1106.0,0.45
1107.3,0.48
1108.6,0.48
1110.0,0.45
1111.3,0.48
1112.7,0.45
1114.0,0.48
1115.3,0.48
1116.7,0.45
1118.0,0.48
1119.4,0.45
1120.8,0.45
1122.2,0.45
1123.5,0.48
1124.9,0.45
1126.2,0.48
1127.5,0.48
1128.8,0.48
1130.2,0.45
1131.5,0.48
1132.9,0.45
1134.2,0.48
1135.6,0.45
1136.9,0.48
1138.3,0.45
1139.6,0.48
1141.0,0.45
1142.3,0.48
1143.7,0.45
1145.0,0.48
1146.4,0.45
1147.8,0.45
1149.1,0.48
1150.5,0.45
1151.8,0.48
1153.2,0.45
1154.5,0.48
1155.8,0.48
1157.2,0.45
1158.5,0.48
1159.8,0.48
1161.2,0.45
1162.5,0.48
1163.9,0.45
1165.3,0.45
1166.7,0.45
1168.0,0.48
1169.4,0.45
1170.8,0.45
1172.1,0.48
1173.5,0.45
1174.8,0.48
1176.2,0.45
1177.5,0.48
1178.9,0.45
1180.2,0.48
1181.5,0.48
1182.8,0.48
1184.2,0.45
1185.5,0.48
1186.9,0.45
1188.2,0.48
1189.6,0.45
1191.0,0.45
1192.3,0.48
1193.7,0.45
1195.0,0.48
1196.3,0.48
1197.7,0.45
1199.0,0.48
1200.3,0.48
1201.7,0.45
1203.0,0.48
1204.3,0.48
1205.7,0.45
1207.0,0.48
1208.4,0.45
1209.7,0.48
1211.1,0.45
1212.4,0.48
1213.7,0.48
1215.1,0.45
1216.4,0.48
1217.8,0.45
1219.2,0.45
1220.5,0.48
1221.9,0.45
1223.2,0.48
1224.6,0.45
1225.9,0.48
1227.3,0.45
1228.6,0.48
1230.0,0.45
1231.3,0.48
1232.7,0.45
1234.0,0.48
1235.4,0.45
1236.7,0.48
1238.0,0.48
1239.4,0.45
1240.7,0.48
1242.1,0.45
1243.4,0.48
1244.8,0.45
1246.1,0.48
1247.5,0.45
1248.8,0.48
1250.2,0.45
1251.6,0.45
1252.9,0.48
1254.3,0.45
1255.7,0.45
1257.1,0.45
1258.4,0.48
1259.8,0.45
1261.2,0.45
1262.6,0.45
1264.0,0.45
1265.5,0.42
1266.9,0.45
1268.3,0.45
1269.7,0.45
1271.1,0.45
1272.5,0.45
1273.8,0.48
1275.2,0.45
1276.6,0.45
1278.0,0.45
1279.3,0.48
1280.7,0.45
1282.0,0.48
1283.3,0.48
1284.7,0.45
1286.0,0.48
1287.3,0.48
1288.7,0.45
1290.0,0.48
1291.4,0.45
1292.8,0.45
1294.1,0.48
1295.5,0.45
1296.8,0.48
1298.1,0.48
1299.5,0.45
1300.8,0.48
1302.2,0.45
1303.6,0.45
1305.0,0.45
1306.3,0.48
1307.7,0.45
1309.1,0.45
1310.5,0.45
1311.8,0.48
1313.2,0.45
1314.5,0.48
1315.9,0.45
1317.2,0.48
1318.5,0.48
1319.9,0.45
1321.2,0.48
1322.6,0.45
1323.9,0.48
1325.2,0.48
1326.6,0.45
1327.9,0.48
1329.3,0.45
1330.8,0.42
1332.3,0.42
1333.8,0.42
1335.3,0.42
1336.8,0.42
1338.3,0.42
1339.7,0.45
1341.1,0.45
1342.5,0.45
1343.9,0.45
1345.3,0.45
1346.7,0.45
1348.0,0.48
1349.4,0.45
1350.8,0.45
1352.1,0.48
1353.4,0.48
1354.7,0.48
1356.0,0.48
1357.4,0.45
1358.7,0.48
1360.0,0.48
1361.3,0.48
1362.6,0.48
1363.9,0.48
1365.2,0.48
1366.5,0.48
1367.8,0.48
1369.2,0.45
1370.5,0.48
1371.9,0.45
1373.3,0.45
1374.6,0.48
1376.0,0.45
1377.3,0.48
1378.7,0.45
1380.0,0.48
1381.3,0.48
1382.7,0.45
1384.0,0.48
1385.4,0.45
1386.7,0.48
1388.1,0.45
1389.5,0.45
1390.8,0.48
1392.2,0.45
1393.5,0.48
1394.9,0.45
1396.2,0.48
1397.5,0.48
1398.9,0.45
1400.2,0.48
1401.6,0.45
1402.9,0.48
1404.3,0.45
1405.7,0.45
1407.0,0.48
1408.4,0.45
1409.8,0.45
1411.2,0.45
1412.5,0.48
1413.9,0.45
1415.3,0.45
1416.6,0.48
1417.9,0.48
1419.3,0.45
1420.6,0.48
1422.0,0.45
1423.3,0.48
1424.7,0.45
1426.0,0.48
1427.4,0.45
1428.7,0.48
1430.1,0.45
1431.4,0.48
1432.8,0.45
1434.1,0.48
1435.5,0.45
1436.8,0.48
1438.1,0.48
1439.5,0.45
1440.8,0.48
1442.2,0.45
1443.5,0.48
1444.9,0.45
1446.2,0.48
1447.6,0.45
1448.9,0.48
1450.3,0.45
1451.7,0.45
1453.0,0.48
1454.4,0.45
1455.8,0.45
1457.2,0.45
1458.5,0.48
1460.0,0.42
1461.3,0.48
1462.8,0.42
1464.2,0.45
1465.5,0.48
1466.9,0.45
1468.3,0.45
1469.7,0.45
1471.0,0.48
1472.4,0.45
1473.8,0.45
1475.1,0.48
1476.5,0.45
1477.9,0.45
1479.3,0.45
1480.6,0.48
1482.0,0.45
1483.4,0.45
1484.8,0.45
1486.2,0.45
1487.6,0.45
1489.0,0.45
1490.4,0.45
1491.8,0.45
1493.2,0.45
1494.5,0.48
1495.9,0.45
1497.3,0.45
1498.6,0.48
1500.0,0.45
1501.3,0.48
1502.7,0.45
1504.1,0.45
1505.4,0.48
1506.8,0.45
1508.2,0.45
1509.6,0.45
1511.0,0.45
1512.3,0.48
1513.7,0.45
1515.1,0.45
1516.5,0.45
1517.8,0.48
1519.2,0.45
1520.6,0.45
1522.0,0.45
1523.3,0.48
1524.7,0.45
1526.1,0.45
1527.4,0.48
1528.7,0.48
1530.1,0.45
1531.5,0.45
1532.8,0.48
1534.2,0.45
1535.6,0.45
1537.0,0.45
1538.4,0.45
1539.8,0.45
1541.2,0.45
1542.7,0.42
1544.1,0.45
1545.5,0.45
1546.9,0.45
1548.3,0.45
1549.7,0.45
1551.1,0.45
1552.5,0.45
1553.9,0.45
1555.2,0.48
1556.6,0.45
1558.0,0.45
1559.3,0.48
1560.7,0.45
1562.1,0.45
1563.5,0.45
1564.8,0.48
1566.2,0.45
1567.6,0.45
1569.0,0.45
1570.4,0.45
1571.8,0.45
1573.1,0.48
1574.5,0.45
1575.9,0.45
1577.2,0.48
1578.6,0.45
1580.0,0.45
1581.3,0.48
1582.7,0.45
1584.1,0.45
1585.5,0.45
1586.8,0.48
1588.3,0.42
1589.7,0.45
1591.1,0.45
1592.5,0.45
1593.9,0.45
1595.3,0.45
1596.7,0.45
1598.1,0.45
1599.4,0.48
1600.8,0.45
1602.2,0.45
1603.6,0.45
1604.9,0.48
1606.3,0.45
1607.7,0.45
1609.1,0.45
1610.4,0.48
1611.8,0.45
1613.2,0.45
1614.5,0.48
1615.9,0.45
1617.3,0.45
1618.7,0.45
1620.1,0.45
1621.5,0.45
1622.8,0.48
1624.2,0.45
1625.6,0.45
1627.0,0.45
1628.3,0.48
1629.7,0.45
1631.1,0.45
1632.5,0.45
1633.9,0.45
1635.3,0.45
1636.7,0.45
1638.1,0.45
1639.5,0.45
1640.9,0.45
1642.3,0.45
1643.7,0.45
1645.2,0.42
1646.6,0.45
1648.0,0.45
1649.5,0.42
1650.9,0.45
1652.3,0.45
1653.8,0.42
1655.2,0.45
1656.7,0.42
1658.1,0.45
1659.5,0.45
1661.0,0.42
1662.4,0.45
1663.8,0.45
1665.3,0.42
1666.7,0.45
1668.1,0.45
1669.5,0.45
1670.9,0.45
1672.3,0.45
1673.7,0.45
1675.1,0.45
1676.5,0.45
1677.8,0.48
1679.2,0.45
1680.6,0.45
1682.0,0.45
1683.4,0.45
1684.8,0.45
1686.2,0.45
1687.6,0.45
1689.0,0.45
1690.4,0.45
1691.8,0.45
1693.2,0.45
1694.7,0.42
1696.1,0.45
1697.6,0.42
1699.0,0.45
1700.4,0.45
1701.8,0.45
1703.2,0.45
1704.7,0.42
1706.3,0.39
1707.8,0.42
1709.4,0.39
1711.0,0.39
1712.6,0.39
1714.2,0.39
1715.8,0.39
1717.4,0.39
1719.0,0.39
1720.5,0.42
1722.0,0.42
1723.5,0.42
1725.0,0.42
1726.5,0.42
1727.9,0.45
1729.4,0.42
1730.9,0.42
1732.4,0.42
1733.9,0.42
1735.4,0.42
1736.9,0.42
1738.4,0.42
1739.8,0.45
1741.3,0.42
1742.7,0.45
1744.1,0.45
1745.6,0.42
1747.0,0.45
1748.4,0.45
1749.9,0.42
1751.3,0.45
1752.8,0.42
1754.3,0.42
1755.7,0.45
1757.2,0.42
1758.6,0.45
1760.0,0.45
1761.5,0.42
1762.9,0.45
1764.4,0.42
1765.8,0.45
1767.2,0.45
1768.7,0.42
1770.2,0.42
1771.6,0.45
1773.0,0.45
1774.5,0.42
1775.9,0.45
1777.3,0.45
1778.7,0.45
1780.2,0.42
1781.6,0.45
1783.0,0.45
1784.4,0.45
1785.9,0.42
1787.3,0.45
1788.7,0.45
1790.2,0.42
1791.6,0.45
1793.0,0.45
1794.4,0.45
1795.9,0.42
1797.3,0.45
1798.7,0.45
1800.2,0.42
1801.6,0.45
1803.0,0.45
1804.4,0.45
1805.9,0.42
1807.3,0.45
1808.7,0.45
1810.2,0.42
1811.6,0.45
1813.0,0.45
1814.4,0.45
1815.8,0.45
1817.2,0.45
1818.7,0.42
1820.1,0.45
1821.5,0.45
1822.9,0.45
1824.3,0.45
1825.8,0.42
1827.2,0.45
1828.7,0.42
1830.1,0.45
1831.6,0.42
1833.0,0.45
1834.4,0.45
1835.8,0.45
1837.2,0.45
1838.6,0.45
1840.0,0.45
1841.5,0.42
1842.9,0.45
1844.4,0.42
1845.8,0.45
1847.3,0.42
1848.7,0.45
1850.2,0.42
1851.6,0.45
1853.0,0.45
1854.5,0.42
1855.9,0.45
1857.3,0.45
1858.7,0.45
1860.1,0.45
1861.5,0.45
1862.9,0.45
1864.3,0.45
1865.7,0.45
1867.1,0.45
1868.5,0.45
1869.9,0.45
1871.4,0.42
1872.8,0.45
1874.3,0.42
1875.8,0.42
1877.2,0.45
1878.7,0.42
1880.1,0.45
1881.6,0.42
1883.0,0.45
1884.5,0.42
1885.9,0.45
1887.3,0.45
1888.8,0.42
1890.2,0.45
1891.7,0.42
1893.1,0.45
1894.6,0.42
1896.0,0.45
1897.5,0.42
1898.9,0.45
1900.4,0.42
1901.8,0.45
1903.3,0.42
1904.8,0.42
1906.3,0.42
1907.8,0.42
1909.2,0.45
1910.7,0.42
1912.1,0.45
1913.6,0.42
1915.0,0.45
1916.4,0.45
1917.9,0.42
1919.3,0.45
1920.7,0.45
1922.2,0.42
1923.7,0.42
1925.1,0.45
1926.6,0.42
1928.0,0.45
1929.5,0.42
1931.0,0.42
1932.4,0.45
1933.9,0.42
1935.3,0.45
1936.7,0.45
1938.2,0.42
1939.7,0.42
1941.1,0.45
1942.6,0.42
1944.1,0.42
1945.5,0.45
1947.0,0.42
1948.4,0.45
1949.9,0.42
1951.3,0.45
1952.7,0.45
1954.2,0.42
1955.6,0.45
1957.1,0.42
1958.5,0.45
1959.9,0.45
1961.4,0.42
1962.9,0.42
1964.3,0.45
1965.8,0.42
1967.3,0.42
1968.8,0.42
1970.4,0.39
1972.0,0.39
1973.6,0.39
1975.2,0.39
1976.7,0.42
1978.2,0.42
1979.7,0.42
1981.1,0.45
1982.6,0.42
1984.0,0.45
1985.5,0.42
1986.9,0.45
1988.3,0.45
1989.8,0.42
1991.2,0.45
1992.6,0.45
1994.1,0.42
1995.6,0.42
1997.0,0.45
1998.5,0.42
2000.1,0.39
2001.6,0.42
2003.2,0.39
2004.8,0.39
2006.3,0.42
2007.8,0.42
2009.3,0.42
2010.8,0.42
2012.3,0.42
2013.8,0.42
2015.3,0.42
2016.8,0.42
2018.3,0.42
2019.8,0.42
2021.3,0.42
2022.8,0.42
2024.2,0.45
2025.7,0.42
2027.2,0.42
2028.6,0.45
2030.1,0.42
2031.5,0.45
2033.0,0.42
2034.4,0.45
2035.9,0.42
2037.3,0.45
2038.8,0.42
2040.3,0.42
2041.8,0.42
2043.3,0.42
2044.8,0.42
2046.3,0.42
2047.8,0.42
2049.2,0.45
2050.7,0.42
2052.2,0.42
2053.6,0.45
2055.1,0.42
2056.6,0.42
2058.0,0.45
2059.4,0.45
2060.9,0.42
2062.3,0.45
2063.7,0.45
2065.1,0.45
2066.6,0.42
2068.0,0.45
2069.5,0.42
2070.9,0.45
2072.4,0.42
2073.9,0.42
2075.4,0.42
2076.8,0.45
2078.3,0.42
2079.8,0.42
2081.2,0.45
2082.7,0.42
2084.1,0.45
2085.6,0.42
2087.0,0.45
2088.5,0.42
2089.9,0.45
2091.4,0.42
2092.8,0.45
2094.3,0.42
2095.8,0.42
2097.2,0.45
2098.7,0.42
2100.2,0.42
2101.6,0.45
2103.1,0.42
2104.6,0.42
2106.1,0.42
2107.6,0.42
2109.0,0.45
2110.5,0.42
2112.0,0.42
2113.5,0.42
2115.1,0.39
2116.6,0.42
2118.1,0.42
2119.6,0.42
2121.1,0.42
2122.6,0.42
2124.1,0.42
2125.6,0.42
2127.1,0.42
2128.6,0.42
2130.1,0.42
2131.6,0.42
2133.1,0.42
2134.6,0.42
2136.1,0.42
2137.6,0.42
2139.1,0.42
2140.6,0.42
2142.1,0.42
2143.6,0.42
2145.1,0.42
2146.7,0.39
2148.2,0.42
2149.7,0.42
2151.2,0.42
2152.7,0.42
2154.1,0.45
2155.6,0.42
2157.1,0.42
2158.5,0.45
2160.0,0.42
2161.5,0.42
2163.0,0.42
2164.5,0.42
2166.0,0.42
2167.4,0.45
2168.9,0.42
2170.4,0.42
2171.9,0.42
2173.4,0.42
2174.9,0.42
2176.4,0.42
2177.9,0.42
2179.4,0.42
2180.9,0.42
2182.4,0.42
2183.9,0.42
2185.3,0.45
2186.8,0.42
2188.3,0.42
2189.8,0.42
2191.3,0.42
2192.8,0.42
2194.3,0.42
2195.8,0.42
2197.4,0.39
2198.8,0.45
2200.3,0.42
2201.8,0.42
2203.3,0.42
2204.8,0.42
2206.4,0.39
2207.9,0.42
2209.4,0.42
2210.9,0.42
2212.4,0.42
2213.9,0.42
2215.4,0.42
2216.9,0.42
2218.4,0.42
2219.9,0.42
2221.4,0.42
2222.9,0.42
2224.4,0.42
2225.9,0.42
2227.4,0.42
2228.9,0.42
2230.4,0.42
2231.9,0.42
2233.3,0.45
2234.8,0.42
2236.2,0.45
2237.7,0.42
2239.1,0.45
2240.6,0.42
2242.1,0.42
2243.5,0.45
2245.0,0.42
2246.4,0.45
2247.9,0.42
2249.4,0.42
2250.9,0.42
2252.5,0.39
2254.0,0.42
2255.5,0.42
2257.1,0.39
2258.6,0.42
2260.1,0.42
2261.6,0.42
2263.0,0.45
2264.5,0.42
2266.0,0.42
2267.5,0.42
2269.0,0.42
2270.5,0.42
2271.9,0.45
2273.4,0.42
2274.9,0.42
2276.4,0.42
2277.9,0.42
2279.4,0.42
2281.0,0.39
2282.5,0.42
2284.0,0.42
2285.6,0.39
2287.1,0.42
2288.7,0.39
2290.2,0.42
2291.7,0.42
2293.2,0.42
2294.8,0.39
2296.3,0.42
2297.8,0.42
2299.4,0.39
2300.9,0.42
2302.4,0.42
2303.9,0.42
2305.4,0.42
2306.9,0.42
2308.3,0.45
2309.8,0.42
2311.3,0.42
2312.8,0.42
2314.2,0.45
2315.7,0.42
2317.1,0.45
2318.6,0.42
2320.1,0.42
2321.6,0.42
2323.2,0.39
2324.7,0.42
2326.2,0.42
2327.7,0.42
2329.2,0.42
2330.8,0.39
2332.3,0.42
2333.8,0.42
2335.3,0.42
2336.8,0.42
2338.3,0.42
2339.8,0.42
2341.3,0.42
2342.7,0.45
2344.2,0.42
2345.7,0.42
2347.2,0.42
2348.6,0.45
2350.1,0.42
2351.6,0.42
2353.1,0.42
2354.6,0.42
2356.1,0.42
2357.6,0.42
2359.1,0.42
2360.6,0.42
2362.1,0.42
2363.6,0.42
2365.1,0.42
2366.6,0.42
2368.2,0.39
2369.7,0.42
2371.3,0.39
2372.8,0.42
2374.3,0.42
2375.9,0.39
2377.4,0.42
2378.9,0.42
2380.4,0.42
2381.9,0.42
2383.4,0.42
2384.8,0.45
2386.3,0.42
2387.9,0.39
2389.4,0.42
2390.9,0.42
2392.4,0.42
2394.0,0.39
2395.5,0.42
2397.0,0.42
2398.6,0.39
2400.1,0.42
2401.7,0.39
2403.2,0.42
2404.8,0.39
2406.3,0.42
2407.8,0.42
2409.3,0.42
2410.8,0.42
2412.4,0.39
2413.9,0.42
2415.4,0.42
2417.0,0.39
2418.6,0.39
2420.1,0.42
2421.7,0.39
2423.2,0.42
2424.8,0.39
2426.4,0.39
2428.0,0.39
2429.5,0.42
2431.1,0.39
2432.6,0.42
2434.2,0.39
2435.7,0.42
2437.2,0.42
2438.8,0.39
2440.3,0.42
2441.9,0.39
2443.4,0.42
2444.9,0.42
2446.4,0.42
2448.0,0.39
2449.5,0.42
2451.0,0.42
2452.6,0.39
2454.1,0.42
2455.6,0.42
2457.2,0.39
2458.7,0.42
2460.3,0.39
2461.8,0.42
2463.3,0.42
2464.9,0.39
2466.4,0.42
2467.9,0.42
2469.4,0.42
2471.0,0.39
2472.5,0.42
2474.1,0.39
2475.6,0.42
2477.2,0.39
2478.7,0.42
2480.2,0.42
2481.8,0.39
2483.4,0.39
2485.0,0.39
2486.5,0.42
2488.1,0.39
2489.6,0.42
2491.2,0.39
2492.7,0.42
2494.3,0.39
2495.8,0.42
2497.4,0.39
2498.9,0.42
2500.4,0.42
2501.9,0.42
2503.4,0.42
2505.0,0.39
2506.5,0.42
2508.1,0.39
2509.7,0.39
2511.3,0.39
2512.9,0.39
2514.4,0.42
2516.0,0.39
2517.5,0.42
2519.1,0.39
2520.6,0.42
2522.2,0.39
2523.7,0.42
2525.3,0.39
2526.8,0.42
2528.4,0.39
2530.0,0.39
2531.6,0.39
2533.1,0.42
2534.7,0.39
2536.2,0.42
2537.7,0.42
2539.3,0.39
2540.8,0.42
2542.4,0.39
2544.0,0.39
2545.5,0.42
2547.1,0.39
2548.7,0.39
2550.2,0.42
2551.8,0.39
2553.4,0.39
2554.9,0.42
2556.5,0.39
2558.1,0.39
2559.7,0.39
2561.3,0.39
2562.8,0.42
2564.4,0.39
2566.0,0.39
2567.5,0.42
2569.1,0.39
2570.6,0.42
2572.1,0.42
2573.7,0.39
2575.2,0.42
2576.7,0.42
2578.3,0.39
2579.8,0.42
2581.4,0.39
2583.0,0.39
2584.5,0.42
2586.1,0.39
2587.7,0.39
2589.2,0.42
2590.8,0.39
2592.3,0.42
2593.9,0.39
2595.4,0.42
2597.0,0.39
2598.5,0.42
2600.1,0.39
2601.7,0.39
2603.2,0.42
2604.8,0.39
2606.3,0.42
2607.9,0.39
2609.5,0.39
2611.1,0.39
2612.6,0.42
2614.2,0.39
2615.8,0.39
2617.3,0.42
2618.8,0.42
2620.3,0.42
2621.8,0.42
2623.4,0.39
2625.1,0.37
2626.8,0.37
2628.4,0.39
2630.0,0.39
2631.5,0.42
2633.1,0.39
2634.6,0.42
2636.2,0.39
2637.8,0.39
2639.3,0.42
2640.8,0.42
2642.3,0.42
2643.9,0.39
2645.5,0.39
2647.2,0.37
2648.9,0.37
2650.6,0.37
2652.2,0.39
2653.8,0.39
2655.4,0.39
2656.9,0.42
2658.4,0.42
2660.0,0.39
2661.5,0.42
2663.0,0.42
2664.5,0.42
2666.0,0.42
2667.5,0.42
2669.0,0.42
2670.5,0.42
2672.0,0.42
2673.5,0.42
2675.0,0.42
2676.5,0.42
2678.1,0.39
2679.6,0.42
2681.2,0.39
2682.7,0.42
2684.3,0.39
2685.8,0.42
2687.4,0.39
2688.9,0.42
2690.4,0.42
2691.9,0.42
2693.4,0.42
2694.9,0.42
2696.4,0.42
2698.0,0.39
2699.5,0.42
2701.0,0.42
2702.6,0.39
2704.1,0.42
2705.7,0.39
2707.2,0.42
2708.7,0.42
2710.2,0.42
2711.7,0.42
2713.2,0.42
2714.6,0.45
2716.1,0.42
2717.6,0.42
2719.1,0.42
2720.5,0.45
2722.0,0.42
2723.5,0.42
2725.1,0.39
2726.6,0.42
2728.1,0.42
2729.6,0.42
2731.1,0.42
2732.6,0.42
2734.1,0.42
2735.6,0.42
2737.1,0.42
2738.6,0.42
2740.1,0.42
2741.6,0.42
2743.1,0.42
2744.7,0.39
2746.2,0.42
2747.8,0.39
2749.3,0.42
2750.9,0.39
2752.5,0.39
2754.0,0.42
2755.6,0.39
2757.2,0.39
2758.7,0.42
2760.2,0.42
2761.7,0.42
2763.2,0.42
2764.8,0.39
2766.3,0.42
2767.9,0.39
2769.4,0.42
2771.0,0.39
2772.5,0.42
2774.0,0.42
2775.6,0.39
2777.1,0.42
2778.6,0.42
2780.2,0.39
2781.7,0.42
2783.2,0.42
2784.8,0.39
2786.4,0.39
2787.9,0.42
2789.5,0.39
2791.0,0.42
2792.6,0.39
2794.1,0.42
2795.7,0.39
2797.3,0.39
2798.9,0.39
2800.4,0.42
2802.0,0.39
2803.6,0.39
2805.1,0.42
2806.7,0.39
2808.3,0.39
2809.8,0.42
2811.3,0.42
2812.8,0.42
2814.3,0.42
2815.8,0.42
2817.3,0.42
2818.8,0.42
2820.3,0.42
2821.8,0.42
2823.3,0.42
2824.8,0.42
2826.4,0.39
2827.9,0.42
2829.4,0.42
2831.0,0.39
2832.6,0.39
2834.2,0.39
2835.8,0.39
2837.3,0.42
2838.9,0.39
2840.5,0.39
2842.0,0.42
2843.6,0.39
2845.2,0.39
2846.8,0.39
2848.4,0.39
2850.0,0.39
2851.6,0.39
2853.2,0.39
2854.7,0.42
2856.3,0.39
2857.9,0.39
2859.5,0.39
2861.1,0.39
2862.7,0.39
2864.3,0.39
2865.9,0.39
2867.5,0.39
2869.1,0.39
2870.7,0.39
2872.3,0.39
2873.9,0.39
2875.5,0.39
2877.1,0.39
2878.7,0.39
2880.2,0.42
2881.8,0.39
2883.4,0.39
2885.0,0.39
2886.7,0.37
2888.3,0.39
2889.9,0.39
2891.5,0.39
2893.2,0.37
2894.8,0.39
2896.4,0.39
2898.0,0.39
2899.7,0.37
2901.3,0.39
2902.9,0.39
2904.5,0.39
2906.1,0.39
2907.7,0.39
2909.3,0.39
2910.8,0.42
2912.4,0.39
2914.0,0.39
2915.6,0.39
2917.2,0.39
2918.8,0.39
2920.4,0.39
2921.9,0.42
2923.5,0.39
2925.0,0.42
2926.6,0.39
2928.2,0.39
2929.7,0.42
2931.2,0.42
2932.8,0.39
2934.3,0.42
2935.9,0.39
2937.5,0.39
2939.1,0.39
2940.7,0.39
2942.2,0.42
2943.8,0.39
2945.4,0.39
2947.0,0.39
2948.6,0.39
2950.2,0.39
2951.8,0.39
2953.4,0.39
2955.0,0.39
2956.6,0.39
2958.1,0.42
2959.7,0.39
2961.3,0.39
2962.9,0.39
2964.5,0.39
2966.1,0.39
2967.7,0.39
2969.3,0.39
2970.9,0.39
2972.5,0.39
2974.1,0.39
2975.6,0.42
2977.2,0.39
2978.8,0.39
2980.4,0.39
2982.0,0.39
2983.6,0.39
2985.2,0.39
2986.8,0.39
2988.4,0.39
2990.0,0.39
2991.6,0.39
2993.1,0.42
2994.6,0.42
2996.1,0.42
2997.6,0.42
2999.1,0.42
3000.6,0.42
3002.2,0.39
3003.8,0.39
3005.3,0.42
3006.9,0.39
3008.5,0.39
3010.1,0.39
3011.7,0.39
3013.2,0.42
3014.8,0.39
3016.4,0.39
3018.1,0.37
3019.7,0.39
3021.3,0.39
3023.0,0.37
3024.6,0.39
3026.2,0.39
3027.8,0.39
3029.4,0.39
3031.0,0.39
3032.6,0.39
3034.2,0.39
3035.8,0.39
3037.4,0.39
3039.0,0.39
3040.6,0.39
3042.2,0.39
3043.8,0.39
3045.4,0.39
3047.0,0.39
3048.7,0.37
3050.3,0.39
3051.9,0.39
3053.4,0.42
3055.0,0.39
3056.6,0.39
3058.2,0.39
3059.8,0.39
3061.4,0.39
3063.0,0.39
3064.6,0.39
3066.2,0.39
3067.8,0.39
3069.3,0.42
3070.9,0.39
3072.6,0.37
3074.2,0.39
3075.8,0.39
3077.4,0.39
3079.0,0.39
3080.6,0.39
3082.2,0.39
3083.8,0.39
3085.4,0.39
3087.0,0.39
3088.7,0.37
3090.3,0.39
3091.9,0.39
3093.5,0.39
3095.1,0.39
3096.7,0.39
3098.3,0.39
3099.9,0.39
3101.5,0.39
3103.1,0.39
3104.7,0.39
3106.3,0.39
3107.9,0.39
3109.5,0.39
3111.1,0.39
3112.7,0.39
3114.3,0.39
3116.0,0.37
3117.6,0.39
3119.2,0.39
3120.9,0.37
3122.5,0.39
3124.1,0.39
3125.8,0.37
3127.4,0.39
3129.1,0.37
3130.7,0.39
3132.3,0.39
3134.0,0.37
3135.6,0.39
3137.3,0.37
3138.9,0.39
3140.6,0.37
3142.3,0.37
3144.0,0.37
3145.6,0.39
3147.3,0.37
3149.0,0.37
3150.7,0.37
3152.3,0.39
3154.0,0.37
3155.6,0.39
3157.2,0.39
3158.8,0.39
3160.4,0.39
3162.0,0.39
3163.6,0.39
3165.2,0.39
3166.9,0.37
3168.5,0.39
3170.2,0.37
3171.8,0.39
3173.5,0.37
3175.1,0.39
3176.8,0.37
3178.4,0.39
3180.1,0.37
3181.8,0.37
3183.5,0.37
3185.2,0.37
3186.9,0.37
3188.6,0.37
3190.3,0.37
3192.1,0.35
3193.8,0.37
3195.6,0.35
3197.4,0.35
3199.3,0.33
3201.1,0.35
3203.0,0.33
3204.8,0.35
3206.7,0.33
3208.6,0.33
3210.4,0.35
3212.2,0.35
3213.9,0.37
3215.7,0.35
3217.5,0.35
3219.3,0.35
3221.1,0.35
3222.8,0.37
3224.6,0.35
3226.3,0.37
3228.0,0.37
3229.7,0.37
3231.5,0.35
3233.3,0.35
3235.0,0.37
3236.8,0.35
3238.5,0.37
3240.2,0.37
3241.9,0.37
3243.7,0.35
3245.4,0.37
3247.2,0.35
3249.0,0.35
3250.8,0.35
3252.6,0.35
3254.4,0.35
3256.2,0.35
3258.0,0.35
3259.8,0.35
3261.7,0.33
3263.5,0.35
3265.3,0.35
3267.2,0.33
3269.0,0.35
3270.8,0.35
3272.6,0.35
3274.4,0.35
3276.2,0.35
3277.9,0.37
3279.7,0.35
3281.4,0.37
3283.2,0.35
3285.1,0.33
3286.9,0.35
3288.9,0.31
3290.9,0.31
3292.8,0.33
3294.5,0.37
3296.2,0.37
3297.8,0.39
3299.3,0.42
3300.9,0.39
3302.4,0.42
3303.9,0.42
3305.5,0.39
3307.0,0.42
3308.6,0.39
3310.2,0.39
3311.8,0.39
3313.4,0.39
3315.0,0.39
3316.6,0.39
3318.2,0.39
3319.8,0.39
3321.4,0.39
3323.0,0.39
3324.6,0.39
3326.1,0.42
3327.6,0.42
3329.2,0.39
3330.7,0.42
3332.2,0.42
3333.7,0.42
3335.2,0.42
3336.7,0.42
3338.2,0.42
3339.8,0.39
3341.3,0.42
3342.8,0.42
3344.3,0.42
3345.9,0.39
3347.4,0.42
3348.9,0.42
3350.5,0.39
3352.0,0.42
3353.6,0.39
3355.1,0.42
3356.7,0.39
3358.2,0.42
3359.8,0.39
3361.3,0.42
3362.8,0.42
3364.4,0.39
3365.9,0.42
3367.5,0.39
3369.0,0.42
3370.6,0.39
3372.2,0.39
3373.8,0.39
3375.4,0.39
3377.0,0.39
3378.6,0.39
3380.2,0.39
3381.8,0.39
3383.3,0.42
3384.9,0.39
3386.5,0.39
3388.1,0.39
3389.6,0.42
3391.2,0.39
3392.8,0.39
3394.4,0.39
3395.9,0.42
3397.5,0.39
3399.0,0.42
3400.6,0.39
3402.1,0.42
3403.7,0.39
3405.3,0.39
3406.8,0.42
3408.4,0.39
3409.9,0.42
3411.5,0.39
3413.1,0.39
3414.6,0.42
3416.1,0.42
3417.7,0.39
3419.2,0.42
3420.7,0.42
3422.3,0.39
3423.8,0.42
3425.4,0.39
3427.0,0.39
3428.6,0.39
3430.2,0.39
3431.7,0.42
3433.2,0.42
3434.8,0.39
3436.3,0.42
3437.9,0.39
3439.5,0.39
3441.1,0.39
3442.6,0.42
3444.2,0.39
3445.8,0.39
3447.4,0.39
3449.0,0.39
3450.6,0.39
3452.1,0.42
3453.6,0.42
3455.2,0.39
3456.7,0.42
3458.2,0.42
3459.8,0.39
3461.4,0.39
3463.0,0.39
3464.6,0.39
3466.1,0.42
3467.7,0.39
3469.2,0.42
3470.8,0.39
3472.3,0.42
3473.8,0.42
3475.4,0.39
3477.0,0.39
3478.6,0.39
3480.1,0.42
3481.7,0.39
3483.2,0.42
3484.8,0.39
3486.3,0.42
3487.8,0.42
3489.4,0.39
3491.0,0.39
3492.6,0.39
3494.2,0.39
3495.8,0.39
3497.4,0.39
3499.0,0.39
3500.6,0.39
3502.2,0.39
3503.8,0.39
3505.3,0.42
3506.9,0.39
3508.5,0.39
3510.1,0.39
3511.7,0.39
3513.2,0.42
3514.8,0.39
3516.3,0.42
3517.9,0.39
3519.4,0.42
3521.0,0.39
3522.6,0.39
3524.2,0.39
3525.7,0.42
3527.3,0.39
3528.9,0.39
3530.4,0.42
3532.1,0.37
3533.7,0.39
3535.3,0.39
3536.9,0.39
3538.6,0.37
3540.2,0.39
3541.8,0.39
3543.4,0.39
3545.1,0.37
3546.7,0.39
3548.4,0.37
3550.0,0.39
3551.6,0.39
3553.2,0.39
3554.8,0.39
3556.4,0.39
3558.0,0.39
3559.6,0.39
3561.2,0.39
3562.8,0.39
3564.4,0.39
3566.0,0.39
3567.7,0.37
3569.3,0.39
3571.0,0.37
3572.6,0.39
3574.2,0.39
3575.9,0.37
3577.6,0.37
3579.3,0.37
3580.9,0.39
3582.6,0.37
3584.2,0.39
3585.8,0.39
3587.4,0.39
3589.0,0.39
3590.6,0.39
3592.3,0.37
3593.9,0.39
3595.6,0.37
3597.2,0.39
3598.9,0.37
3600.5,0.39
3602.2,0.37
3603.9,0.37
3605.6,0.37
3607.2,0.39
3608.9,0.37
3610.6,0.37
3612.3,0.37
3613.9,0.39
3615.6,0.37
3617.3,0.37
3619.0,0.37
3620.7,0.37
3622.4,0.37
3624.1,0.37
3625.8,0.37
3627.5,0.37
3629.2,0.37
3630.9,0.37
3632.6,0.37
3634.2,0.39
3635.8,0.39
3637.4,0.39
3639.0,0.39
3640.6,0.39
3642.2,0.39
3643.8,0.39
3645.4,0.39
3647.0,0.39
3648.6,0.39
3650.1,0.42
3651.8,0.37
3653.4,0.39
3655.0,0.39
3656.6,0.39
3658.2,0.39
3659.8,0.39
3661.4,0.39
3663.0,0.39
3664.6,0.39
3666.2,0.39
3667.8,0.39
3669.4,0.39
3671.0,0.39
3672.6,0.39
3674.2,0.39
3675.8,0.39
3677.4,0.39
3679.0,0.39
3680.6,0.39
3682.2,0.39
3683.9,0.37
3685.6,0.37
3687.3,0.37
3689.0,0.37
3690.7,0.37
3692.4,0.37
3694.1,0.37
3695.7,0.39
3697.4,0.37
3699.1,0.37
3700.8,0.37
3702.4,0.39
3704.0,0.39
3705.6,0.39
3707.3,0.37
3708.9,0.39
3710.6,0.37
3712.3,0.37
3714.0,0.37
3715.6,0.39
3717.3,0.37
3719.0,0.37
3720.8,0.35
3722.5,0.37
3724.2,0.37
3726.0,0.35
3727.7,0.37
3729.4,0.37
3731.1,0.37
3732.8,0.37
3734.4,0.39
3736.1,0.37
3737.7,0.39
3739.4,0.37
3741.0,0.39
3742.7,0.37
3744.3,0.39
3746.0,0.37
3747.7,0.37
3749.3,0.39
3751.1,0.35
3752.8,0.37
3754.6,0.35
3756.4,0.35
3758.1,0.37
3759.8,0.37
3761.5,0.37
3763.2,0.37
3764.9,0.37
3766.5,0.39
3768.2,0.37
3769.8,0.39
3771.4,0.39
3773.0,0.39
3774.6,0.39
3776.3,0.37
3778.1,0.35
3779.9,0.35
3781.7,0.35
3783.6,0.33
3785.3,0.37
3787.2,0.33
3789.0,0.35
3790.8,0.35
3792.6,0.35
3794.4,0.35
3796.2,0.35
3797.9,0.37
3799.7,0.35
3801.4,0.37
3803.1,0.37
3804.8,0.37
3806.5,0.37
3808.2,0.37
3809.9,0.37
3811.6,0.37
3813.3,0.37
3815.0,0.37
3816.7,0.37
3818.5,0.35
3820.2,0.37
3822.0,0.35
3823.8,0.35
3825.6,0.35
3827.5,0.33
3829.4,0.33
3831.2,0.35
3833.1,0.33
3834.9,0.35
3836.8,0.33
3838.7,0.33
3840.6,0.33
3842.4,0.35
3844.3,0.33
3846.2,0.33
3848.1,0.33
3850.0,0.33
3852.0,0.31
3853.9,0.33
3855.8,0.33
3857.8,0.31
3859.7,0.33
3861.5,0.35
3863.4,0.33
3865.2,0.35
3867.1,0.33
3868.9,0.35
3870.7,0.35
3872.6,0.33
3874.4,0.35
3876.2,0.35
3878.0,0.35
3879.8,0.35
3881.6,0.35
3883.3,0.37
3885.2,0.33
3887.0,0.35
3888.8,0.35
3890.7,0.33
3892.5,0.35
3894.4,0.33
3896.3,0.33
3898.1,0.35
3899.8,0.37
3901.5,0.37
3903.1,0.39
3904.8,0.37
3906.4,0.39
3907.9,0.42
3909.5,0.39
3911.1,0.39
3912.7,0.39
3914.2,0.42
3915.8,0.39
3917.3,0.42
3918.8,0.42
3920.3,0.42
3921.9,0.39
3923.4,0.42
3924.9,0.42
3926.4,0.42
3927.9,0.42
3929.4,0.42
3930.9,0.42
3932.4,0.42
3933.8,0.45
3935.3,0.42
3936.8,0.42
3938.2,0.45
3939.7,0.42
3941.1,0.45
3942.6,0.42
3944.0,0.45
3945.4,0.45
3946.8,0.45
3948.3,0.42
3949.7,0.45
3951.1,0.45
3952.5,0.45
3953.9,0.45
3955.3,0.45
3956.8,0.42
3958.2,0.45
3959.6,0.45
3961.1,0.42
3962.5,0.45
3963.9,0.45
3965.4,0.42
3966.8,0.45
3968.2,0.45
3969.7,0.42
3971.2,0.42
3972.6,0.45
3974.1,0.42
3975.6,0.42
3977.1,0.42
3978.6,0.42
3980.1,0.42
3981.7,0.39
3983.2,0.42
3984.7,0.42
3986.2,0.42
3987.8,0.39
3989.3,0.42
3990.8,0.42
3992.3,0.42
3993.8,0.42
3995.3,0.42
3996.8,0.42
3998.3,0.42
3999.8,0.42
4001.3,0.42
4002.8,0.42
4004.2,0.45
4005.7,0.42
4007.2,0.42
4008.7,0.42
4010.2,0.42
4011.8,0.39
4013.2,0.45
4014.7,0.42
4016.2,0.42
4017.7,0.42
4019.2,0.42
4020.7,0.42
4022.2,0.42
4023.7,0.42
4025.2,0.42
4026.7,0.42
4028.3,0.39
4029.8,0.42
4031.4,0.39
4032.9,0.42
4034.5,0.39
4036.1,0.39
4037.7,0.39
4039.3,0.39
4040.9,0.39
4042.5,0.39
4044.1,0.39
4045.7,0.39
4047.2,0.42
4048.8,0.39
4050.3,0.42
4051.8,0.42
4053.3,0.42
4054.8,0.42
4056.2,0.45
4057.7,0.42
4059.2,0.42
4060.7,0.42
4062.2,0.42
4063.8,0.39
4065.3,0.42
4066.8,0.42
4068.3,0.42
4069.8,0.42
4071.3,0.42
4072.8,0.42
4074.3,0.42
4075.8,0.42
4077.3,0.42
4078.9,0.39
4080.4,0.42
4081.9,0.42
4083.5,0.39
4085.0,0.42
4086.6,0.39
4088.1,0.42
4089.6,0.42
4091.1,0.42
4092.6,0.42
4094.1,0.42
4095.7,0.39
4097.2,0.42
4098.7,0.42
4100.3,0.39
4101.9,0.39
4103.4,0.42
4105.0,0.39
4106.5,0.42
4108.1,0.39
4109.7,0.39
4111.2,0.42
4112.8,0.39
4114.3,0.42
4115.8,0.42
4117.3,0.42
4118.9,0.39
4120.4,0.42
4121.9,0.42
4123.4,0.42
4124.9,0.42
4126.4,0.42
4127.9,0.42
4129.4,0.42
4130.9,0.42
4132.4,0.42
4133.9,0.42
4135.4,0.42
4137.0,0.39
4138.5,0.42
4140.0,0.42
4141.6,0.39
4143.1,0.42
4144.6,0.42
4146.1,0.42
4147.6,0.42
4149.1,0.42
4150.6,0.42
4152.1,0.42
4153.6,0.42
4155.1,0.42
4156.6,0.42
4158.2,0.39
4159.7,0.42
4161.3,0.39
4162.8,0.42
4164.4,0.39
4166.0,0.39
4167.5,0.42
4169.1,0.39
4170.7,0.39
4172.3,0.39
4173.9,0.39
4175.5,0.39
4177.1,0.39
4178.7,0.39
4180.3,0.39
4181.9,0.39
4183.4,0.42
4184.9,0.42
4186.4,0.42
4188.0,0.39
4189.5,0.42
4191.0,0.42
4192.6,0.39
4194.1,0.42
4195.7,0.39
4197.2,0.42
4198.8,0.39
4200.3,0.42
4201.8,0.42
4203.2,0.45
4204.7,0.42
4206.2,0.42
4207.7,0.42
4209.1,0.45
4210.6,0.42
4212.1,0.42
4213.6,0.42
4215.1,0.42
4216.5,0.45
4218.0,0.42
4219.5,0.42
4221.0,0.42
4222.5,0.42
4224.0,0.42
4225.5,0.42
4226.9,0.45
4228.4,0.42
4229.9,0.42
4231.5,0.39
4233.0,0.42
4234.6,0.39
4236.1,0.42
4237.7,0.39
4239.4,0.37
4241.0,0.39
4242.6,0.39
4244.2,0.39
4245.9,0.37
4247.6,0.37
4249.3,0.37
4251.0,0.37
4252.7,0.37
4254.4,0.37
4256.1,0.37
4257.8,0.37
4259.5,0.37
4261.2,0.37
4262.8,0.39
4264.5,0.37
4266.2,0.37
4267.9,0.37
4269.6,0.37
4271.3,0.37
4273.0,0.37
4274.6,0.39
4276.3,0.37
4278.0,0.37
4279.7,0.37
4281.4,0.37
4283.1,0.37
4284.8,0.37
4286.5,0.37
4288.1,0.39
4289.8,0.37
4291.5,0.37
4293.1,0.39
4294.9,0.35
4296.6,0.37
4298.2,0.39
4299.9,0.37
4301.6,0.37
4303.3,0.37
4305.0,0.37
4306.7,0.37
4308.4,0.37
4310.0,0.39
4311.7,0.37
4313.3,0.39
4314.9,0.39
4316.6,0.37
4318.2,0.39
4319.9,0.37
4321.5,0.39
4323.2,0.37
4324.9,0.37
4326.5,0.39
4328.2,0.37
4329.9,0.37
4331.6,0.37
4333.3,0.37
4335.0,0.37
4336.7,0.37
4338.4,0.37
4340.2,0.35
4341.9,0.37
4343.7,0.35
4345.4,0.37
4347.1,0.37
4348.9,0.35
4350.6,0.37
4352.3,0.37
4354.0,0.37
4355.8,0.35
4357.5,0.37
4359.2,0.37
4360.9,0.37
4362.7,0.35
4364.4,0.37
4366.2,0.35
4367.9,0.37
4369.7,0.35
4371.4,0.37
4373.1,0.37
4374.9,0.35
4376.6,0.37
4378.4,0.35
4380.1,0.37
4381.9,0.35
4383.7,0.35
4385.6,0.33
4387.4,0.35
4389.2,0.35
4391.0,0.35
4392.7,0.37
4394.5,0.35
4396.3,0.35
4398.2,0.33
4400.0,0.35
4401.7,0.37
4403.5,0.35
4405.3,0.35
4407.1,0.35
4408.9,0.35
4410.6,0.37
4412.4,0.35
4414.2,0.35
4415.9,0.37
4417.7,0.35
4419.5,0.35
4421.2,0.37
4423.0,0.35
4424.8,0.35
4426.6,0.35
4428.4,0.35
4430.1,0.37
4431.9,0.35
4433.6,0.37
4435.3,0.37
4437.1,0.35
4438.8,0.37
4440.5,0.37
4442.2,0.37
4444.0,0.35
4445.7,0.37
4447.5,0.35
4449.2,0.37
4451.0,0.35
4452.7,0.37
4454.5,0.35
4456.2,0.37
4457.9,0.37
4459.6,0.37
4461.3,0.37
4463.0,0.37
4464.7,0.37
4466.5,0.35
4468.2,0.37
4470.0,0.35
4471.7,0.37
4473.4,0.37
4475.1,0.37
4476.9,0.35
4478.6,0.37
4480.4,0.35
4482.2,0.35
4483.9,0.37
4485.7,0.35
4487.4,0.37
4489.1,0.37
4490.8,0.37
4492.6,0.35
4494.3,0.37
4496.0,0.37
4497.8,0.35
4499.5,0.37
4501.2,0.37
4503.0,0.35
4504.7,0.37
4506.5,0.35
4508.3,0.35
4510.1,0.35
4512.0,0.33
4513.8,0.35
4515.6,0.35
4517.3,0.37
4519.0,0.37
4520.7,0.37
4522.5,0.35
4524.2,0.37
4525.9,0.37
4527.6,0.37
4529.3,0.37
4531.1,0.35
4532.8,0.37
4534.5,0.37
4536.2,0.37
4537.9,0.37
4539.6,0.37
4541.4,0.35
4543.1,0.37
4544.9,0.35
4546.6,0.37
4548.4,0.35
4550.1,0.37
4551.9,0.35
4553.7,0.35
4555.6,0.33
4557.5,0.33
4559.2,0.37
4560.8,0.39
4562.3,0.42
4563.8,0.42
4565.3,0.42
4566.8,0.42
4568.3,0.42
4569.8,0.42
4571.3,0.42
4572.9,0.39
4574.4,0.42
4575.9,0.42
4577.3,0.45
4578.8,0.42
4580.3,0.42
4581.8,0.42
4583.3,0.42
4584.8,0.42
4586.4,0.39
4588.1,0.37
4589.7,0.39
4591.3,0.39
4592.9,0.39
4594.4,0.42
4596.0,0.39
4597.6,0.39
4599.1,0.42
4600.7,0.39
4602.2,0.42
4603.8,0.39
4605.4,0.39
4607.1,0.37
4608.7,0.39
4610.3,0.39
4611.9,0.39
4613.6,0.37
4615.2,0.39
4616.8,0.39
4618.4,0.39
4620.0,0.39
4621.7,0.37
4623.3,0.39
4624.9,0.39
4626.6,0.37
4628.2,0.39
4629.8,0.39
4631.5,0.37
4633.1,0.39
4634.8,0.37
4636.4,0.39
4637.9,0.42
4639.5,0.39
4641.1,0.39
4642.6,0.42
4644.1,0.42
4645.6,0.42
4647.1,0.42
4648.5,0.45
4650.0,0.42
4651.4,0.45
4652.9,0.42
4654.4,0.42
4655.8,0.45
4657.3,0.42
4658.7,0.45
4660.2,0.42
4661.7,0.42
4663.2,0.42
4664.8,0.39
4666.3,0.42
4667.8,0.42
4669.3,0.42
4670.9,0.39
4672.4,0.42
4674.0,0.39
4675.5,0.42
4677.0,0.42
4678.6,0.39
4680.1,0.42
4681.7,0.39
4683.3,0.39
4684.8,0.42
4686.4,0.39
4687.9,0.42
4689.5,0.39
4691.1,0.39
4692.7,0.39
4694.4,0.37
4696.0,0.39
4697.6,0.39
4699.1,0.42
4700.7,0.39
4702.3,0.39
4703.9,0.39
4705.5,0.39
4707.0,0.42
4708.6,0.39
4710.1,0.42
4711.6,0.42
4713.2,0.39
4714.8,0.39
4716.3,0.42
4718.0,0.37
4719.7,0.37
4721.5,0.35
4723.1,0.39
4724.8,0.37
4726.4,0.39
4728.0,0.39
4729.6,0.39
4731.1,0.42
4732.7,0.39
4734.2,0.42
4735.7,0.42
4737.2,0.42
4738.8,0.39
4740.3,0.42
4741.9,0.39
4743.4,0.42
4744.9,0.42
4746.5,0.39
4748.1,0.39
4749.7,0.39
4751.3,0.39
4752.9,0.39
4754.5,0.39
4756.1,0.39
4757.8,0.37
4759.4,0.39
4761.0,0.39
4762.6,0.39
4764.2,0.39
4765.9,0.37
4767.5,0.39
4769.1,0.39
4770.7,0.39
4772.3,0.39
4773.9,0.39
4775.4,0.42
4777.1,0.37
4778.7,0.39
4780.4,0.37
4782.1,0.37
4783.7,0.39
4785.3,0.39
4787.0,0.37
4788.6,0.39
4790.3,0.37
4791.9,0.39
4793.5,0.39
4795.1,0.39
4796.7,0.39
4798.2,0.42
4799.7,0.42
4801.2,0.42
4802.8,0.39
4804.3,0.42
4805.8,0.42
4807.4,0.39
4808.9,0.42
4810.5,0.39
4812.0,0.42
4813.6,0.39
4815.2,0.39
4816.8,0.39
4818.4,0.39
4820.0,0.39
4821.6,0.39
4823.1,0.42
4824.6,0.42
4826.2,0.39
4827.9,0.37
4829.5,0.39
4831.1,0.39
4832.7,0.39
4834.3,0.39
4836.0,0.37
4837.6,0.39
4839.2,0.39
4840.9,0.37
4842.5,0.39
4844.1,0.39
4845.7,0.39
4847.3,0.39
4848.9,0.39
4850.4,0.42
4852.0,0.39
4853.6,0.39
4855.2,0.39
4856.8,0.39
4858.4,0.39
4860.1,0.37
4861.7,0.39
4863.3,0.39
4864.9,0.39
4866.5,0.39
4868.2,0.37
4869.8,0.39
4871.4,0.39
4873.0,0.39
4874.6,0.39
4876.2,0.39
4877.9,0.37
4879.5,0.39
4881.2,0.37
4882.8,0.39
4884.5,0.37
4886.1,0.39
4887.8,0.37
4889.4,0.39
4891.0,0.39
4892.6,0.39
4894.2,0.39
4895.8,0.39
4897.4,0.39
4898.9,0.42
4900.5,0.39
4902.1,0.39
4903.7,0.39
4905.3,0.39
4906.8,0.42
4908.4,0.39
4910.0,0.39
4911.6,0.39
4913.1,0.42
4914.7,0.39
4916.3,0.39
4917.9,0.39
4919.6,0.37
4921.2,0.39
4922.8,0.39
4924.3,0.42
4925.9,0.39
4927.5,0.39
4929.0,0.42
4930.6,0.39
4932.2,0.39
4933.8,0.39
4935.4,0.39
4937.1,0.37
4938.6,0.42
4940.2,0.39
4941.9,0.37
4943.4,0.42
4945.0,0.39
4946.6,0.39
4948.2,0.39
4949.8,0.39
4951.4,0.39
4953.1,0.37
4954.7,0.39
4956.3,0.39
4957.9,0.39
4959.5,0.39
4961.1,0.39
4962.7,0.39
4964.3,0.39
4965.9,0.39
4967.6,0.37
4969.2,0.39
4970.8,0.39
4972.5,0.37
4974.1,0.39
4975.7,0.39
4977.4,0.37
4979.0,0.39
4980.7,0.37
4982.3,0.39
4983.9,0.39
4985.5,0.39
4987.1,0.39
4988.8,0.37
4990.4,0.39
4992.1,0.37
4993.7,0.39
4995.4,0.37
4997.0,0.39
4998.6,0.39
5000.3,0.37
5001.9,0.39
5003.6,0.37
5005.2,0.39
5006.9,0.37
5008.5,0.39
5010.2,0.37
5011.9,0.37
5013.7,0.35
5015.4,0.37
5017.2,0.35
5018.8,0.39
5020.5,0.37
5022.1,0.39
5023.7,0.39
5025.3,0.39
5026.9,0.39
5028.6,0.37
5030.2,0.39
5031.9,0.37
5033.6,0.37
5035.3,0.37
5036.9,0.39
5038.6,0.37
5040.2,0.39
5041.9,0.37
5043.5,0.39
5045.1,0.39
5046.8,0.37
5048.4,0.39
5050.0,0.39
5051.6,0.39
5053.3,0.37
5055.0,0.37
5056.6,0.39
5058.3,0.37
5059.9,0.39
5061.6,0.37
5063.3,0.37
5064.9,0.39
5066.6,0.37
5068.2,0.39
5069.8,0.39
5071.4,0.39
5073.1,0.37
5074.7,0.39
5076.4,0.37
5078.1,0.37
5079.7,0.39
5081.4,0.37
5083.1,0.37
5084.8,0.37
5086.4,0.39
5088.1,0.37
5089.7,0.39
5091.4,0.37
5093.0,0.39
5094.6,0.39
5096.3,0.37
5098.0,0.37
5099.7,0.37
5101.3,0.39
5103.0,0.37
5104.6,0.39
5106.3,0.37
5107.9,0.39
5109.5,0.39
5111.1,0.39
5112.7,0.39
5114.4,0.37
5116.1,0.37
5117.7,0.39
5119.3,0.39
5120.9,0.39
5122.4,0.42
5124.1,0.37
5125.7,0.39
5127.3,0.39
5129.0,0.37
5130.7,0.37
5132.3,0.39
5134.0,0.37
5135.6,0.39
5137.3,0.37
5138.9,0.39
5140.6,0.37
5142.2,0.39
5143.9,0.37
5145.6,0.37
5147.3,0.37
5148.9,0.39
5150.6,0.37
5152.4,0.35
5154.1,0.37
5155.9,0.35
5157.6,0.37
5159.3,0.37
5161.0,0.37
5162.7,0.37
5164.5,0.35
5166.2,0.37
5168.0,0.35
5169.8,0.35
5171.5,0.37
5173.3,0.35
5175.0,0.37
5176.7,0.37
5178.4,0.37
5180.0,0.39
5181.7,0.37
5183.4,0.37
5185.1,0.37
5186.8,0.37
5188.5,0.37
5190.2,0.37
5191.9,0.37
5193.6,0.37
5195.2,0.39
5196.9,0.37
5198.6,0.37
5200.2,0.39
5201.9,0.37
5203.7,0.35
5205.4,0.37
5207.1,0.37
5208.8,0.37
5210.4,0.39
5212.0,0.39
5213.7,0.37
5215.3,0.39
5216.9,0.39
5218.5,0.39
5220.1,0.39
5221.7,0.39
5223.3,0.39
5224.8,0.42
5226.4,0.39
5227.9,0.42
5229.4,0.42
5230.9,0.42
5232.4,0.42
5233.8,0.45
5235.3,0.42
5236.8,0.42
5238.4,0.39
5239.9,0.42
5241.4,0.42
5242.8,0.45
5244.3,0.42
5245.8,0.42
5247.2,0.45
5248.7,0.42
5250.2,0.42
5251.8,0.39
5253.3,0.42
5254.8,0.42
5256.4,0.39
5258.0,0.39
5259.6,0.39
5261.3,0.37
5262.9,0.39
5264.6,0.37
5266.2,0.39
5267.8,0.39
5269.3,0.42
5270.8,0.42
5272.2,0.45
5273.7,0.42
5275.1,0.45
5276.6,0.42
5278.1,0.42
5279.6,0.42
5281.1,0.42
5282.7,0.39
5284.2,0.42
5285.8,0.39
5287.3,0.42
5288.9,0.39
5290.4,0.42
5291.9,0.42
5293.4,0.42
5294.9,0.42
5296.4,0.42
5298.0,0.39
5299.5,0.42
5301.0,0.42
5302.6,0.39
5304.3,0.37
5305.9,0.39
5307.6,0.37
5309.3,0.37
5311.0,0.37
5312.6,0.39
5314.3,0.37
5315.9,0.39
5317.6,0.37
5319.2,0.39
5320.7,0.42
5322.3,0.39
5323.9,0.39
5325.5,0.39
5327.0,0.42
5328.6,0.39
5330.1,0.42
5331.7,0.39
5333.2,0.42
5334.8,0.39
5336.3,0.42
5337.8,0.42
5339.4,0.39
5341.0,0.39
5342.6,0.39
5344.2,0.39
5345.8,0.39
5347.4,0.39
5349.0,0.39
5350.5,0.42
5352.1,0.39
5353.6,0.42
5355.2,0.39
5356.7,0.42
5358.3,0.39
5359.9,0.39
5361.4,0.42
5363.0,0.39
5364.6,0.39
5366.2,0.39
5367.9,0.37
5369.5,0.39
5371.2,0.37
5373.0,0.35
5374.7,0.37
5376.5,0.35
5378.3,0.35
5380.0,0.37
5381.8,0.35
5383.6,0.35
5385.4,0.35
5387.2,0.35
5389.0,0.35
5390.7,0.37
5392.4,0.37
5394.1,0.37
5395.8,0.37
5397.4,0.39
0.0,0.00
