4845.1,0.24
4846.7,0.39
4849.0,0.27
4853.3,0.15
4859.0,0.11
4860.4,0.45
4861.4,0.00
4879.7,0.00
4880.7,0.22
4883.4,0.23
4886.1,0.23
4889.0,0.22
4892.1,0.20
4895.2,0.20
4898.3,0.20
4901.1,0.22
4904.0,0.22
4906.9,0.22
4909.9,0.21
4912.9,0.21
4915.8,0.22
4918.8,0.21
4921.9,0.20
4925.2,0.19
4928.6,0.18
4932.1,0.18
4935.6,0.18
4938.5,0.22
4941.5,0.21
4944.6,0.20
4947.9,0.19
4952.6,0.13
4953.6,0.00
4976.6,0.00
4977.6,0.22
4981.3,0.17
4987.3,0.10
4992.1,0.13
4996.1,0.16
5000.5,0.14
5019.0,0.17
5022.4,0.18
5025.7,0.19
5028.7,0.21
5031.6,0.22
5034.4,0.22
5037.0,0.24
5039.6,0.24
5042.2,0.24
5044.9,0.23
5047.5,0.24
5050.3,0.22
5053.2,0.22
5056.2,0.21
5059.2,0.21
5062.0,0.22
5064.7,0.23
5067.3,0.24
5069.9,0.24
5072.6,0.23
5075.2,0.24
5078.0,0.22
5080.9,0.22
5083.7,0.22
5086.3,0.24
5089.0,0.23
5091.6,0.24
5094.2,0.24
5096.7,0.25
5099.1,0.26
5101.6,0.25
5104.2,0.24
5106.9,0.23
5109.6,0.23
5112.4,0.22
5115.4,0.21
5118.4,0.21
5121.3,0.22
5124.3,0.21
5127.1,0.22
5129.8,0.23
5132.5,0.23
5135.2,0.23
5137.8,0.24
5140.4,0.24
5143.0,0.24
5145.5,0.25
5148.0,0.25
5150.5,0.25
5153.1,0.24
5155.5,0.26
5158.1,0.24
5160.7,0.24
5163.3,0.24
5166.1,0.22
5168.7,0.24
5171.3,0.24
5173.9,0.24
5176.4,0.25
5178.9,0.25
5181.4,0.25
5183.9,0.25
5186.5,0.24
5189.1,0.24
5191.9,0.22
5194.7,0.22
5197.6,0.22
5200.3,0.23
5203.1,0.22
5205.8,0.23
5208.6,0.22
5211.3,0.23
5214.0,0.23
5216.8,0.22
5219.4,0.24
5222.0,0.24
5224.6,0.24
5227.3,0.23
5230.0,0.23
5232.8,0.22
5235.5,0.23
5238.2,0.23
5240.8,0.24
5243.5,0.23
5246.2,0.23
5248.9,0.23
5251.6,0.23
5254.2,0.24
5256.8,0.24
5259.4,0.24
5262.1,0.23
5264.7,0.24
5267.4,0.23
5270.1,0.23
5272.8,0.23
5275.4,0.24
5278.1,0.23
5280.7,0.24
5283.4,0.23
5286.2,0.22
5289.1,0.22
5291.9,0.22
5294.9,0.21
5297.8,0.22
5300.7,0.22
5303.4,0.23
5306.2,0.22
5308.9,0.23
5311.6,0.23
5314.3,0.23
5317.0,0.23
5319.6,0.24
5322.3,0.23
5325.0,0.23
5327.8,0.22
5330.6,0.22
5333.6,0.21
5336.5,0.22
5339.6,0.20
5342.7,0.20
5345.9,0.20
5349.1,0.20
5352.2,0.20
5355.1,0.22
5357.9,0.22
5360.6,0.23
5363.4,0.22
5366.2,0.22
5368.9,0.23
5371.6,0.23
5374.4,0.22
5377.2,0.22
5380.0,0.22
5382.9,0.22
5385.8,0.22
5388.6,0.22
5391.4,0.22
5394.2,0.22
5396.9,0.23
5399.8,0.22
5402.6,0.22
5405.4,0.22
5408.2,0.22
5411.0,0.22
5413.9,0.22
5416.9,0.21
5420.0,0.20
5423.0,0.21
5426.2,0.20
5429.2,0.21
5432.1,0.22
5435.0,0.22
5437.8,0.22
5440.7,0.22
5443.5,0.22
5446.3,0.22
5449.1,0.22
5452.1,0.21
5455.1,0.21
5458.3,0.20
5461.4,0.20
5464.5,0.20
5467.6,0.20
5470.8,0.20
5473.9,0.20
5477.1,0.20
5480.3,0.20
5483.4,0.20
5486.4,0.21
5489.4,0.21
5492.5,0.20
5495.6,0.20
5498.7,0.20
5501.9,0.20
5505.0,0.20
5507.9,0.22
5510.9,0.21
5513.9,0.21
5516.8,0.22
5519.6,0.22
5522.5,0.22
5525.4,0.22
5528.4,0.21
5531.4,0.21
5534.5,0.20
5537.5,0.21
5540.4,0.22
5543.5,0.20
5546.5,0.21
5549.5,0.21
5552.4,0.22
5555.2,0.22
5558.1,0.22
5561.0,0.22
5563.8,0.22
5566.6,0.22
5569.4,0.22
5572.1,0.23
5574.9,0.22
5577.6,0.23
5580.3,0.23
5583.0,0.23
5585.6,0.24
5588.3,0.23
5591.1,0.22
5593.9,0.22
5596.8,0.22
5599.7,0.22
5602.9,0.20
5606.2,0.19
5609.6,0.18
5613.1,0.18
5616.7,0.17
5620.4,0.17
5624.1,0.17
5627.9,0.17
5631.5,0.17
5635.0,0.18
5638.6,0.17
5642.2,0.17
5645.9,0.17
5649.4,0.18
5652.6,0.20
5655.6,0.21
5658.9,0.19
5662.2,0.19
5665.4,0.20
5668.5,0.20
5671.8,0.19
5675.2,0.18
5678.6,0.18
5682.1,0.18
5685.5,0.18
5688.7,0.20
5691.9,0.20
5695.1,0.20
5698.3,0.20
5701.3,0.21
5704.4,0.20
5707.8,0.18
5711.1,0.19
5714.2,0.20
5717.2,0.21
5720.1,0.22
5723.1,0.21
5726.0,0.22
5728.9,0.22
5731.9,0.21
5734.9,0.21
5737.9,0.21
5741.1,0.20
5744.3,0.20
5747.6,0.19
5750.9,0.19
5754.0,0.20
5757.1,0.20
5760.1,0.21
5763.3,0.20
5766.4,0.20
5769.6,0.20
5772.8,0.20
5776.1,0.19
5779.3,0.20
5782.4,0.20
5785.4,0.21
5788.3,0.22
5791.3,0.21
5794.2,0.22
5797.2,0.21
5800.2,0.21
5803.3,0.20
5806.3,0.21
5809.3,0.21
5812.4,0.20
5815.5,0.20
5818.5,0.21
5821.5,0.21
5824.5,0.21
5827.6,0.20
5830.6,0.21
5833.7,0.20
5836.7,0.21
5839.7,0.21
5842.6,0.22
5845.4,0.22
5848.4,0.21
5851.4,0.21
5854.4,0.21
5857.4,0.21
5860.4,0.21
5863.4,0.21
5866.5,0.20
5869.7,0.20
5872.9,0.20
5876.1,0.20
5879.3,0.20
5882.4,0.20
5885.6,0.20
5888.8,0.20
5892.0,0.20
5895.2,0.20
5898.2,0.21
5901.3,0.20
5904.3,0.21
5907.3,0.21
5910.4,0.20
5913.5,0.20
5916.6,0.20
5919.6,0.21
5922.5,0.22
5925.5,0.21
5928.7,0.20
5932.1,0.18
5935.6,0.18
5939.1,0.18
5942.5,0.18
5946.0,0.18
5949.5,0.18
5952.9,0.18
5956.3,0.18
5959.6,0.19
5962.9,0.19
5966.1,0.20
5969.4,0.19
5972.6,0.20
5975.8,0.20
5979.0,0.20
5982.2,0.20
5985.4,0.20
5988.6,0.20
5992.0,0.18
5995.3,0.19
5998.8,0.18
6002.1,0.19
6005.6,0.18
6009.2,0.17
6012.7,0.18
6015.9,0.20
6019.2,0.19
6022.4,0.20
6025.6,0.20
6028.9,0.19
6032.1,0.20
6035.4,0.19
6038.7,0.19
6042.0,0.19
6045.3,0.19
6048.4,0.20
6051.4,0.21
6054.5,0.20
6057.5,0.21
6060.6,0.20
6063.8,0.20
6067.0,0.20
6070.3,0.19
6073.4,0.20
6076.5,0.20
6079.7,0.20
6083.1,0.18
6086.7,0.17
6089.9,0.20
6093.1,0.20
6096.3,0.20
6099.5,0.20
6102.5,0.21
6105.6,0.20
6108.9,0.19
6112.1,0.20
6115.4,0.19
6118.6,0.20
6121.7,0.20
6124.8,0.20
6127.9,0.20
6131.2,0.19
6134.7,0.18
6138.3,0.17
6141.8,0.18
6145.0,0.20
6148.2,0.20
6151.4,0.20
6154.5,0.20
6157.7,0.20
6160.8,0.20
6163.9,0.20
6167.1,0.20
6170.2,0.20
6173.5,0.19
6176.8,0.19
6180.2,0.18
6183.6,0.18
6186.9,0.19
6190.1,0.20
6193.2,0.20
6196.4,0.20
6199.5,0.20
6202.7,0.20
6205.9,0.20
6209.0,0.20
6212.1,0.20
6215.4,0.19
6218.8,0.18
6222.2,0.18
6225.5,0.19
6228.9,0.18
6232.3,0.18
6235.7,0.18
6239.1,0.18
6242.5,0.18
6245.8,0.19
6249.2,0.18
6252.6,0.18
6256.2,0.17
6259.8,0.17
6263.4,0.17
6267.1,0.17
6270.7,0.17
6274.1,0.18
6277.3,0.20
6280.5,0.20
6283.6,0.20
6286.7,0.20
6289.8,0.20
6292.9,0.20
6296.0,0.20
6299.1,0.20
6302.3,0.20
6305.6,0.19
6308.7,0.20
6311.9,0.20
6315.2,0.19
6318.5,0.19
6321.9,0.18
6325.1,0.20
6328.9,0.17
6333.1,0.15
6337.4,0.15
6341.9,0.14
6346.1,0.15
6350.2,0.15
6354.1,0.16
6358.2,0.15
6362.3,0.15
6366.6,0.15
6370.9,0.15
6374.9,0.16
6378.7,0.17
6382.8,0.15
6387.1,0.15
6391.1,0.16
6395.2,0.15
6399.4,0.15
6403.8,0.14
6408.5,0.13
6413.0,0.14
6417.5,0.14
6421.9,0.14
6426.4,0.14
6430.9,0.14
6435.6,0.13
6440.2,0.14
6444.5,0.15
6448.4,0.16
6452.1,0.17
6455.8,0.17
6459.5,0.17
6463.3,0.17
6467.0,0.17
6470.8,0.17
6474.6,0.17
6478.6,0.16
6482.8,0.15
6486.6,0.17
6490.4,0.17
6494.3,0.16
6498.1,0.17
6501.9,0.17
6505.7,0.17
6509.5,0.17
6513.2,0.17
6517.1,0.16
6521.0,0.16
6525.3,0.15
6529.4,0.15
6533.6,0.15
6537.8,0.15
6542.0,0.15
6546.1,0.15
6550.3,0.15
6554.6,0.15
6558.7,0.15
6562.8,0.15
6566.9,0.15
6571.3,0.14
6576.0,0.13
6580.8,0.13
6585.2,0.14
6589.4,0.15
6593.5,0.15
6597.6,0.15
6601.7,0.15
6605.8,0.15
6609.8,0.16
6613.8,0.16
6617.8,0.16
6621.6,0.17
6625.6,0.16
6629.7,0.15
6633.7,0.16
6637.6,0.16
6641.4,0.17
6645.6,0.15
6649.9,0.15
6654.1,0.15
6658.4,0.15
6662.6,0.15
6667.0,0.14
6671.2,0.15
6675.4,0.15
6679.5,0.15
6683.6,0.15
6687.6,0.16
6692.1,0.14
6696.9,0.13
6701.4,0.14
6705.7,0.15
6710.1,0.14
6714.3,0.15
6718.4,0.15
6722.7,0.15
6727.0,0.15
6731.3,0.15
6735.4,0.15
6739.5,0.15
6743.5,0.16
6747.6,0.15
6751.4,0.17
6755.2,0.17
6759.2,0.16
6763.2,0.16
6767.3,0.15
6771.4,0.15
6775.6,0.15
6779.8,0.15
6783.9,0.15
6787.9,0.16
6791.9,0.16
6796.4,0.14
6801.3,0.13
6807.0,0.11
6812.6,0.11
6818.0,0.12
6823.0,0.13
6828.0,0.13
6833.4,0.12
6839.2,0.11
6844.2,0.13
6849.1,0.13
6854.2,0.12
6859.5,0.12
6865.3,0.11
6882.5,0.12
6887.5,0.13
6893.1,0.11
6899.0,0.11
6904.9,0.11
6911.0,0.10
6912.0,0.00
7130.6,0.00
7131.6,0.11
7137.4,0.11
7142.8,0.12
7148.0,0.12
7153.4,0.12
7158.6,0.12
7163.6,0.13
7168.3,0.13
7172.7,0.14
7177.3,0.14
7182.3,0.13
7186.9,0.14
7191.5,0.14
7196.3,0.13
7200.8,0.14
7206.2,0.12
7212.0,0.11
7217.5,0.11
7222.9,0.12
7228.1,0.12
7232.7,0.14
7237.2,0.14
7241.7,0.14
7246.4,0.13
7251.2,0.13
7256.3,0.12
7260.8,0.14
7264.9,0.15
7268.9,0.16
7273.0,0.15
7277.4,0.14
7281.5,0.15
7285.9,0.14
7290.5,0.14
7295.3,0.13
7299.7,0.14
7304.1,0.14
7308.7,0.14
7313.7,0.13
7318.5,0.13
7323.1,0.14
7327.6,0.14
7332.1,0.14
7336.6,0.14
7341.2,0.14
7345.4,0.15
7349.6,0.15
7353.7,0.15
7357.8,0.15
7362.1,0.15
7366.6,0.14
7371.1,0.14
7375.3,0.15
7379.5,0.15
7383.7,0.15
7387.9,0.15
7392.3,0.14
7396.5,0.15
7400.7,0.15
7405.0,0.15
7409.3,0.15
7414.1,0.13
7419.1,0.13
7424.0,0.13
7428.5,0.14
7432.8,0.15
7437.0,0.15
7441.3,0.15
7445.8,0.14
7450.4,0.14
7455.5,0.12
7460.3,0.13
7464.7,0.14
7468.9,0.15
7473.0,0.15
7477.2,0.15
7481.5,0.15
7485.5,0.16
7489.4,0.16
7493.6,0.15
7498.1,0.14
7502.4,0.15
7506.3,0.16
7510.3,0.16
7514.2,0.16
7518.0,0.17
7522.0,0.16
7526.2,0.15
7530.3,0.15
7534.4,0.15
7538.6,0.15
7542.9,0.15
7547.2,0.15
7551.2,0.16
7555.0,0.17
7558.9,0.16
7562.7,0.17
7566.6,0.16
7571.2,0.14
7575.9,0.13
7580.3,0.14
7584.3,0.16
7588.3,0.16
7592.5,0.15
7597.0,0.14
7601.4,0.14
7605.5,0.15
7609.5,0.16
7613.7,0.15
7618.1,0.14
7622.6,0.14
7627.2,0.14
7631.7,0.14
7636.1,0.14
7640.5,0.14
7644.6,0.15
7648.7,0.15
7652.9,0.15
7657.6,0.13
7662.2,0.14
7666.5,0.15
7670.8,0.15
7675.3,0.14
7679.9,0.14
7684.5,0.14
7688.8,0.15
7693.4,0.14
7697.9,0.14
7702.3,0.14
7706.6,0.15
7710.7,0.15
7714.8,0.15
7719.0,0.15
7723.4,0.14
7727.9,0.14
7732.8,0.13
7737.6,0.13
7742.1,0.14
7746.6,0.14
7751.2,0.14
7755.7,0.14
7759.8,0.15
7763.9,0.15
7767.9,0.16
7772.1,0.15
7776.1,0.16
7780.1,0.16
7784.1,0.16
7788.4,0.15
7792.8,0.14
7797.4,0.14
7802.5,0.12
7807.4,0.13
7811.8,0.14
7816.1,0.15
7820.4,0.15
7825.1,0.13
7830.9,0.11
7837.1,0.10
7843.0,0.11
7844.0,0.00
7866.3,0.00
7867.3,0.11
7873.3,0.10
7879.2,0.11
7885.2,0.10
7886.2,0.00
7922.1,0.00
7923.1,0.11
7929.1,0.10
7930.1,0.00
7967.4,0.00
7968.4,0.12
7972.8,0.14
7977.0,0.15
7981.3,0.15
7985.4,0.15
7989.7,0.15
7994.1,0.14
7998.3,0.15
8002.4,0.15
8006.3,0.16
8010.1,0.17
8014.2,0.15
8018.7,0.14
8023.6,0.13
8028.5,0.13
8033.3,0.13
8037.9,0.14
8042.4,0.14
8046.9,0.14
8051.6,0.13
8057.1,0.11
8062.3,0.12
8067.2,0.13
8071.9,0.13
8076.5,0.14
8081.5,0.13
8086.9,0.12
8092.8,0.11
8098.5,0.11
8104.2,0.11
8109.6,0.12
8114.4,0.13
8119.2,0.13
8123.9,0.13
8128.9,0.13
8133.9,0.13
8138.8,0.13
8143.4,0.14
8148.2,0.13
8153.6,0.12
8159.2,0.11
8164.5,0.12
8169.8,0.12
8174.9,0.12
8180.4,0.11
8185.8,0.12
8190.9,0.12
8196.1,0.12
8201.0,0.13
8205.7,0.13
8210.2,0.14
8214.8,0.14
8219.8,0.13
8224.9,0.12
8229.9,0.13
8235.3,0.12
8240.9,0.11
8246.0,0.12
8251.6,0.11
8257.4,0.11
8263.1,0.11
8268.6,0.11
8273.8,0.12
8278.7,0.13
8283.5,0.13
8288.1,0.14
8292.4,0.15
8296.7,0.15
8301.0,0.15
8305.3,0.15
8309.8,0.14
8314.3,0.14
8318.8,0.14
8323.5,0.13
8328.2,0.13
8332.6,0.14
8336.9,0.15
8341.5,0.14
8346.3,0.13
8351.2,0.13
8356.0,0.13
8360.7,0.13
8365.7,0.13
8370.9,0.12
8376.6,0.11
8382.1,0.11
8387.1,0.13
8392.0,0.13
8396.9,0.13
8401.9,0.13
8406.9,0.13
8411.9,0.13
8417.0,0.12
8422.6,0.11
8428.7,0.10
8434.1,0.12
8439.3,0.12
8444.2,0.13
8449.1,0.13
8454.2,0.12
8459.2,0.13
8464.1,0.13
8468.8,0.13
8473.4,0.14
8478.3,0.13
8483.4,0.12
8488.2,0.13
8493.0,0.13
8497.7,0.13
8502.5,0.13
8507.2,0.13
8511.9,0.13
8516.5,0.14
8521.0,0.14
8526.0,0.13
8531.4,0.12
8536.7,0.12
8541.6,0.13
8546.2,0.14
8547.2,0.00
8602.5,0.00
8603.5,0.11
8609.1,0.11
8614.4,0.12
8619.4,0.13
8624.4,0.13
8628.8,0.14
8633.0,0.15
8637.0,0.16
8640.9,0.16
8644.9,0.16
8649.1,0.15
8653.3,0.15
8657.8,0.14
8662.2,0.14
8666.5,0.15
8670.6,0.15
8675.0,0.14
8679.4,0.14
8683.4,0.16
8687.4,0.16
8691.2,0.17
8694.9,0.17
8698.8,0.16
8703.0,0.15
8707.4,0.14
8711.9,0.14
8716.7,0.13
8721.5,0.13
8726.3,0.13
8731.4,0.12
8736.7,0.12
8741.8,0.12
8746.8,0.13
8751.7,0.13
8756.4,0.13
8761.4,0.13
8766.4,0.13
8771.5,0.12
8776.8,0.12
8781.8,0.13
8786.7,0.13
8791.5,0.13
8796.6,0.12
8801.8,0.12
8806.8,0.13
8811.7,0.13
8816.5,0.13
8821.4,0.13
8826.6,0.12
8831.5,0.13
8836.6,0.12
8841.8,0.12
8846.9,0.12
8852.2,0.12
8857.5,0.12
8862.8,0.12
8868.1,0.12
8873.7,0.11
8879.2,0.11
8884.8,0.11
8890.1,0.12
8895.1,0.13
8899.9,0.13
8905.1,0.12
8910.4,0.12
8915.3,0.13
8920.3,0.13
8925.4,0.12
8930.8,0.12
8936.4,0.11
8942.6,0.10
8948.6,0.10
8954.1,0.11
8959.6,0.11
8976.4,0.12
8981.3,0.13
8986.0,0.13
8990.5,0.14
8994.9,0.14
8999.2,0.15
9003.9,0.13
9009.0,0.12
9014.4,0.12
9019.5,0.12
9024.2,0.13
9029.0,0.13
9033.6,0.14
9038.1,0.14
9042.8,0.13
9047.3,0.14
9051.6,0.15
9056.3,0.13
9061.0,0.13
9065.7,0.13
9070.2,0.14
9074.8,0.14
9079.4,0.14
9083.7,0.15
9088.2,0.14
9093.0,0.13
9098.1,0.12
9103.5,0.12
9108.4,0.13
9113.4,0.13
9118.6,0.12
9123.7,0.12
9128.2,0.14
9132.8,0.14
9137.4,0.14
9141.9,0.14
9146.3,0.14
9150.4,0.15
9154.5,0.15
9158.7,0.15
9163.0,0.15
9167.4,0.14
9172.0,0.14
9176.8,0.13
9181.7,0.13
9186.9,0.12
9192.0,0.12
9197.5,0.11
9202.9,0.12
9208.0,0.12
9213.0,0.13
9218.0,0.13
9223.0,0.13
9227.8,0.13
9232.2,0.14
9236.8,0.14
9241.6,0.13
9246.3,0.13
9251.1,0.13
9256.7,0.11
9262.2,0.11
9267.8,0.11
9273.2,0.12
9278.3,0.12
9283.4,0.12
9288.8,0.12
9294.3,0.11
9299.5,0.12
9305.0,0.11
9310.4,0.12
9315.3,0.13
9320.0,0.13
9325.0,0.13
9329.9,0.13
9335.1,0.12
9340.0,0.13
9344.6,0.14
9349.4,0.13
9354.3,0.13
9359.2,0.13
9363.8,0.14
9368.3,0.14
9372.5,0.15
9377.1,0.14
9382.5,0.12
9388.2,0.11
9393.8,0.11
9399.0,0.12
9404.1,0.12
9409.0,0.13
9413.8,0.13
9418.8,0.13
9424.2,0.12
9429.9,0.11
9435.1,0.12
9440.1,0.13
9445.4,0.12
9450.6,0.12
9455.6,0.13
9460.3,0.13
9464.9,0.14
9469.6,0.13
9474.6,0.13
9479.7,0.12
9484.7,0.13
9489.9,0.12
9495.2,0.12
9501.0,0.11
9507.2,0.10
9513.0,0.11
9518.4,0.12
9524.2,0.11
9529.5,0.12
9534.3,0.13
9539.0,0.13
9543.8,0.13
9548.9,0.12
9554.0,0.12
9559.5,0.11
9564.7,0.12
9569.6,0.13
9574.9,0.12
9579.9,0.13
9584.6,0.13
9589.1,0.14
9593.8,0.13
9598.3,0.14
9603.1,0.13
9608.2,0.12
9613.2,0.13
9618.0,0.13
9622.9,0.13
9627.8,0.13
9632.6,0.13
9637.6,0.13
9642.8,0.12
9648.0,0.12
9653.0,0.13
9658.0,0.13
9663.0,0.13
9667.9,0.13
9672.8,0.13
9677.8,0.13
9683.1,0.12
9688.4,0.12
9693.7,0.12
9698.8,0.12
9704.6,0.11
9710.2,0.11
9715.6,0.12
9720.9,0.12
9726.0,0.12
9731.2,0.12
9737.0,0.11
9743.0,0.10
9748.8,0.11
9766.2,0.13
9770.8,0.14
9775.1,0.15
9779.5,0.14
9784.0,0.14
9788.6,0.14
9793.3,0.13
9797.6,0.15
9801.8,0.15
9805.8,0.16
9809.9,0.15
9814.0,0.15
9818.1,0.15
9822.4,0.15
9826.8,0.14
9831.2,0.14
9835.7,0.14
9840.2,0.14
9844.6,0.14
9848.9,0.15
9853.3,0.14
9857.8,0.14
9862.2,0.14
9866.6,0.14
9870.9,0.15
9875.2,0.15
9879.4,0.15
9883.5,0.15
9887.7,0.15
9892.5,0.13
9897.4,0.13
9902.3,0.13
9907.2,0.13
9912.1,0.13
9916.8,0.13
9921.3,0.14
9925.7,0.14
9930.4,0.13
9935.1,0.13
9940.2,0.12
9945.2,0.13
9950.0,0.13
9954.7,0.13
9959.5,0.13
9964.0,0.14
9968.4,0.14
9973.0,0.14
9977.5,0.14
9981.7,0.15
9986.3,0.14
9991.4,0.12
9996.6,0.12
10001.6,0.13
10006.3,0.13
10011.0,0.13
10015.9,0.13
10020.7,0.13
10025.6,0.13
10030.5,0.13
10035.6,0.12
10040.2,0.14
10044.6,0.14
10049.2,0.14
10053.9,0.13
10058.6,0.13
10063.4,0.13
10068.0,0.14
10072.9,0.13
10078.0,0.12
10083.5,0.11
10088.9,0.12
10093.8,0.13
10098.7,0.13
10103.6,0.13
10108.6,0.13
10114.0,0.12
10119.2,0.12
10124.5,0.12
10130.0,0.11
10135.8,0.11
10141.1,0.12
10146.5,0.12
10151.8,0.12
10157.3,0.11
10162.1,0.13
10166.8,0.13
10171.4,0.14
10175.9,0.14
10180.9,0.13
10185.6,0.13
10190.2,0.14
10194.9,0.13
10199.9,0.13
10204.8,0.13
10209.7,0.13
10214.1,0.14
10218.5,0.14
10222.9,0.14
10227.9,0.13
10232.8,0.13
10238.0,0.12
10243.5,0.11
10248.6,0.12
10253.9,0.12
10259.4,0.11
10265.4,0.10
10270.6,0.12
10275.5,0.13
10280.3,0.13
10285.4,0.12
10290.7,0.12
10296.3,0.11
10301.8,0.11
10307.0,0.12
10311.8,0.13
10316.5,0.13
10321.2,0.13
10325.7,0.14
10330.2,0.14
10334.8,0.14
10339.4,0.14
10344.3,0.13
10349.3,0.13
10354.1,0.13
10359.2,0.12
10364.6,0.12
10370.1,0.11
10375.5,0.12
10380.6,0.12
10385.9,0.12
10391.5,0.11
10396.8,0.12
10401.9,0.12
10406.9,0.13
10412.5,0.11
10418.3,0.11
10424.4,0.10
10430.6,0.10
10436.1,0.11
10441.4,0.12
10446.4,0.13
10451.5,0.12
10456.6,0.12
10461.5,0.13
10466.4,0.13
10471.7,0.12
10476.9,0.12
10481.9,0.13
10486.7,0.13
10491.4,0.13
10496.1,0.13
10501.0,0.13
10506.1,0.12
10511.1,0.13
10516.0,0.13
10520.4,0.14
10524.9,0.14
10529.5,0.14
10534.2,0.13
10539.0,0.13
10543.9,0.13
10548.8,0.13
10553.8,0.13
10558.4,0.14
10563.1,0.13
10567.5,0.14
10571.8,0.15
10576.0,0.15
10580.7,0.13
10585.8,0.12
10590.6,0.13
10595.1,0.14
10599.7,0.14
10604.2,0.14
10609.0,0.13
10613.9,0.13
10618.8,0.13
10623.7,0.13
10628.9,0.12
10634.0,0.12
10638.9,0.13
10643.8,0.13
10649.0,0.12
10654.3,0.12
10659.6,0.12
10664.9,0.12
10669.9,0.13
10675.2,0.12
10680.5,0.12
10685.7,0.12
10690.7,0.13
10695.4,0.13
10700.1,0.13
10704.9,0.13
10709.8,0.13
10714.5,0.13
10719.4,0.13
10724.5,0.12
10729.4,0.13
10734.7,0.12
10739.8,0.12
10744.6,0.13
10749.4,0.13
10754.3,0.13
10759.1,0.13
10763.8,0.13
10768.3,0.14
10773.0,0.13
10777.8,0.13
10782.8,0.13
10787.6,0.13
10792.5,0.13
10797.3,0.13
10802.1,0.13
10807.0,0.13
10811.5,0.14
10816.0,0.14
10820.6,0.14
10825.0,0.14
10829.3,0.15
10833.5,0.15
10837.7,0.15
10842.0,0.15
10846.8,0.13
10851.7,0.13
10857.0,0.12
10862.0,0.13
10867.0,0.13
10872.1,0.12
10877.3,0.12
10882.8,0.11
10888.1,0.12
10893.4,0.12
10898.5,0.12
10903.3,0.13
10907.8,0.14
10912.3,0.14
10916.9,0.14
10921.4,0.14
10925.9,0.14
10930.7,0.13
10935.6,0.13
10940.7,0.12
10945.6,0.13
10950.9,0.12
10956.1,0.12
10960.9,0.13
10965.5,0.14
10969.8,0.15
10974.1,0.15
10978.5,0.14
10982.8,0.15
10987.1,0.15
10991.4,0.15
10995.6,0.15
11000.1,0.14
11005.1,0.13
11010.2,0.12
11015.5,0.12
11020.9,0.12
11026.5,0.11
11031.8,0.12
11037.3,0.11
11042.6,0.12
11047.7,0.12
11053.1,0.12
11058.0,0.13
11062.8,0.13
11068.0,0.12
11072.9,0.13
11077.6,0.13
11082.4,0.13
11087.4,0.13
11092.6,0.12
11097.8,0.12
11102.8,0.13
11108.3,0.11
11114.1,0.11
11120.1,0.10
11125.8,0.11
11130.9,0.12
11135.8,0.13
11140.8,0.13
11145.7,0.13
11150.5,0.13
11155.0,0.14
11159.4,0.14
11163.4,0.16
11167.6,0.15
11172.0,0.14
11176.7,0.13
11181.4,0.13
11186.0,0.14
11190.6,0.14
11195.1,0.14
11199.8,0.13
11204.8,0.13
11209.6,0.13
11214.6,0.13
11219.3,0.13
11224.1,0.13
11229.0,0.13
11233.6,0.14
11238.3,0.13
11243.1,0.13
11248.2,0.12
11253.2,0.13
11258.0,0.13
11262.9,0.13
11267.8,0.13
11272.5,0.13
11277.1,0.14
11281.4,0.15
11285.5,0.15
11289.6,0.15
11293.7,0.15
11297.7,0.16
11302.0,0.15
11306.5,0.14
11311.1,0.14
11315.8,0.13
11320.3,0.14
11324.4,0.15
11328.4,0.16
11332.8,0.14
11337.1,0.15
11341.5,0.14
11346.0,0.14
11350.6,0.14
11355.2,0.14
11360.0,0.13
11364.6,0.14
11368.9,0.15
11372.9,0.16
11377.1,0.15
11381.6,0.14
11385.9,0.15
11390.1,0.15
11394.5,0.14
11399.0,0.14
11403.4,0.14
11407.8,0.14
11412.5,0.13
11417.5,0.13
11422.3,0.13
11426.8,0.14
11431.4,0.14
11435.5,0.15
11439.7,0.15
11444.1,0.14
11448.8,0.13
11453.5,0.13
11458.4,0.13
11463.0,0.14
11467.5,0.14
11471.8,0.15
11476.3,0.14
11481.0,0.13
11485.6,0.14
11490.3,0.13
11494.8,0.14
11499.3,0.14
11503.9,0.14
11508.9,0.13
11514.0,0.12
11519.0,0.13
11523.8,0.13
11529.2,0.12
11534.2,0.13
11538.8,0.14
11543.6,0.13
11548.4,0.13
11553.1,0.13
11558.4,0.12
11564.0,0.11
11569.6,0.11
11575.1,0.11
11580.2,0.12
11584.9,0.13
11589.5,0.14
11594.4,0.13
11599.4,0.13
11604.1,0.13
11609.0,0.13
11613.8,0.13
11618.9,0.12
11623.7,0.13
11628.7,0.13
11633.5,0.13
11638.0,0.14
11642.4,0.14
11647.1,0.13
11651.5,0.14
11656.0,0.14
11660.6,0.14
11665.2,0.14
11669.4,0.15
11673.6,0.15
11677.8,0.15
11682.0,0.15
11686.7,0.13
11691.3,0.14
11695.9,0.14
11700.3,0.14
11704.6,0.15
11708.6,0.16
11712.7,0.15
11716.7,0.16
11720.8,0.15
11725.1,0.15
11729.2,0.15
11733.3,0.15
11737.6,0.15
11742.1,0.14
11746.7,0.14
11751.2,0.14
11755.8,0.14
11760.4,0.14
11764.9,0.14
11769.6,0.13
11774.3,0.13
11779.1,0.13
11783.8,0.13
11788.8,0.13
11793.8,0.13
11798.3,0.14
11802.6,0.15
11806.8,0.15
11810.9,0.15
11815.0,0.15
11819.2,0.15
11823.6,0.14
11828.0,0.14
11832.9,0.13
11837.7,0.13
11842.9,0.12
11847.5,0.14
11851.9,0.14
11856.5,0.14
11861.5,0.13
11866.3,0.13
11871.2,0.13
11876.0,0.13
11880.5,0.14
11884.7,0.15
11888.7,0.16
11892.7,0.16
11896.8,0.15
11900.9,0.15
11905.0,0.15
11909.2,0.15
11913.9,0.13
11918.6,0.13
11923.7,0.12
11928.6,0.13
11933.0,0.14
11937.0,0.16
11941.0,0.16
11945.3,0.15
11949.3,0.16
11953.3,0.16
11957.5,0.15
11961.9,0.14
11966.7,0.13
11971.9,0.12
11976.9,0.13
11981.5,0.14
11986.3,0.13
11991.2,0.13
11996.2,0.13
12000.9,0.13
12005.5,0.14
12010.3,0.13
12015.0,0.13
12020.1,0.12
12025.5,0.12
12030.4,0.13
12035.5,0.12
12040.6,0.12
12045.3,0.13
12049.8,0.14
12054.5,0.13
12059.5,0.13
12064.2,0.13
12069.0,0.13
12073.6,0.14
12078.0,0.14
12082.5,0.14
12087.5,0.13
12092.8,0.12
12097.8,0.13
12102.5,0.13
12107.2,0.13
12111.9,0.13
12116.5,0.14
12120.9,0.14
12125.0,0.15
12129.3,0.15
12133.8,0.14
12138.6,0.13
12143.5,0.13
12148.4,0.13
12153.2,0.13
12158.0,0.13
12162.9,0.13
12167.6,0.13
12172.1,0.14
12176.9,0.13
12181.9,0.13
12186.7,0.13
12191.4,0.13
12196.2,0.13
12201.7,0.11
12206.7,0.13
12211.7,0.13
12216.6,0.13
12221.1,0.14
12225.6,0.14
12230.2,0.14
12234.6,0.14
12239.0,0.14
12243.3,0.15
12247.8,0.14
12252.4,0.14
12257.1,0.13
12261.9,0.13
12266.9,0.13
12271.6,0.13
12276.3,0.13
12280.9,0.14
12285.4,0.14
12289.9,0.14
12294.5,0.14
12299.1,0.14
12303.8,0.13
12308.4,0.14
12313.3,0.13
12317.8,0.14
12322.1,0.15
12326.2,0.15
12330.3,0.15
12334.6,0.15
12339.0,0.14
12343.6,0.14
12348.5,0.13
12353.1,0.14
12357.7,0.14
12362.3,0.14
12366.8,0.14
12371.1,0.15
12375.4,0.15
12380.0,0.14
12384.7,0.13
12389.6,0.13
12394.4,0.13
12398.8,0.14
12403.3,0.14
12407.7,0.14
12412.0,0.15
12416.3,0.15
12420.3,0.16
12424.3,0.16
12428.3,0.16
12432.6,0.15
12436.8,0.15
12441.0,0.15
12445.0,0.16
12449.1,0.15
12453.7,0.14
12458.2,0.14
12463.0,0.13
12468.1,0.12
12472.7,0.14
12477.4,0.13
12481.7,0.15
12485.9,0.15
12489.9,0.16
12494.0,0.15
12498.1,0.15
12502.5,0.14
12506.9,0.14
12511.3,0.14
12515.7,0.14
12520.2,0.14
12524.8,0.14
12529.2,0.14
12533.7,0.14
12538.5,0.13
12543.2,0.13
12547.5,0.15
12551.9,0.14
12556.4,0.14
12560.9,0.14
12565.3,0.14
12569.6,0.15
12573.9,0.15
12578.4,0.14
12582.7,0.15
12586.8,0.15
12591.0,0.15
12595.5,0.14
12600.1,0.14
12604.6,0.14
12609.4,0.13
12614.2,0.13
12618.9,0.13
12623.1,0.15
12627.4,0.15
12632.0,0.14
12635.9,0.16
12639.8,0.16
12643.6,0.17
12647.5,0.16
12651.4,0.16
12655.4,0.16
12659.5,0.15
12663.7,0.15
12667.8,0.15
12672.1,0.15
12676.5,0.14
12681.0,0.14
12685.5,0.14
12690.6,0.12
12695.8,0.12
12700.6,0.13
12705.2,0.14
12709.5,0.15
12713.7,0.15
12717.9,0.15
12722.2,0.15
12726.5,0.15
12730.7,0.15
12735.1,0.14
12739.4,0.15
12743.8,0.14
12748.2,0.14
12752.5,0.15
12757.1,0.14
12761.6,0.14
12766.3,0.13
12771.0,0.13
12775.9,0.13
12780.8,0.13
12785.6,0.13
12790.1,0.14
12794.4,0.15
12798.8,0.14
12803.4,0.14
12808.0,0.14
12813.0,0.13
12817.7,0.13
12822.4,0.13
12826.7,0.15
12830.8,0.15
12834.8,0.16
12838.8,0.16
12843.1,0.15
12847.8,0.13
12852.5,0.13
12857.0,0.14
12861.6,0.14
12866.3,0.13
12871.0,0.13
12876.1,0.12
12881.4,0.12
12886.7,0.12
12891.5,0.13
12896.1,0.14
12900.6,0.14
12904.9,0.15
12909.0,0.15
12913.4,0.14
12917.8,0.14
12922.3,0.14
12926.7,0.14
12930.9,0.15
12935.2,0.15
12940.1,0.13
12945.2,0.12
12949.9,0.13
12954.3,0.14
12958.7,0.14
12963.3,0.14
12968.0,0.13
12972.7,0.13
12977.6,0.13
12982.4,0.13
12987.2,0.13
12992.1,0.13
12996.9,0.13
13001.4,0.14
13006.2,0.13
13011.0,0.13
13015.5,0.14
13020.2,0.13
13024.8,0.14
13029.3,0.14
13033.7,0.14
13038.2,0.14
13042.6,0.14
13047.2,0.14
13051.8,0.14
13056.4,0.14
13061.0,0.14
13065.5,0.14
13070.0,0.14
13074.8,0.13
13079.4,0.14
13083.7,0.15
13087.8,0.15
13092.1,0.15
13096.4,0.15
13100.6,0.15
13105.0,0.14
13109.7,0.13
13114.2,0.14
13118.5,0.15
13123.0,0.14
13127.6,0.14
13132.4,0.13
13137.7,0.12
13143.5,0.11
13149.2,0.11
13154.6,0.12
13159.7,0.12
13164.7,0.13
13169.5,0.13
13174.1,0.14
13178.7,0.14
13183.1,0.14
13187.8,0.13
13192.5,0.13
13197.5,0.13
13202.6,0.12
13207.5,0.13
13212.6,0.12
13217.6,0.13
13222.6,0.13
13227.9,0.12
13233.0,0.12
13238.2,0.12
13243.2,0.13
13248.2,0.13
13253.1,0.13
13257.7,0.14
13262.2,0.14
13266.7,0.14
13271.6,0.13
13276.3,0.13
13281.0,0.13
13286.4,0.12
13291.4,0.13
13296.6,0.12
13302.5,0.11
13308.0,0.11
13313.0,0.13
13317.7,0.13
13322.4,0.13
13327.6,0.12
13332.7,0.12
13337.7,0.13
13342.5,0.13
13347.2,0.13
13352.2,0.13
13357.2,0.13
13362.2,0.13
13367.6,0.12
13373.0,0.12
13378.2,0.12
13383.5,0.12
13388.8,0.12
13393.8,0.13
13399.1,0.12
13404.2,0.12
13409.3,0.12
13414.7,0.12
13419.7,0.13
13424.4,0.13
13429.0,0.14
13433.6,0.14
13438.1,0.14
13443.2,0.12
13448.2,0.13
13453.0,0.13
13457.4,0.14
13461.5,0.15
13465.9,0.14
13470.6,0.13
13475.4,0.13
13480.0,0.14
13484.4,0.14
13489.3,0.13
13494.4,0.12
13500.5,0.10
13506.5,0.10
13511.9,0.12
13517.1,0.12
13522.2,0.12
13527.5,0.12
13532.5,0.13
13537.3,0.13
13541.8,0.14
13546.5,0.13
13551.0,0.14
13555.5,0.14
13559.9,0.14
13564.4,0.14
13568.8,0.14
13573.0,0.15
13577.3,0.15
13581.6,0.15
13585.9,0.15
13590.0,0.15
13593.9,0.16
13597.8,0.16
13601.6,0.17
13605.5,0.16
13609.5,0.16
13613.7,0.15
13618.1,0.14
13622.7,0.14
13627.3,0.14
13632.4,0.12
13637.2,0.13
13641.9,0.13
13646.2,0.15
13650.8,0.14
13655.4,0.14
13660.1,0.13
13664.8,0.13
13669.3,0.14
13673.5,0.15
13678.0,0.14
13682.8,0.13
13687.4,0.14
13691.7,0.15
13695.9,0.15
13700.6,0.13
13706.1,0.11
13711.2,0.12
13715.7,0.14
13720.3,0.14
13724.9,0.14
13729.4,0.14
13734.3,0.13
13739.8,0.11
13745.4,0.11
13761.6,0.14
13766.7,0.12
13771.9,0.12
13776.8,0.13
13782.0,0.12
13786.9,0.13
13791.8,0.13
13796.9,0.12
13801.7,0.13
13806.9,0.12
13812.3,0.12
13817.1,0.13
13821.5,0.14
13825.7,0.15
13829.7,0.16
13833.5,0.17
13837.2,0.17
13840.8,0.17
13844.7,0.16
13848.8,0.15
13853.6,0.13
13858.0,0.14
13862.0,0.16
13866.0,0.16
13870.0,0.16
13874.5,0.14
13879.5,0.13
13884.2,0.13
13889.0,0.13
13894.4,0.12
13899.6,0.12
13904.4,0.13
13909.4,0.13
13914.3,0.13
13919.4,0.12
13924.8,0.12
13929.6,0.13
13934.2,0.14
13938.8,0.14
13943.2,0.14
13948.3,0.12
13953.8,0.11
13954.8,0.00
13982.7,0.00
13983.7,0.15
13987.8,0.15
13992.6,0.13
13997.9,0.12
14002.6,0.13
14007.2,0.14
14012.3,0.12
14030.1,0.12
14035.0,0.13
14040.0,0.13
14046.1,0.10
14047.1,0.00
14159.3,0.00
14160.3,0.15
14164.9,0.14
14170.5,0.11
14176.5,0.10
14182.0,0.11
14187.5,0.11
14193.1,0.11
14198.3,0.12
14203.1,0.13
14207.4,0.15
14211.8,0.14
14217.1,0.12
14222.6,0.11
14228.2,0.11
14233.8,0.11
14239.6,0.11
14244.9,0.12
14250.5,0.11
14266.3,0.14
14271.0,0.13
14276.2,0.12
14281.6,0.12
14286.1,0.14
14290.7,0.14
14295.4,0.13
14299.7,0.15
14304.6,0.13
14308.9,0.15
14313.4,0.14
14317.9,0.14
14323.6,0.11
14339.0,0.14
14343.5,0.14
14348.3,0.13
14354.2,0.11
14355.2,0.00
14762.7,0.00
14763.7,0.12
14768.9,0.12
14773.7,0.13
14779.0,0.12
14784.4,0.12
14789.5,0.12
14794.8,0.12
14799.8,0.13
14804.5,0.13
14809.6,0.12
14825.3,0.15
14829.8,0.14
14834.1,0.15
14838.6,0.14
14843.7,0.12
14848.2,0.14
14852.7,0.14
14857.7,0.13
14863.3,0.11
14868.7,0.12
14873.7,0.13
14879.1,0.12
14884.6,0.11
14890.7,0.10
14896.4,0.11
14902.0,0.11
14907.4,0.12
14913.0,0.11
14918.0,0.13
14923.1,0.12
14928.5,0.12
14934.2,0.11
14940.1,0.11
14945.5,0.12
14950.2,0.13
14955.0,0.13
14960.4,0.12
14965.8,0.12
14970.7,0.13
14976.9,0.10
14977.9,0.00
14996.3,0.00
14997.3,0.10
15016.0,0.13
15020.8,0.13
15026.0,0.12
15031.3,0.12
15037.1,0.11
0.0,0.00
