65.3,0.45
66.5,0.52
67.5,0.63
68.5,0.63
69.5,0.63
70.4,0.70
71.3,0.70
72.2,0.70
73.1,0.70
74.0,0.70
75.0,0.63
75.9,0.70
76.8,0.70
77.7,0.70
78.6,0.70
79.6,0.63
80.5,0.70
81.5,0.63
82.5,0.63
83.5,0.63
84.5,0.63
85.5,0.63
86.5,0.63
87.5,0.63
88.5,0.63
89.5,0.63
90.5,0.63
91.5,0.63
92.5,0.63
93.5,0.63
94.5,0.63
95.5,0.63
96.5,0.63
97.4,0.70
98.4,0.63
99.3,0.70
100.3,0.63
101.3,0.63
102.3,0.63
103.2,0.70
104.2,0.63
105.2,0.63
106.2,0.63
107.1,0.70
108.0,0.70
109.0,0.63
109.9,0.70
110.9,0.63
111.8,0.70
112.8,0.63
113.8,0.63
114.8,0.63
115.8,0.63
116.8,0.63
117.8,0.63
118.8,0.63
119.7,0.70
120.7,0.63
121.7,0.63
122.6,0.70
123.6,0.63
124.5,0.70
125.5,0.63
126.4,0.70
127.4,0.63
128.3,0.70
129.3,0.63
130.2,0.70
131.2,0.63
132.1,0.70
133.1,0.63
134.0,0.70
134.9,0.70
135.8,0.70
136.8,0.63
137.7,0.70
138.6,0.70
139.5,0.70
140.4,0.70
141.3,0.70
142.2,0.70
143.1,0.70
144.0,0.70
144.9,0.70
145.8,0.70
146.7,0.70
147.5,0.79
148.4,0.70
149.3,0.70
150.2,0.70
151.1,0.70
152.0,0.70
152.9,0.70
153.8,0.70
154.7,0.70
155.6,0.70
156.6,0.63
157.5,0.70
158.4,0.70
159.3,0.70
160.3,0.63
161.2,0.70
162.1,0.70
163.0,0.70
163.8,0.79
164.7,0.70
165.6,0.70
166.4,0.79
167.3,0.70
168.1,0.79
169.0,0.70
169.8,0.79
170.7,0.70
171.6,0.70
172.4,0.79
173.3,0.70
174.2,0.70
175.1,0.70
175.9,0.79
176.8,0.70
177.7,0.70
178.6,0.70
179.4,0.79
180.3,0.70
181.2,0.70
182.0,0.79
182.9,0.70
183.8,0.70
184.6,0.79
185.5,0.70
186.3,0.79
187.2,0.70
188.0,0.79
188.8,0.79
189.7,0.70
190.5,0.79
191.4,0.70
192.2,0.79
193.1,0.70
194.0,0.70
194.8,0.79
195.7,0.70
196.6,0.70
197.5,0.70
198.3,0.79
199.2,0.70
200.1,0.70
201.0,0.70
201.9,0.70
202.8,0.70
203.6,0.79
204.5,0.70
205.4,0.70
206.2,0.79
207.1,0.70
208.0,0.70
208.8,0.79
209.7,0.70
210.6,0.70
211.5,0.70
212.3,0.79
213.2,0.70
214.1,0.70
214.9,0.79
215.8,0.70
216.6,0.79
217.5,0.70
218.3,0.79
219.2,0.70
220.0,0.79
220.9,0.70
221.7,0.79
222.6,0.70
223.4,0.79
224.2,0.79
225.1,0.70
225.9,0.79
226.7,0.79
227.6,0.70
228.4,0.79
229.3,0.70
230.1,0.79
231.0,0.70
231.8,0.79
232.7,0.70
233.6,0.70
234.4,0.79
235.3,0.70
236.2,0.70
237.1,0.70
237.9,0.79
238.8,0.70
239.7,0.70
240.6,0.70
241.4,0.79
242.3,0.70
243.2,0.70
244.0,0.79
244.9,0.70
245.7,0.79
246.6,0.70
247.4,0.79
248.3,0.70
249.2,0.70
250.0,0.79
250.8,0.79
251.7,0.70
252.6,0.70
253.4,0.79
254.3,0.70
255.1,0.79
255.9,0.79
256.8,0.70
257.7,0.70
258.5,0.79
259.4,0.70
260.2,0.79
261.1,0.70
261.9,0.79
262.8,0.70
263.6,0.79
264.5,0.70
265.3,0.79
266.2,0.70
267.0,0.79
267.9,0.70
268.8,0.70
269.6,0.79
270.5,0.70
271.4,0.70
272.2,0.79
273.1,0.70
274.0,0.70
274.8,0.79
275.7,0.70
276.5,0.79
277.4,0.70
278.2,0.79
279.1,0.70
280.0,0.70
280.8,0.79
281.7,0.70
282.6,0.70
283.4,0.79
284.3,0.70
285.1,0.79
286.0,0.70
286.9,0.70
287.7,0.79
288.6,0.70
289.4,0.79
290.3,0.70
291.2,0.70
292.0,0.79
292.9,0.70
293.8,0.70
294.6,0.79
295.5,0.70
296.4,0.70
297.3,0.70
298.1,0.79
299.0,0.70
299.9,0.70
300.8,0.70
301.6,0.79
302.5,0.70
303.3,0.79
304.2,0.70
305.1,0.70
305.9,0.79
306.8,0.70
307.6,0.79
308.5,0.70
309.4,0.70
310.2,0.79
311.1,0.70
312.1,0.63
312.9,0.79
313.8,0.70
314.7,0.70
315.6,0.70
316.5,0.70
317.4,0.70
318.3,0.70
319.2,0.70
320.1,0.70
321.0,0.70
321.9,0.70
322.8,0.70
323.7,0.70
324.6,0.70
325.5,0.70
326.4,0.70
327.3,0.70
328.2,0.70
329.1,0.70
330.0,0.70
330.9,0.70
331.8,0.70
332.7,0.70
333.6,0.70
334.5,0.70
335.4,0.70
336.3,0.70
337.2,0.70
338.1,0.70
339.0,0.70
339.9,0.70
340.9,0.63
341.8,0.70
342.7,0.70
343.6,0.70
344.5,0.70
345.4,0.70
346.3,0.70
347.2,0.70
348.1,0.70
349.1,0.63
350.0,0.70
350.9,0.70
351.8,0.70
352.8,0.63
353.7,0.70
354.6,0.70
355.6,0.63
356.5,0.70
357.4,0.70
358.3,0.70
359.3,0.63
360.2,0.70
361.1,0.70
362.0,0.70
362.9,0.70
363.8,0.70
364.7,0.70
365.6,0.70
366.6,0.63
367.5,0.70
368.4,0.70
369.4,0.63
370.4,0.63
371.3,0.70
372.3,0.63
373.2,0.70
374.2,0.63
375.2,0.63
376.1,0.70
377.1,0.63
378.0,0.70
379.0,0.63
379.9,0.70
380.9,0.63
381.8,0.70
382.7,0.70
383.7,0.63
384.6,0.70
385.5,0.70
386.5,0.63
387.4,0.70
388.3,0.70
389.2,0.70
390.2,0.63
391.1,0.70
392.0,0.70
392.9,0.70
393.8,0.70
394.8,0.63
395.7,0.70
396.6,0.70
397.5,0.70
398.4,0.70
399.4,0.63
400.3,0.70
401.2,0.70
402.1,0.70
403.0,0.70
403.9,0.70
404.9,0.63
405.8,0.70
406.7,0.70
407.6,0.70
408.6,0.63
409.5,0.70
410.4,0.70
411.4,0.63
412.3,0.70
413.2,0.70
414.2,0.63
415.1,0.70
416.1,0.63
417.0,0.70
417.9,0.70
418.9,0.63
419.9,0.63
420.8,0.70
421.8,0.63
422.8,0.63
423.7,0.70
424.7,0.63
425.7,0.63
426.6,0.70
427.6,0.63
428.6,0.63
429.5,0.70
430.5,0.63
431.4,0.70
432.4,0.63
433.4,0.63
434.3,0.70
435.3,0.63
436.2,0.70
437.2,0.63
438.2,0.63
439.1,0.70
440.1,0.63
441.1,0.63
442.0,0.70
443.0,0.63
443.9,0.70
444.9,0.63
445.9,0.63
446.8,0.70
447.8,0.63
448.7,0.70
449.7,0.63
450.6,0.70
451.6,0.63
452.6,0.63
453.6,0.63
454.6,0.63
455.6,0.63
456.6,0.63
457.6,0.63
458.6,0.63
459.6,0.63
460.6,0.63
461.6,0.63
462.6,0.63
463.6,0.63
464.6,0.63
465.6,0.63
466.6,0.63
467.6,0.63
468.6,0.63
469.6,0.63
470.6,0.63
471.6,0.63
472.6,0.63
473.6,0.63
474.6,0.63
475.6,0.63
476.6,0.63
477.6,0.63
478.7,0.57
479.7,0.63
480.7,0.63
481.7,0.63
482.7,0.63
483.7,0.63
484.7,0.63
485.7,0.63
486.7,0.63
487.7,0.63
488.7,0.63
489.7,0.63
490.7,0.63
491.7,0.63
492.7,0.63
493.7,0.63
494.7,0.63
495.8,0.57
496.8,0.63
497.8,0.63
498.8,0.63
499.8,0.63
500.9,0.57
501.9,0.63
502.9,0.63
503.9,0.63
504.9,0.63
505.9,0.63
506.9,0.63
507.9,0.63
508.9,0.63
509.9,0.63
510.9,0.63
511.9,0.63
512.9,0.63
513.9,0.63
515.0,0.57
516.0,0.63
517.0,0.63
518.0,0.63
519.0,0.63
520.0,0.63
521.0,0.63
522.0,0.63
523.0,0.63
524.0,0.63
525.0,0.63
526.0,0.63
527.0,0.63
527.9,0.70
528.9,0.63
529.9,0.63
530.9,0.63
531.9,0.63
532.9,0.63
533.9,0.63
535.0,0.57
536.0,0.63
537.0,0.63
538.0,0.63
539.1,0.57
540.1,0.63
541.1,0.63
542.2,0.57
543.2,0.63
544.2,0.63
545.3,0.57
546.3,0.63
547.4,0.57
548.4,0.63
549.5,0.57
550.5,0.63
551.5,0.63
552.6,0.57
553.6,0.63
554.6,0.63
555.7,0.57
556.7,0.63
557.7,0.63
558.8,0.57
559.8,0.63
560.9,0.57
561.9,0.63
563.0,0.57
564.0,0.63
565.1,0.57
566.1,0.63
567.2,0.57
568.2,0.63
569.3,0.57
570.3,0.63
571.4,0.57
572.4,0.63
573.5,0.57
574.5,0.63
575.6,0.57
576.6,0.63
577.7,0.57
578.7,0.63
579.8,0.57
580.9,0.57
581.9,0.63
582.9,0.63
584.0,0.57
585.1,0.57
586.1,0.63
587.2,0.57
588.3,0.57
589.3,0.63
590.4,0.57
591.5,0.57
592.6,0.57
593.7,0.57
594.7,0.63
595.8,0.57
596.9,0.57
597.9,0.63
599.0,0.57
600.1,0.57
601.1,0.63
602.2,0.57
603.3,0.57
604.4,0.57
605.5,0.57
606.5,0.63
607.6,0.57
608.7,0.57
609.8,0.57
610.8,0.63
611.9,0.57
613.0,0.57
614.0,0.63
615.1,0.57
616.1,0.63
617.2,0.57
618.2,0.63
619.3,0.57
620.4,0.57
621.5,0.57
622.5,0.63
623.6,0.57
624.6,0.63
625.7,0.57
626.8,0.57
627.8,0.63
628.9,0.57
630.0,0.57
631.0,0.63
632.1,0.57
633.1,0.63
634.2,0.57
635.3,0.57
636.4,0.57
637.4,0.63
638.5,0.57
639.5,0.63
640.6,0.57
641.6,0.63
642.7,0.57
643.8,0.57
644.8,0.63
645.9,0.57
646.9,0.63
648.0,0.57
649.0,0.63
650.1,0.57
651.1,0.63
652.2,0.57
653.3,0.57
654.4,0.57
655.5,0.57
656.5,0.63
657.6,0.57
658.7,0.57
659.8,0.57
660.9,0.57
662.0,0.57
663.0,0.63
664.1,0.57
665.2,0.57
666.3,0.57
667.4,0.57
668.5,0.57
669.6,0.57
670.7,0.57
671.8,0.57
672.9,0.57
674.0,0.57
675.1,0.57
676.2,0.57
677.2,0.63
678.3,0.57
679.4,0.57
680.4,0.63
681.5,0.57
682.6,0.57
683.7,0.57
684.7,0.63
685.8,0.57
686.9,0.57
688.0,0.57
689.0,0.63
690.1,0.57
691.2,0.57
692.3,0.57
693.4,0.57
694.5,0.57
695.5,0.63
696.6,0.57
697.7,0.57
698.8,0.57
699.9,0.57
701.0,0.57
702.1,0.57
703.2,0.57
704.3,0.57
705.4,0.57
706.5,0.57
707.6,0.57
708.7,0.57
709.9,0.52
711.0,0.57
712.1,0.57
713.2,0.57
714.3,0.57
715.4,0.57
716.5,0.57
717.6,0.57
718.7,0.57
719.8,0.57
721.0,0.52
722.1,0.57
723.2,0.57
724.3,0.57
725.4,0.57
726.4,0.63
727.5,0.57
728.6,0.57
729.7,0.57
730.8,0.57
731.9,0.57
733.0,0.57
734.1,0.57
735.2,0.57
736.3,0.57
737.5,0.52
738.6,0.57
739.7,0.57
740.8,0.57
741.9,0.57
743.0,0.57
744.2,0.52
745.3,0.57
746.4,0.57
747.5,0.57
748.6,0.57
749.7,0.57
750.9,0.52
752.0,0.57
753.2,0.52
754.4,0.52
755.5,0.57
756.7,0.52
757.9,0.52
759.0,0.57
760.1,0.57
761.2,0.57
762.2,0.63
763.3,0.57
764.4,0.57
765.4,0.63
766.5,0.57
767.5,0.63
768.6,0.57
769.7,0.57
770.7,0.63
771.8,0.57
772.8,0.63
773.9,0.57
774.9,0.63
776.0,0.57
777.0,0.63
778.0,0.63
779.0,0.63
780.1,0.57
781.1,0.63
782.1,0.63
783.1,0.63
784.1,0.63
785.1,0.63
786.1,0.63
787.1,0.63
788.2,0.57
789.2,0.63
790.2,0.63
791.3,0.57
792.3,0.63
793.4,0.57
794.4,0.63
795.5,0.57
796.5,0.63
797.6,0.57
798.6,0.63
799.7,0.57
800.8,0.57
801.9,0.57
802.9,0.63
804.0,0.57
805.0,0.63
806.1,0.57
807.1,0.63
808.1,0.63
809.2,0.57
810.3,0.57
811.4,0.57
812.6,0.52
813.7,0.57
814.8,0.57
816.0,0.52
817.1,0.57
818.2,0.57
819.4,0.52
820.6,0.52
821.7,0.57
822.9,0.52
824.0,0.57
825.1,0.57
826.2,0.57
827.3,0.57
828.3,0.63
829.4,0.57
830.5,0.57
831.5,0.63
832.6,0.57
833.7,0.57
834.7,0.63
835.8,0.57
836.9,0.57
838.0,0.57
839.0,0.63
840.1,0.57
841.2,0.57
842.3,0.57
843.4,0.57
844.5,0.57
845.6,0.57
846.7,0.57
847.9,0.52
849.0,0.57
850.0,0.63
851.1,0.57
852.2,0.57
853.3,0.57
854.4,0.57
855.4,0.63
856.5,0.57
857.6,0.57
858.7,0.57
859.8,0.57
860.9,0.57
862.0,0.57
863.1,0.57
864.2,0.57
865.4,0.52
866.5,0.57
867.7,0.52
868.8,0.57
870.0,0.52
871.1,0.57
872.2,0.57
873.3,0.57
874.5,0.52
875.6,0.57
876.7,0.57
877.9,0.52
879.1,0.52
880.2,0.57
881.4,0.52
882.6,0.52
883.7,0.57
884.9,0.52
886.0,0.57
887.2,0.52
888.3,0.57
889.5,0.52
890.6,0.57
891.8,0.52
892.9,0.57
894.1,0.52
895.2,0.57
896.4,0.52
897.5,0.57
898.7,0.52
899.8,0.57
901.0,0.52
902.1,0.57
903.2,0.57
904.4,0.52
905.5,0.57
906.7,0.52
907.8,0.57
909.0,0.52
910.1,0.57
911.2,0.57
912.4,0.52
913.5,0.57
914.6,0.57
915.8,0.52
916.9,0.57
918.0,0.57
919.2,0.52
920.3,0.57
921.4,0.57
922.6,0.52
923.7,0.57
924.8,0.57
926.0,0.52
927.1,0.57
928.2,0.57
929.3,0.57
930.5,0.52
931.6,0.57
932.7,0.57
933.9,0.52
935.0,0.57
936.1,0.57
937.3,0.52
938.4,0.57
939.6,0.52
940.7,0.57
941.9,0.52
943.0,0.57
944.2,0.52
945.3,0.57
946.5,0.52
947.6,0.57
948.8,0.52
950.0,0.52
951.1,0.57
952.3,0.52
953.5,0.52
954.6,0.57
955.8,0.52
956.9,0.57
958.1,0.52
959.2,0.57
960.4,0.52
961.5,0.57
962.6,0.57
963.8,0.52
964.9,0.57
966.0,0.57
967.1,0.57
968.2,0.57
969.4,0.52
970.5,0.57
971.6,0.57
972.8,0.52
973.9,0.57
975.1,0.52
976.2,0.57
977.3,0.57
978.5,0.52
979.6,0.57
980.7,0.57
981.8,0.57
982.9,0.57
984.0,0.57
985.2,0.52
986.3,0.57
987.5,0.52
988.6,0.57
989.7,0.57
990.9,0.52
992.0,0.57
993.2,0.52
994.3,0.57
995.5,0.52
996.6,0.57
997.7,0.57
998.9,0.52
1000.0,0.57
1001.2,0.52
1002.3,0.57
1003.5,0.52
1004.6,0.57
1005.8,0.52
1007.0,0.52
1008.1,0.57
1009.3,0.52
1010.5,0.52
1011.6,0.57
1012.8,0.52
1014.0,0.52
1015.2,0.52
1016.4,0.52
1017.5,0.57
1018.7,0.52
1019.9,0.52
1021.0,0.57
1022.1,0.57
1023.3,0.52
1024.5,0.52
1025.7,0.52
1026.8,0.57
1028.0,0.52
1029.2,0.52
1030.5,0.48
1031.7,0.52
1032.9,0.52
1034.1,0.52
1035.3,0.52
1036.5,0.52
1037.7,0.52
1038.8,0.57
1040.0,0.52
1041.2,0.52
1042.4,0.52
1043.6,0.52
1044.8,0.52
1046.0,0.52
1047.1,0.57
1048.3,0.52
1049.5,0.52
1050.7,0.52
1051.9,0.52
1053.1,0.52
1054.3,0.52
1055.5,0.52
1056.7,0.52
1057.9,0.52
1059.1,0.52
1060.2,0.57
1061.4,0.52
1062.5,0.57
1063.7,0.52
1064.9,0.52
1066.0,0.57
1067.2,0.52
1068.3,0.57
1069.5,0.52
1070.7,0.52
1071.9,0.52
1073.0,0.57
1074.2,0.52
1075.4,0.52
1076.6,0.52
1077.8,0.52
1079.0,0.52
1080.2,0.52
1081.4,0.52
1082.6,0.52
1083.8,0.52
1085.0,0.52
1086.2,0.52
1087.4,0.52
1088.5,0.57
1089.7,0.52
1090.8,0.57
1092.0,0.52
1093.2,0.52
1094.3,0.57
1095.5,0.52
1096.6,0.57
1097.8,0.52
1099.0,0.52
1100.2,0.52
1101.4,0.52
1102.5,0.57
1103.7,0.52
1104.9,0.52
1106.1,0.52
1107.3,0.52
1108.5,0.52
1109.7,0.52
1110.9,0.52
1112.1,0.52
1113.2,0.57
1114.4,0.52
1115.6,0.52
1116.8,0.52
1117.9,0.57
1119.1,0.52
1120.3,0.52
1121.5,0.52
1122.6,0.57
1123.8,0.52
1124.9,0.57
1126.1,0.52
1127.3,0.52
1128.4,0.57
1129.6,0.52
1130.8,0.52
1132.0,0.52
1133.1,0.57
1134.3,0.52
1135.5,0.52
1136.8,0.48
1138.0,0.52
1139.2,0.52
1140.4,0.52
1141.5,0.57
1142.8,0.48
1144.0,0.52
1145.2,0.52
1146.4,0.52
1147.6,0.52
1148.8,0.52
1150.0,0.52
1151.2,0.52
1152.3,0.57
1153.5,0.52
1154.8,0.48
1156.0,0.52
1157.2,0.52
1158.5,0.48
1159.7,0.52
1160.9,0.52
1162.1,0.52
1163.3,0.52
1164.6,0.48
1165.8,0.52
1167.1,0.48
1168.4,0.48
1169.7,0.48
1170.9,0.52
1172.1,0.52
1173.4,0.48
1174.6,0.52
1175.8,0.52
1177.1,0.48
1178.3,0.52
1179.6,0.48
1180.8,0.52
1182.0,0.52
1183.3,0.48
1184.5,0.52
1185.7,0.52
1187.0,0.48
1188.2,0.52
1189.4,0.52
1190.6,0.52
1191.8,0.52
1193.1,0.48
1194.3,0.52
1195.5,0.52
1196.7,0.52
1197.9,0.52
1199.1,0.52
1200.3,0.52
1201.5,0.52
1202.7,0.52
1203.9,0.52
1205.1,0.52
1206.3,0.52
1207.5,0.52
1208.7,0.52
1210.0,0.48
1211.2,0.52
1212.4,0.52
1213.6,0.52
1214.8,0.52
1215.9,0.57
1217.1,0.52
1218.3,0.52
1219.5,0.52
1220.7,0.52
1221.8,0.57
1223.0,0.52
1224.2,0.52
1225.4,0.52
1226.6,0.52
1227.8,0.52
1229.0,0.52
1230.2,0.52
1231.3,0.57
1232.5,0.52
1233.7,0.52
1234.9,0.52
1236.1,0.52
1237.3,0.52
1238.5,0.52
1239.7,0.52
1240.9,0.52
1242.1,0.52
1243.3,0.52
1244.5,0.52
1245.7,0.52
1246.9,0.52
1248.1,0.52
1249.3,0.52
1250.5,0.52
1251.7,0.52
1252.9,0.52
1254.1,0.52
1255.3,0.52
1256.5,0.52
1257.7,0.52
1258.9,0.52
1260.1,0.52
1261.3,0.52
1262.5,0.52
1263.6,0.57
1264.8,0.52
1266.0,0.52
1267.1,0.57
1268.3,0.52
1269.5,0.52
1270.6,0.57
1271.8,0.52
1273.0,0.52
1274.2,0.52
1275.4,0.52
1276.6,0.52
1277.8,0.52
1279.0,0.52
1280.2,0.52
1281.4,0.52
1282.6,0.52
1283.8,0.52
1285.0,0.52
1286.3,0.48
1287.5,0.52
1288.8,0.48
1290.0,0.52
1291.3,0.48
1292.5,0.52
1293.8,0.48
1295.1,0.48
1296.4,0.48
1297.7,0.48
1298.9,0.52
1300.2,0.48
1301.4,0.52
1302.7,0.48
1303.9,0.52
1305.2,0.48
1306.5,0.48
1307.8,0.48
1309.0,0.52
1310.3,0.48
1311.6,0.48
1312.9,0.48
1314.2,0.48
1315.5,0.48
1316.8,0.48
1318.2,0.45
1319.5,0.48
1320.8,0.48
1322.1,0.48
1323.4,0.48
1324.7,0.48
1326.0,0.48
1327.4,0.45
1328.7,0.48
1330.0,0.48
1331.4,0.45
1332.7,0.48
1334.0,0.48
1335.3,0.48
1336.6,0.48
1337.9,0.48
1339.2,0.48
1340.5,0.48
1341.8,0.48
1343.1,0.48
1344.4,0.48
1345.7,0.48
1347.0,0.48
1348.3,0.48
1349.6,0.48
1350.9,0.48
1352.2,0.48
1353.5,0.48
1354.8,0.48
1356.1,0.48
1357.4,0.48
1358.7,0.48
1360.0,0.48
1361.3,0.48
1362.6,0.48
1363.8,0.52
1365.1,0.48
1366.4,0.48
1367.7,0.48
1369.0,0.48
1370.3,0.48
1371.6,0.48
1372.9,0.48
1374.2,0.48
1375.5,0.48
1376.8,0.48
1378.1,0.48
1379.4,0.48
1380.7,0.48
1382.0,0.48
1383.3,0.48
1384.6,0.48
1385.9,0.48
1387.2,0.48
1388.5,0.48
1389.8,0.48
1391.1,0.48
1392.4,0.48
1393.7,0.48
1395.0,0.48
1396.4,0.45
1397.7,0.48
1399.0,0.48
1400.4,0.45
1401.7,0.48
1403.0,0.48
1404.3,0.48
1405.6,0.48
1406.8,0.52
1408.1,0.48
1409.5,0.45
1410.8,0.48
1412.1,0.48
1413.4,0.48
1414.8,0.45
1416.1,0.48
1417.4,0.48
1418.8,0.45
1420.1,0.48
1421.4,0.48
1422.7,0.48
1424.0,0.48
1425.2,0.52
1426.5,0.48
1427.8,0.48
1429.1,0.48
1430.4,0.48
1431.7,0.48
1432.9,0.52
1434.1,0.52
1435.3,0.52
1436.5,0.52
1437.7,0.52
1438.9,0.52
1440.1,0.52
1441.3,0.52
1442.5,0.52
1443.7,0.52
1445.0,0.48
1446.2,0.52
1447.4,0.52
1448.6,0.52
1449.8,0.52
1451.0,0.52
1452.2,0.52
1453.4,0.52
1454.7,0.48
1455.9,0.52
1457.1,0.52
1458.4,0.48
1459.7,0.48
1460.9,0.52
1462.2,0.48
1463.5,0.48
1464.8,0.48
1466.1,0.48
1467.4,0.48
1468.7,0.48
1470.1,0.45
1471.4,0.48
1472.9,0.42
1474.3,0.45
1475.7,0.45
1477.1,0.45
1478.5,0.45
1479.9,0.45
1481.3,0.45
1482.7,0.45
1484.0,0.48
1485.3,0.48
1486.6,0.48
1487.9,0.48
1489.2,0.48
1490.6,0.45
1491.9,0.48
1493.2,0.48
1494.6,0.45
1495.9,0.48
1497.2,0.48
1498.5,0.48
1499.8,0.48
1501.1,0.48
1502.4,0.48
1503.7,0.48
1505.0,0.48
1506.3,0.48
1507.6,0.48
1508.9,0.48
1510.2,0.48
1511.5,0.48
1512.8,0.48
1514.1,0.48
1515.4,0.48
1516.8,0.45
1518.1,0.48
1519.4,0.48
1520.7,0.48
1522.0,0.48
1523.3,0.48
1524.7,0.45
1526.0,0.48
1527.4,0.45
1528.7,0.48
1530.1,0.45
1531.4,0.48
1532.8,0.45
1534.2,0.45
1535.5,0.48
1536.9,0.45
1538.2,0.48
1539.5,0.48
1540.9,0.45
1542.2,0.48
1543.6,0.45
1544.9,0.48
1546.3,0.45
1547.7,0.45
1549.0,0.48
1550.4,0.45
1551.8,0.45
1553.2,0.45
1554.6,0.45
1555.9,0.48
1557.3,0.45
1558.7,0.45
1560.0,0.48
1561.3,0.48
1562.6,0.48
1564.0,0.45
1565.3,0.48
1566.6,0.48
1567.9,0.48
1569.2,0.48
1570.6,0.45
1571.9,0.48
1573.2,0.48
1574.6,0.45
1575.9,0.48
1577.2,0.48
1578.5,0.48
1579.8,0.48
1581.1,0.48
1582.4,0.48
1583.7,0.48
1585.0,0.48
1586.3,0.48
1587.6,0.48
1589.0,0.45
1590.3,0.48
1591.7,0.45
1593.0,0.48
1594.4,0.45
1595.7,0.48
1597.0,0.48
1598.4,0.45
1599.7,0.48
1601.0,0.48
1602.4,0.45
1603.7,0.48
1605.0,0.48
1606.3,0.48
1607.6,0.48
1609.0,0.45
1610.3,0.48
1611.6,0.48
1612.9,0.48
1614.2,0.48
1615.5,0.48
1616.8,0.48
1618.2,0.45
1619.5,0.48
1620.8,0.48
1622.1,0.48
1623.4,0.48
1624.8,0.45
1626.1,0.48
1627.4,0.48
1628.8,0.45
1630.1,0.48
1631.4,0.48
1632.7,0.48
1634.0,0.48
1635.3,0.48
1636.7,0.45
1638.0,0.48
1639.3,0.48
1640.6,0.48
1641.9,0.48
1643.2,0.48
1644.5,0.48
1645.8,0.48
1647.1,0.48
1648.4,0.48
1649.8,0.45
1651.1,0.48
1652.4,0.48
1653.8,0.45
1655.1,0.48
1656.5,0.45
1657.8,0.48
1659.1,0.48
1660.5,0.45
1661.8,0.48
1663.1,0.48
1664.4,0.48
1665.7,0.48
1667.0,0.48
1668.3,0.48
1669.7,0.45
1671.0,0.48
1672.4,0.45
1673.7,0.48
1675.1,0.45
1676.4,0.48
1677.8,0.45
1679.2,0.45
1680.5,0.48
1681.9,0.45
1683.2,0.48
1684.6,0.45
1685.9,0.48
1687.3,0.45
1688.6,0.48
1690.0,0.45
1691.3,0.48
1692.7,0.45
1694.0,0.48
1695.3,0.48
1696.7,0.45
1698.0,0.48
1699.4,0.45
1700.7,0.48
1702.0,0.48
1703.4,0.45
1704.7,0.48
1706.0,0.48
1707.4,0.45
1708.7,0.48
1710.1,0.45
1711.4,0.48
1712.8,0.45
1714.1,0.48
1715.5,0.45
1716.8,0.48
1718.2,0.45
1719.5,0.48
1720.8,0.48
1722.2,0.45
1723.5,0.48
1724.8,0.48
1726.2,0.45
1727.5,0.48
1728.9,0.45
1730.3,0.45
1731.7,0.45
1733.1,0.45
1734.4,0.48
1735.8,0.45
1737.1,0.48
1738.5,0.45
1739.9,0.45
1741.2,0.48
1742.6,0.45
1744.0,0.45
1745.4,0.45
1746.7,0.48
1748.1,0.45
1749.5,0.45
1750.9,0.45
1752.2,0.48
1753.5,0.48
1754.8,0.48
1756.2,0.45
1757.5,0.48
1758.8,0.48
1760.1,0.48
1761.4,0.48
1762.8,0.45
1764.1,0.48
1765.4,0.48
1766.8,0.45
1768.1,0.48
1769.4,0.48
1770.8,0.45
1772.1,0.48
1773.4,0.48
1774.8,0.45
1776.2,0.45
1777.6,0.45
1779.0,0.45
1780.3,0.48
1781.7,0.45
1783.0,0.48
1784.3,0.48
1785.7,0.45
1787.0,0.48
1788.3,0.48
1789.6,0.48
1791.0,0.45
1792.3,0.48
1793.7,0.45
1795.0,0.48
1796.3,0.48
1797.6,0.48
1798.9,0.48
1800.2,0.48
1801.5,0.48
1802.9,0.45
1804.2,0.48
1805.5,0.48
1806.9,0.45
1808.2,0.48
1809.5,0.48
1810.8,0.48
1812.2,0.45
1813.6,0.45
1815.0,0.45
1816.3,0.48
1817.7,0.45
1819.1,0.45
1820.4,0.48
1821.8,0.45
1823.1,0.48
1824.5,0.45
1825.8,0.48
1827.1,0.48
1828.5,0.45
1829.8,0.48
1831.1,0.48
1832.5,0.45
1833.8,0.48
1835.1,0.48
1836.5,0.45
1837.8,0.48
1839.2,0.45
1840.5,0.48
1841.9,0.45
1843.2,0.48
1844.5,0.48
1845.8,0.48
1847.1,0.48
1848.4,0.48
1849.7,0.48
1851.0,0.48
1852.3,0.48
1853.7,0.45
1855.0,0.48
1856.4,0.45
1857.7,0.48
1859.0,0.48
1860.3,0.48
1861.7,0.45
1863.0,0.48
1864.4,0.45
1865.8,0.45
1867.1,0.48
1868.5,0.45
1869.8,0.48
1871.2,0.45
1872.5,0.48
1873.9,0.45
1875.3,0.45
1876.7,0.45
1878.0,0.48
1879.4,0.45
1880.7,0.48
1882.0,0.48
1883.3,0.48
1884.6,0.48
1885.9,0.48
1887.3,0.45
1888.6,0.48
1890.0,0.45
1891.3,0.48
1892.6,0.48
1894.0,0.45
1895.3,0.48
1896.6,0.48
1898.0,0.45
1899.3,0.48
1900.6,0.48
1902.0,0.45
1903.3,0.48
1904.6,0.48
1905.9,0.48
1907.3,0.45
1908.7,0.45
1910.0,0.48
1911.4,0.45
1912.7,0.48
1914.1,0.45
1915.5,0.45
1916.9,0.45
1918.2,0.48
1919.6,0.45
1921.0,0.45
1922.3,0.48
1923.7,0.45
1925.2,0.42
1926.6,0.45
1928.0,0.45
1929.4,0.45
1930.8,0.45
1932.2,0.45
1933.6,0.45
1934.9,0.48
1936.2,0.48
1937.5,0.48
1938.8,0.48
1940.1,0.48
1941.4,0.48
1942.6,0.52
1943.9,0.48
1945.2,0.48
1946.4,0.52
1947.7,0.48
1948.9,0.52
1950.2,0.48
1951.4,0.52
1952.6,0.52
1953.8,0.52
1955.1,0.48
1956.3,0.52
1957.6,0.48
1958.9,0.48
1960.1,0.52
1961.4,0.48
1962.7,0.48
1963.9,0.52
1965.2,0.48
1966.5,0.48
1967.7,0.52
1968.9,0.52
1970.2,0.48
1971.5,0.48
1972.7,0.52
1974.0,0.48
1975.3,0.48
1976.6,0.48
1977.9,0.48
1979.2,0.48
1980.6,0.45
1981.9,0.48
1983.2,0.48
1984.6,0.45
1985.9,0.48
1987.2,0.48
1988.6,0.45
1989.9,0.48
1991.2,0.48
1992.6,0.45
1993.9,0.48
1995.3,0.45
1996.6,0.48
1998.0,0.45
1999.4,0.45
2000.8,0.45
2002.1,0.48
2003.5,0.45
2004.9,0.45
2006.2,0.48
2007.6,0.45
2009.0,0.45
2010.3,0.48
2011.7,0.45
2013.0,0.48
2014.4,0.45
2015.8,0.45
2017.2,0.45
2018.6,0.45
2020.0,0.45
2021.3,0.48
2022.7,0.45
2024.1,0.45
2025.4,0.48
2026.8,0.45
2028.1,0.48
2029.4,0.48
2030.8,0.45
2032.1,0.48
2033.4,0.48
2034.8,0.45
2036.1,0.48
2037.5,0.45
2038.8,0.48
2040.2,0.45
2041.6,0.45
2043.0,0.45
2044.4,0.45
2045.8,0.45
2047.1,0.48
2048.4,0.48
2049.8,0.45
2051.2,0.45
2052.6,0.45
2054.0,0.45
2055.4,0.45
2056.8,0.45
2058.2,0.45
2059.6,0.45
2061.0,0.45
2062.4,0.45
2063.8,0.45
2065.2,0.45
2066.6,0.45
2068.0,0.45
2069.4,0.45
2070.8,0.45
2072.2,0.45
2073.6,0.45
2074.9,0.48
2076.3,0.45
2077.6,0.48
2079.0,0.45
2080.3,0.48
2081.7,0.45
2083.1,0.45
2084.4,0.48
2085.8,0.45
2087.3,0.42
2088.7,0.45
2090.1,0.45
2091.6,0.42
2093.0,0.45
2094.4,0.45
2095.9,0.42
2097.4,0.42
2098.9,0.42
2100.5,0.39
2102.1,0.39
2103.6,0.42
2105.1,0.42
2106.6,0.42
2108.0,0.45
2109.4,0.45
2110.8,0.45
2112.3,0.42
2113.7,0.45
2115.0,0.48
2116.4,0.45
2117.8,0.45
2119.2,0.45
2120.6,0.45
2121.9,0.48
2123.3,0.45
2124.7,0.45
2126.0,0.48
2127.4,0.45
2128.8,0.45
2130.2,0.45
2131.6,0.45
2133.0,0.45
2134.4,0.45
2135.8,0.45
2137.2,0.45
2138.7,0.42
2140.1,0.45
2141.5,0.45
2142.9,0.45
2144.3,0.45
2145.7,0.45
2147.2,0.42
2148.6,0.45
2150.0,0.45
2151.5,0.42
2152.9,0.45
2154.4,0.42
2155.9,0.42
2157.4,0.42
2158.9,0.42
2160.4,0.42
2162.0,0.39
2163.5,0.42
2165.0,0.42
2166.5,0.42
2168.0,0.42
2169.5,0.42
2171.0,0.42
2172.5,0.42
2173.9,0.45
2175.2,0.48
2176.6,0.45
2177.9,0.48
2179.2,0.48
2180.6,0.45
2181.8,0.52
2183.1,0.48
2184.4,0.48
2185.8,0.45
2187.1,0.48
2188.4,0.48
2189.8,0.45
2191.2,0.45
2192.6,0.45
2194.0,0.45
2195.5,0.42
2196.9,0.45
2198.3,0.45
2199.7,0.45
2201.1,0.45
2202.5,0.45
2203.9,0.45
2205.3,0.45
2206.7,0.45
2208.2,0.42
2209.6,0.45
2211.1,0.42
2212.5,0.45
2214.0,0.42
2215.4,0.45
2216.9,0.42
2218.3,0.45
2219.8,0.42
2221.3,0.42
2222.7,0.45
2224.2,0.42
2225.6,0.45
2227.1,0.42
2228.5,0.45
2229.9,0.45
2231.3,0.45
2232.8,0.42
2234.2,0.45
2235.7,0.42
2237.2,0.42
2238.6,0.45
2240.1,0.42
2241.6,0.42
2243.1,0.42
2244.7,0.39
2246.2,0.42
2247.7,0.42
2249.2,0.42
2250.8,0.39
2252.3,0.42
2253.8,0.42
2255.3,0.42
2256.8,0.42
2258.3,0.42
2259.7,0.45
2261.2,0.42
2262.7,0.42
2264.2,0.42
2265.6,0.45
2267.1,0.42
2268.6,0.42
2270.1,0.42
2271.6,0.42
2273.2,0.39
2274.7,0.42
2276.3,0.39
2277.8,0.42
2279.3,0.42
2280.8,0.42
2282.3,0.42
2283.8,0.42
2285.2,0.45
2286.7,0.42
2288.1,0.45
2289.5,0.45
2290.9,0.45
2292.3,0.45
2293.7,0.45
2295.1,0.45
2296.4,0.48
2297.8,0.45
2299.2,0.45
2300.7,0.42
2302.1,0.45
2303.6,0.42
2305.0,0.45
2306.5,0.42
2308.0,0.42
2309.6,0.39
2311.1,0.42
2312.7,0.39
2314.2,0.42
2315.8,0.39
2317.4,0.39
2318.9,0.42
2320.5,0.39
2322.0,0.42
2323.6,0.39
2325.1,0.42
2326.7,0.39
2328.2,0.42
2329.7,0.42
2331.1,0.45
2332.6,0.42
2334.0,0.45
2335.4,0.45
2336.8,0.45
2338.3,0.42
2339.8,0.42
2341.2,0.45
2342.6,0.45
2344.1,0.42
2345.5,0.45
2347.0,0.42
2348.5,0.42
2350.0,0.42
2351.4,0.45
2352.9,0.42
2354.4,0.42
2356.0,0.39
2357.5,0.42
2359.0,0.42
2360.5,0.42
2362.1,0.39
2363.7,0.39
2365.2,0.42
2366.8,0.39
2368.4,0.39
2369.9,0.42
2371.5,0.39
2373.0,0.42
2374.5,0.42
2376.0,0.42
2377.5,0.42
2379.0,0.42
2380.5,0.42
2382.1,0.39
2383.6,0.42
2385.2,0.39
2386.7,0.42
2388.2,0.42
2389.7,0.42
2391.2,0.42
2392.8,0.39
2394.3,0.42
2395.8,0.42
2397.3,0.42
2398.8,0.42
2400.3,0.42
2401.8,0.42
2403.3,0.42
2404.7,0.45
2406.1,0.45
2407.5,0.45
2408.9,0.45
2410.3,0.45
2411.7,0.45
2413.1,0.45
2414.5,0.45
2415.9,0.45
2417.2,0.48
2418.6,0.45
2420.0,0.45
2421.4,0.45
2422.7,0.48
2424.1,0.45
2425.5,0.45
2426.8,0.48
2428.2,0.45
2429.6,0.45
2431.0,0.45
2432.3,0.48
2433.7,0.45
2435.1,0.45
2436.4,0.48
2437.8,0.45
2439.2,0.45
2440.5,0.48
2441.9,0.45
2443.2,0.48
2444.6,0.45
2445.9,0.48
2447.3,0.45
2448.6,0.48
2450.0,0.45
2451.4,0.45
2452.8,0.45
2454.3,0.42
2455.7,0.45
2457.1,0.45
2458.6,0.42
2460.0,0.45
2461.4,0.45
2462.9,0.42
2464.2,0.48
2465.6,0.45
2467.0,0.45
2468.3,0.48
2469.7,0.45
2471.1,0.45
2472.5,0.45
2473.9,0.45
2475.3,0.45
2476.7,0.45
2478.1,0.45
2479.5,0.45
2480.9,0.45
2482.4,0.42
2483.8,0.45
2485.3,0.42
2486.7,0.45
2488.1,0.45
2489.6,0.42
2491.0,0.45
2492.5,0.42
2493.9,0.45
2495.3,0.45
2496.8,0.42
2498.2,0.45
2499.6,0.45
2501.0,0.45
2502.4,0.45
2503.8,0.45
2505.2,0.45
2506.7,0.42
2508.1,0.45
2509.5,0.45
2510.9,0.45
2512.4,0.42
2513.8,0.45
2515.3,0.42
2516.8,0.42
2518.2,0.45
2519.7,0.42
2521.2,0.42
2522.6,0.45
2524.0,0.45
2525.4,0.45
2526.8,0.45
2528.2,0.45
2529.7,0.42
2531.1,0.45
2532.5,0.45
2533.9,0.45
2535.4,0.42
2536.8,0.45
2538.2,0.45
2539.7,0.42
2541.1,0.45
2542.5,0.45
2544.0,0.42
2545.4,0.45
2546.7,0.48
2548.1,0.45
2549.4,0.48
2550.8,0.45
2552.2,0.45
2553.6,0.45
2555.0,0.45
2556.4,0.45
2557.9,0.42
2559.3,0.45
2560.7,0.45
2562.1,0.45
2563.5,0.45
2564.9,0.45
2566.3,0.45
2567.8,0.42
2569.2,0.45
2570.7,0.42
2572.1,0.45
2573.6,0.42
2575.0,0.45
2576.4,0.45
2577.9,0.42
2579.3,0.45
2580.8,0.42
2582.2,0.45
2583.7,0.42
2585.1,0.45
2586.5,0.45
2588.0,0.42
2589.4,0.45
2590.8,0.45
2592.3,0.42
2593.8,0.42
2595.2,0.45
2596.7,0.42
2598.1,0.45
2599.6,0.42
2601.0,0.45
2602.4,0.45
2603.9,0.42
2605.3,0.45
2606.7,0.45
2608.1,0.45
2609.5,0.45
2610.9,0.45
2612.3,0.45
2613.7,0.45
2615.1,0.45
2616.5,0.45
2618.0,0.42
2619.4,0.45
2620.8,0.45
2622.3,0.42
2623.7,0.45
2625.2,0.42
2626.7,0.42
2628.2,0.42
2629.6,0.45
2631.0,0.45
2632.4,0.45
2633.9,0.42
2635.3,0.45
2636.8,0.42
2638.3,0.42
2639.8,0.42
2641.3,0.42
2642.8,0.42
2644.3,0.42
2645.8,0.42
2647.3,0.42
2648.7,0.45
2650.2,0.42
2651.7,0.42
2653.2,0.42
2654.8,0.39
2656.3,0.42
2657.8,0.42
2659.4,0.39
2660.9,0.42
2662.4,0.42
2663.9,0.42
2665.4,0.42
2666.9,0.42
2668.4,0.42
2669.8,0.45
2671.3,0.42
2672.8,0.42
2674.2,0.45
2675.6,0.45
2677.1,0.42
2678.6,0.42
2680.0,0.45
2681.5,0.42
2683.0,0.42
2684.6,0.39
2686.1,0.42
2687.6,0.42
2689.1,0.42
2690.6,0.42
2692.2,0.39
2693.7,0.42
2695.2,0.42
2696.7,0.42
2698.2,0.42
2699.7,0.42
2701.2,0.42
2702.7,0.42
2704.2,0.42
2705.7,0.42
2707.1,0.45
2708.6,0.42
2710.1,0.42
2711.6,0.42
2713.1,0.42
2714.5,0.45
2716.0,0.42
2717.6,0.39
2719.1,0.42
2720.6,0.42
2722.1,0.42
2723.6,0.42
2725.0,0.45
2726.5,0.42
2728.0,0.42
2729.5,0.42
2730.9,0.45
2732.4,0.42
2733.8,0.45
2735.1,0.48
2736.5,0.45
2737.8,0.48
2739.1,0.48
2740.5,0.45
2741.9,0.45
2743.3,0.45
2744.8,0.42
2746.4,0.39
2747.9,0.42
2749.5,0.39
2751.1,0.39
2752.7,0.39
2754.3,0.39
2755.9,0.39
2757.5,0.39
2759.1,0.39
2760.6,0.42
2762.2,0.39
2763.8,0.39
2765.4,0.39
2767.0,0.39
2768.7,0.37
2770.4,0.37
2772.2,0.35
2774.0,0.35
2775.9,0.33
2777.7,0.35
2779.5,0.35
2781.3,0.35
2783.1,0.35
2784.9,0.35
2786.8,0.33
2788.6,0.35
2790.5,0.33
2792.3,0.35
2794.2,0.33
2795.9,0.37
2797.7,0.35
2799.3,0.39
2801.0,0.37
2802.6,0.39
2804.2,0.39
2805.8,0.39
2807.4,0.39
2809.1,0.37
2810.6,0.42
2812.2,0.39
2813.8,0.39
2815.4,0.39
2816.9,0.42
2818.4,0.42
2819.9,0.42
2821.5,0.39
2823.0,0.42
2824.6,0.39
2826.1,0.42
2827.7,0.39
2829.2,0.42
2830.8,0.39
2832.3,0.42
2833.9,0.39
2835.5,0.39
2837.0,0.42
2838.6,0.39
2840.1,0.42
2841.7,0.39
2843.2,0.42
2844.8,0.39
2846.3,0.42
2847.9,0.39
2849.4,0.42
2850.9,0.42
2852.4,0.42
2853.9,0.42
2855.5,0.39
2857.0,0.42
2858.5,0.42
2860.0,0.42
2861.5,0.42
2863.0,0.42
2864.5,0.42
2866.0,0.42
2867.5,0.42
2869.1,0.39
2870.6,0.42
2872.2,0.39
2873.7,0.42
2875.2,0.42
2876.7,0.42
2878.2,0.42
2879.7,0.42
2881.2,0.42
2882.6,0.45
2884.1,0.42
2885.6,0.42
2887.0,0.45
2888.4,0.45
2889.9,0.42
2891.3,0.45
2892.8,0.42
2894.3,0.42
2895.7,0.45
2897.2,0.42
2898.7,0.42
2900.1,0.45
2901.6,0.42
2903.0,0.45
2904.5,0.42
2906.0,0.42
2907.4,0.45
2908.9,0.42
2910.4,0.42
2911.8,0.45
2913.3,0.42
2914.8,0.42
2916.3,0.42
2917.8,0.42
2919.3,0.42
2920.8,0.42
2922.3,0.42
2923.8,0.42
2925.3,0.42
2926.8,0.42
2928.3,0.42
2929.8,0.42
2931.3,0.42
2932.8,0.42
2934.3,0.42
2935.8,0.42
2937.2,0.45
2938.7,0.42
2940.2,0.42
2941.8,0.39
2943.3,0.42
2944.8,0.42
2946.2,0.45
2947.7,0.42
2949.2,0.42
2950.7,0.42
2952.2,0.42
2953.7,0.42
2955.2,0.42
2956.8,0.39
2958.3,0.42
2959.9,0.39
2961.4,0.42
2962.9,0.42
2964.4,0.42
2966.0,0.39
2967.5,0.42
2969.1,0.39
2970.7,0.39
2972.2,0.42
2973.8,0.39
2975.3,0.42
2976.9,0.39
2978.4,0.42
2980.0,0.39
2981.6,0.39
2983.3,0.37
2985.0,0.37
2986.7,0.37
2988.4,0.37
2990.1,0.37
2991.7,0.39
2993.4,0.37
2995.1,0.37
2996.6,0.42
2998.2,0.39
2999.7,0.42
3001.3,0.39
3002.8,0.42
3004.3,0.42
3005.8,0.42
3007.3,0.42
3008.8,0.42
3010.2,0.45
3011.7,0.42
3013.2,0.42
3014.7,0.42
3016.2,0.42
3017.8,0.39
3019.3,0.42
3020.8,0.42
3022.4,0.39
3023.9,0.42
3025.5,0.39
3027.1,0.39
3028.7,0.39
3030.2,0.42
3031.8,0.39
3033.4,0.39
3035.0,0.39
3036.6,0.39
3038.2,0.39
3039.8,0.39
3041.3,0.42
3042.9,0.39
3044.5,0.39
3046.1,0.39
3047.7,0.39
3049.3,0.39
3050.9,0.39
3052.4,0.42
3054.0,0.39
3055.6,0.39
3057.1,0.42
3058.6,0.42
3060.2,0.39
3061.7,0.42
3063.3,0.39
3064.8,0.42
3066.3,0.42
3067.7,0.45
3069.2,0.42
3070.7,0.42
3072.2,0.42
3073.6,0.45
3075.1,0.42
3076.6,0.42
3078.1,0.42
3079.6,0.42
3081.1,0.42
3082.6,0.42
3084.1,0.42
3085.6,0.42
3087.1,0.42
3088.7,0.39
3090.2,0.42
3091.7,0.42
3093.2,0.42
3094.7,0.42
3096.2,0.42
3097.8,0.39
3099.4,0.39
3101.0,0.39
3102.6,0.39
3104.2,0.39
3105.7,0.42
3107.3,0.39
3108.8,0.42
3110.4,0.39
3112.0,0.39
3113.6,0.39
3115.2,0.39
3116.7,0.42
3118.3,0.39
3119.9,0.39
3121.4,0.42
3122.9,0.42
3124.5,0.39
3126.1,0.39
3127.6,0.42
3129.1,0.42
3130.7,0.39
3132.3,0.39
3133.9,0.39
3135.5,0.39
3137.1,0.39
3138.8,0.37
3140.4,0.39
3142.0,0.39
3143.6,0.39
3145.2,0.39
3146.8,0.39
3148.3,0.42
3149.9,0.39
3151.4,0.42
3152.9,0.42
3154.4,0.42
3156.0,0.39
3157.5,0.42
3159.1,0.39
3160.7,0.39
3162.2,0.42
3163.8,0.39
3165.3,0.42
3166.9,0.39
3168.4,0.42
3170.0,0.39
3171.6,0.39
3173.1,0.42
3174.7,0.39
3176.2,0.42
3177.8,0.39
3179.4,0.39
3181.0,0.39
3182.5,0.42
3184.1,0.39
3185.7,0.39
3187.3,0.39
3188.8,0.42
3190.4,0.39
3191.9,0.42
3193.5,0.39
3195.0,0.42
3196.5,0.42
3198.1,0.39
3199.6,0.42
3201.1,0.42
3202.6,0.42
3204.2,0.39
3205.8,0.39
3207.3,0.42
3208.8,0.42
3210.4,0.39
3212.0,0.39
3213.7,0.37
3215.3,0.39
3217.0,0.37
3218.6,0.39
3220.2,0.39
3221.8,0.39
3223.4,0.39
3224.9,0.42
3226.5,0.39
3228.1,0.39
3229.6,0.42
3231.1,0.42
3232.6,0.42
3234.1,0.42
3235.7,0.39
3237.3,0.39
3238.8,0.42
3240.4,0.39
3241.9,0.42
3243.4,0.42
3245.0,0.39
3246.5,0.42
3248.0,0.42
3249.6,0.39
3251.1,0.42
3252.6,0.42
3254.1,0.42
3255.7,0.39
3257.2,0.42
3258.8,0.39
3260.4,0.39
3261.9,0.42
3263.5,0.39
3265.0,0.42
3266.5,0.42
3268.1,0.39
3269.6,0.42
3271.1,0.42
3272.6,0.42
3274.2,0.39
3275.7,0.42
3277.2,0.42
3278.8,0.39
3280.3,0.42
3281.8,0.42
3283.3,0.42
3284.8,0.42
3286.3,0.42
3287.8,0.42
3289.3,0.42
3290.7,0.45
3292.2,0.42
3293.7,0.42
3295.2,0.42
3296.8,0.39
3298.3,0.42
3299.8,0.42
3301.3,0.42
3302.8,0.42
3304.3,0.42
3305.9,0.39
3307.5,0.39
3309.1,0.39
3310.7,0.39
3312.2,0.42
3313.7,0.42
3315.2,0.42
3316.7,0.42
3318.2,0.42
3319.8,0.39
3321.2,0.45
3322.8,0.39
3324.2,0.45
3325.7,0.42
3327.2,0.42
3328.7,0.42
3330.2,0.42
3331.7,0.42
3333.2,0.42
3334.7,0.42
3336.3,0.39
3337.8,0.42
3339.4,0.39
3340.9,0.42
3342.4,0.42
3344.0,0.39
3345.6,0.39
3347.2,0.39
3348.7,0.42
3350.2,0.42
3351.7,0.42
3353.3,0.39
3354.8,0.42
3356.4,0.39
3357.9,0.42
3359.4,0.42
3360.8,0.45
3362.3,0.42
3363.8,0.42
3365.3,0.42
3366.8,0.42
3368.3,0.42
3369.8,0.42
3371.3,0.42
3372.8,0.42
3374.3,0.42
3375.9,0.39
3377.4,0.42
3378.9,0.42
3380.4,0.42
3381.9,0.42
3383.5,0.39
3385.1,0.39
3386.7,0.39
3388.2,0.42
3389.8,0.39
3391.3,0.42
3392.9,0.39
3394.5,0.39
3396.0,0.42
3397.6,0.39
3399.2,0.39
3400.8,0.39
3402.4,0.39
3404.0,0.39
3405.6,0.39
3407.3,0.37
3408.9,0.39
3410.6,0.37
3412.2,0.39
3413.8,0.39
3415.5,0.37
3417.2,0.37
3418.8,0.39
3420.4,0.39
3422.0,0.39
3423.6,0.39
3425.2,0.39
3426.8,0.39
3428.5,0.37
3430.1,0.39
3431.7,0.39
3433.4,0.37
3435.0,0.39
3436.6,0.39
3438.2,0.39
3439.8,0.39
3441.4,0.39
3442.9,0.42
3444.5,0.39
3446.1,0.39
3447.6,0.42
3449.2,0.39
3450.8,0.39
3452.4,0.39
3453.9,0.42
3455.5,0.39
3457.1,0.39
3458.7,0.39
3460.2,0.42
3461.8,0.39
3463.4,0.39
3465.0,0.39
3466.6,0.39
3468.2,0.39
3469.8,0.39
3471.4,0.39
3473.0,0.39
3474.5,0.42
3476.1,0.39
3477.6,0.42
3479.1,0.42
3480.6,0.42
3482.1,0.42
3483.7,0.39
3485.1,0.45
3486.6,0.42
3488.1,0.42
3489.6,0.42
3491.1,0.42
3492.6,0.42
3494.2,0.39
3495.8,0.39
3497.5,0.37
3499.2,0.37
3500.8,0.39
3502.5,0.37
3504.2,0.37
3505.8,0.39
3507.5,0.37
3509.1,0.39
3510.9,0.35
3512.6,0.37
3514.3,0.37
3516.0,0.37
3517.7,0.37
3519.3,0.39
3520.9,0.39
3522.6,0.37
3524.2,0.39
3525.8,0.39
3527.5,0.37
3529.2,0.37
3531.0,0.35
3532.8,0.35
3534.5,0.37
3536.3,0.35
3538.1,0.35
3539.8,0.37
3541.6,0.35
3543.3,0.37
3545.1,0.35
3546.8,0.37
3548.5,0.37
3550.2,0.37
3551.9,0.37
3553.7,0.35
3555.4,0.37
3557.1,0.37
3558.8,0.37
3560.5,0.37
3562.2,0.37
3563.8,0.39
3565.5,0.37
3567.2,0.37
3568.8,0.39
3570.5,0.37
3572.2,0.37
3574.0,0.35
3575.7,0.37
3577.4,0.37
3579.2,0.35
3580.9,0.37
3582.7,0.35
3584.4,0.37
3586.1,0.37
3588.0,0.33
3589.8,0.35
3591.5,0.37
3593.2,0.37
3594.9,0.37
3596.6,0.37
3598.3,0.37
3600.0,0.37
3601.7,0.37
3603.3,0.39
3604.9,0.39
3606.6,0.37
3608.2,0.39
3609.9,0.37
3611.6,0.37
3613.4,0.35
3615.2,0.35
3617.0,0.35
3618.8,0.35
3620.7,0.33
3622.6,0.33
3624.5,0.33
3626.4,0.33
3628.3,0.33
3630.3,0.31
3632.3,0.31
3634.4,0.30
3636.3,0.33
3638.2,0.33
3640.1,0.33
3642.0,0.33
3643.8,0.35
3645.7,0.33
3647.5,0.35
3649.4,0.33
3651.3,0.33
3653.3,0.31
3655.2,0.33
3657.2,0.31
3659.1,0.33
3660.9,0.35
3662.6,0.37
3664.1,0.42
3665.5,0.45
3667.0,0.42
3668.5,0.42
3669.9,0.45
3671.3,0.45
3672.8,0.42
3674.2,0.45
3675.5,0.48
3676.9,0.45
3678.2,0.48
3679.5,0.48
3680.9,0.45
3682.3,0.45
3683.8,0.42
3685.3,0.42
3686.9,0.39
3688.4,0.42
3689.9,0.42
3691.4,0.42
3692.9,0.42
3694.4,0.42
3695.9,0.42
3697.3,0.45
3698.7,0.45
3700.1,0.45
3701.5,0.45
3702.9,0.45
3704.3,0.45
3705.6,0.48
3707.0,0.45
3708.3,0.48
3709.7,0.45
3711.0,0.48
3712.3,0.48
3713.7,0.45
3715.1,0.45
3716.5,0.45
3717.9,0.45
3719.3,0.45
3720.7,0.45
3722.0,0.48
3723.4,0.45
3724.8,0.45
3726.3,0.42
3727.7,0.45
3729.2,0.42
3730.6,0.45
3732.1,0.42
3733.5,0.45
3735.0,0.42
3736.4,0.45
3737.9,0.42
3739.3,0.45
3740.8,0.42
3742.3,0.42
3743.8,0.42
3745.3,0.42
3746.9,0.39
3748.4,0.42
3749.9,0.42
3751.4,0.42
3752.9,0.42
3754.4,0.42
3755.9,0.42
3757.4,0.42
3758.8,0.45
3760.4,0.39
3761.9,0.42
3763.4,0.42
3764.9,0.42
3766.4,0.42
3767.9,0.42
3769.3,0.45
3770.8,0.42
3772.2,0.45
3773.7,0.42
3775.2,0.42
3776.6,0.45
3778.2,0.39
3779.7,0.42
3781.3,0.39
3782.9,0.39
3784.4,0.42
3786.0,0.39
3787.6,0.39
3789.2,0.39
3790.7,0.42
3792.3,0.39
3793.8,0.42
3795.4,0.39
3797.0,0.39
3798.6,0.39
3800.2,0.39
3801.8,0.39
3803.3,0.42
3804.9,0.39
3806.4,0.42
3807.9,0.42
3809.4,0.42
3810.9,0.42
3812.4,0.42
3814.0,0.39
3815.5,0.42
3817.1,0.39
3818.6,0.42
3820.2,0.39
3821.8,0.39
3823.3,0.42
3824.8,0.42
3826.3,0.42
3827.9,0.39
3829.5,0.39
3831.1,0.39
3832.8,0.37
3834.5,0.37
3836.2,0.37
3837.9,0.37
3839.6,0.37
3841.3,0.37
3843.0,0.37
3844.8,0.35
3846.5,0.37
3848.3,0.35
3850.0,0.37
3851.7,0.37
3853.4,0.37
3855.0,0.39
3856.6,0.39
3858.2,0.39
3859.8,0.39
3861.3,0.42
3862.9,0.39
3864.5,0.39
3866.1,0.39
3867.7,0.39
3869.2,0.42
3870.9,0.37
3872.5,0.39
3874.2,0.37
3875.8,0.39
3877.5,0.37
3879.2,0.37
3880.9,0.37
3882.6,0.37
3884.2,0.39
3885.9,0.37
3887.5,0.39
3889.1,0.39
3890.7,0.39
3892.2,0.42
3893.9,0.37
3895.5,0.39
3897.1,0.39
3898.8,0.37
3900.5,0.37
3902.3,0.35
3904.0,0.37
3905.8,0.35
3907.5,0.37
3909.3,0.35
3911.1,0.35
3912.8,0.37
3914.6,0.35
3916.3,0.37
3918.1,0.35
3919.8,0.37
3921.5,0.37
3923.3,0.35
3925.1,0.35
3927.0,0.33
3928.9,0.33
3930.8,0.33
3932.5,0.37
3934.3,0.35
3936.0,0.37
3937.7,0.37
3939.4,0.37
3941.1,0.37
3942.8,0.37
3944.5,0.37
3946.3,0.35
3948.1,0.35
3950.0,0.33
3951.9,0.33
3953.8,0.33
3955.8,0.31
3957.6,0.35
3959.3,0.37
3961.1,0.35
3962.8,0.37
3964.6,0.35
3966.4,0.35
3968.3,0.33
3970.3,0.31
3972.3,0.31
3974.4,0.30
3976.5,0.30
3978.7,0.29
3980.9,0.29
3983.2,0.27
3985.5,0.27
3987.8,0.27
3990.1,0.27
3992.3,0.29
3994.6,0.27
3996.9,0.27
3999.1,0.29
4001.2,0.30
4003.2,0.31
4005.3,0.30
4007.5,0.29
4009.8,0.27
4012.1,0.27
4014.4,0.27
4016.7,0.27
4018.8,0.30
4020.9,0.30
4023.1,0.29
4025.3,0.29
4027.6,0.27
4029.9,0.27
4032.3,0.26
4034.6,0.27
4036.6,0.31
4038.6,0.31
4040.6,0.31
4042.7,0.30
4045.2,0.25
4047.6,0.26
4049.9,0.27
4052.2,0.27
4054.5,0.27
4056.8,0.27
4059.1,0.27
4061.4,0.27
4063.8,0.26
4066.2,0.26
4068.7,0.25
4071.2,0.25
4073.7,0.25
4076.2,0.25
4078.7,0.25
4081.1,0.26
4083.6,0.25
4086.0,0.26
4088.4,0.26
4091.1,0.23
4094.2,0.20
4097.3,0.20
4100.0,0.23
4102.9,0.22
4106.0,0.20
4109.1,0.20
4111.6,0.25
4114.1,0.25
4116.4,0.27
4118.5,0.30
4120.7,0.29
4122.8,0.30
4125.0,0.29
4127.3,0.27
4129.6,0.27
4131.8,0.29
4134.1,0.27
4136.5,0.26
4138.8,0.27
4141.2,0.26
4143.6,0.26
4145.8,0.29
4147.9,0.30
4150.1,0.29
4152.5,0.26
4154.9,0.26
4157.2,0.27
4159.4,0.29
4161.7,0.27
4164.2,0.25
4167.1,0.22
4170.1,0.21
4173.0,0.22
4175.8,0.22
4178.2,0.26
4180.6,0.26
4182.9,0.27
4184.9,0.31
4186.9,0.31
4188.8,0.33
4190.6,0.35
4192.4,0.35
4194.1,0.37
4195.8,0.37
4197.6,0.35
4199.2,0.39
4200.9,0.37
4202.5,0.39
4204.1,0.39
4205.8,0.37
4207.4,0.39
4209.1,0.37
4210.7,0.39
4212.4,0.37
4214.0,0.39
4215.6,0.39
4217.2,0.39
4218.7,0.42
4220.3,0.39
4222.0,0.37
4223.6,0.39
4225.2,0.39
4226.9,0.37
4228.6,0.37
4230.2,0.39
4231.9,0.37
4233.5,0.39
4235.1,0.39
4236.8,0.37
4238.5,0.37
4240.2,0.37
4241.9,0.37
4243.7,0.35
4245.4,0.37
4247.2,0.35
4249.0,0.35
4250.8,0.35
4252.6,0.35
4254.4,0.35
4256.1,0.37
4257.9,0.35
4259.6,0.37
4261.3,0.37
4263.0,0.37
4264.7,0.37
4266.3,0.39
4268.0,0.37
4269.6,0.39
4271.3,0.37
4272.9,0.39
4274.6,0.37
4276.1,0.42
4277.8,0.37
4279.4,0.39
4281.1,0.37
4282.8,0.37
4284.5,0.37
4286.2,0.37
4287.9,0.37
4289.6,0.37
4291.3,0.37
4293.0,0.37
4294.7,0.37
4296.4,0.37
4298.1,0.37
4299.8,0.37
4301.6,0.35
4303.4,0.35
4305.3,0.33
4307.1,0.35
4309.0,0.33
4310.9,0.33
4312.7,0.35
4314.6,0.33
4316.5,0.33
4318.4,0.33
4320.3,0.33
4322.2,0.33
4324.1,0.33
4326.0,0.33
4328.0,0.31
4330.0,0.31
4332.0,0.31
4333.9,0.33
4335.8,0.33
4337.7,0.33
4339.6,0.33
4341.4,0.35
4343.2,0.35
4345.0,0.35
4346.8,0.35
4348.5,0.37
4350.3,0.35
4352.1,0.35
4353.9,0.35
4355.7,0.35
4357.4,0.37
4359.2,0.35
4361.0,0.35
4362.8,0.35
4364.6,0.35
4366.3,0.37
4368.0,0.37
4369.7,0.37
4371.4,0.37
4373.0,0.39
4374.6,0.39
4376.2,0.39
4377.7,0.42
4379.2,0.42
4380.8,0.39
4382.3,0.42
4383.9,0.39
4385.4,0.42
4387.1,0.37
4388.7,0.39
4390.4,0.37
4392.1,0.37
4393.9,0.35
4395.7,0.35
4397.6,0.33
4399.6,0.31
4401.6,0.31
4403.8,0.29
4406.0,0.29
4408.3,0.27
4410.8,0.25
4413.4,0.24
4416.1,0.23
4419.0,0.22
0.0,0.00
