1.9,0.39
3.5,0.39
4.8,0.48
5.8,0.63
6.9,0.57
8.1,0.52
9.3,0.52
10.7,0.45
12.0,0.48
13.2,0.52
14.6,0.45
15.9,0.48
17.1,0.52
18.3,0.52
19.6,0.48
20.9,0.48
22.2,0.48
23.6,0.45
25.0,0.45
26.4,0.45
27.9,0.42
29.4,0.42
30.9,0.42
32.4,0.42
33.9,0.42
35.3,0.45
36.7,0.45
38.2,0.42
39.7,0.42
41.3,0.39
42.8,0.42
44.4,0.39
46.0,0.39
47.6,0.39
49.2,0.39
50.8,0.39
52.4,0.39
54.1,0.37
55.7,0.39
57.3,0.39
58.9,0.39
60.5,0.39
62.0,0.42
63.6,0.39
65.1,0.42
66.6,0.42
68.1,0.42
69.5,0.45
71.0,0.42
72.5,0.42
73.9,0.45
75.4,0.42
76.8,0.45
78.3,0.42
79.8,0.42
81.4,0.39
83.0,0.39
84.5,0.42
86.2,0.37
87.8,0.39
89.4,0.39
91.0,0.39
92.5,0.42
94.1,0.39
95.6,0.42
97.2,0.39
98.7,0.42
100.2,0.42
101.7,0.42
103.2,0.42
104.7,0.42
106.2,0.42
107.7,0.42
109.2,0.42
110.7,0.42
112.2,0.42
113.7,0.42
115.2,0.42
116.6,0.45
118.1,0.42
119.6,0.42
121.1,0.42
122.6,0.42
124.1,0.42
125.5,0.45
127.0,0.42
128.5,0.42
130.0,0.42
131.5,0.42
133.0,0.42
134.5,0.42
135.9,0.45
137.5,0.39
139.0,0.42
140.5,0.42
142.1,0.39
143.7,0.39
145.4,0.37
147.0,0.39
148.7,0.37
150.3,0.39
151.9,0.39
153.5,0.39
155.2,0.37
156.8,0.39
158.3,0.42
159.9,0.39
161.6,0.37
163.1,0.42
164.8,0.37
166.4,0.39
168.0,0.39
169.6,0.39
171.1,0.42
172.7,0.39
174.3,0.39
175.8,0.42
177.3,0.42
178.8,0.42
180.3,0.42
181.9,0.39
183.4,0.42
184.9,0.42
186.4,0.42
188.0,0.39
189.6,0.39
191.1,0.42
192.8,0.37
194.4,0.39
196.0,0.39
197.6,0.39
199.1,0.42
200.7,0.39
202.2,0.42
203.7,0.42
205.2,0.42
206.7,0.42
208.2,0.42
209.8,0.39
211.3,0.42
212.8,0.42
214.3,0.42
215.8,0.42
217.4,0.39
218.9,0.42
220.5,0.39
222.0,0.42
223.5,0.42
225.1,0.39
226.7,0.39
228.3,0.39
229.9,0.39
231.6,0.37
233.2,0.39
234.7,0.42
236.3,0.39
237.8,0.42
239.4,0.39
241.0,0.39
242.6,0.39
244.2,0.39
245.7,0.42
247.3,0.39
248.9,0.39
250.4,0.42
251.9,0.42
253.5,0.39
254.9,0.45
256.4,0.42
257.9,0.42
259.4,0.42
261.0,0.39
262.5,0.42
264.0,0.42
265.6,0.39
267.1,0.42
268.6,0.42
270.2,0.39
271.8,0.39
273.4,0.39
275.0,0.39
276.6,0.39
278.2,0.39
279.8,0.39
281.3,0.42
283.0,0.37
284.6,0.39
286.1,0.42
287.7,0.39
289.3,0.39
290.9,0.39
292.6,0.37
294.2,0.39
295.7,0.42
297.2,0.42
298.7,0.42
300.2,0.42
301.7,0.42
303.3,0.39
304.9,0.39
306.4,0.42
308.0,0.39
309.5,0.42
311.0,0.42
312.5,0.42
314.1,0.39
315.6,0.42
317.1,0.42
318.7,0.39
320.2,0.42
321.8,0.39
323.4,0.39
325.1,0.37
326.7,0.39
328.3,0.39
329.9,0.39
331.4,0.42
333.0,0.39
334.7,0.37
336.3,0.39
337.9,0.39
339.5,0.39
341.1,0.39
342.7,0.39
344.3,0.39
345.9,0.39
347.5,0.39
349.1,0.39
350.7,0.39
352.3,0.39
353.8,0.42
355.4,0.39
357.0,0.39
358.6,0.39
360.1,0.42
361.7,0.39
363.3,0.39
364.9,0.39
366.4,0.42
368.0,0.39
369.6,0.39
371.1,0.42
372.6,0.42
374.2,0.39
375.8,0.39
377.3,0.42
378.9,0.39
380.6,0.37
382.2,0.39
383.9,0.37
385.6,0.37
387.2,0.39
388.9,0.37
390.5,0.39
392.1,0.39
393.6,0.42
395.2,0.39
396.8,0.39
398.4,0.39
400.0,0.39
401.6,0.39
403.2,0.39
404.7,0.42
406.4,0.37
407.9,0.42
409.6,0.37
411.1,0.42
412.7,0.39
414.2,0.42
415.8,0.39
417.4,0.39
419.1,0.37
420.7,0.39
422.2,0.42
423.8,0.39
425.4,0.39
426.9,0.42
428.5,0.39
430.0,0.42
431.6,0.39
433.2,0.39
434.8,0.39
436.4,0.39
438.0,0.39
439.6,0.39
441.2,0.39
442.9,0.37
444.4,0.42
446.0,0.39
447.6,0.39
449.2,0.39
450.8,0.39
452.4,0.39
453.9,0.42
455.4,0.42
457.0,0.39
458.6,0.39
460.2,0.39
461.8,0.39
463.4,0.39
465.1,0.37
466.7,0.39
468.4,0.37
470.1,0.37
471.8,0.37
473.4,0.39
475.1,0.37
476.7,0.39
478.4,0.37
480.0,0.39
481.7,0.37
483.4,0.37
485.1,0.37
486.7,0.39
488.3,0.39
489.9,0.39
491.5,0.39
493.1,0.39
494.7,0.39
496.3,0.39
497.9,0.39
499.6,0.37
501.3,0.37
503.0,0.37
504.6,0.39
506.2,0.39
507.9,0.37
509.6,0.37
511.2,0.39
512.8,0.39
514.5,0.37
516.1,0.39
517.8,0.37
519.4,0.39
521.1,0.37
522.8,0.37
524.4,0.39
526.1,0.37
527.7,0.39
529.3,0.39
530.9,0.39
532.6,0.37
534.2,0.39
535.8,0.39
537.5,0.37
539.2,0.37
540.9,0.37
542.6,0.37
544.2,0.39
545.8,0.39
547.4,0.39
548.9,0.42
550.5,0.39
552.1,0.39
553.7,0.39
555.2,0.42
556.8,0.39
558.4,0.39
560.0,0.39
561.7,0.37
563.3,0.39
564.9,0.39
566.5,0.39
568.2,0.37
569.8,0.39
571.4,0.39
573.0,0.39
574.5,0.42
576.1,0.39
577.8,0.37
579.5,0.37
581.1,0.39
582.8,0.37
584.4,0.39
586.1,0.37
587.7,0.39
589.3,0.39
591.0,0.37
592.6,0.39
594.2,0.39
595.8,0.39
597.4,0.39
599.0,0.39
600.6,0.39
602.3,0.37
603.9,0.39
605.5,0.39
607.1,0.39
608.7,0.39
610.4,0.37
612.0,0.39
613.7,0.37
615.4,0.37
617.1,0.37
618.7,0.39
620.4,0.37
622.0,0.39
623.8,0.35
625.5,0.37
627.2,0.37
628.9,0.37
630.6,0.37
632.3,0.37
634.1,0.35
635.9,0.35
637.7,0.35
639.5,0.35
641.2,0.37
642.9,0.37
644.6,0.37
646.3,0.37
647.9,0.39
649.6,0.37
651.2,0.39
652.8,0.39
654.5,0.37
656.1,0.39
657.8,0.37
659.6,0.35
661.3,0.37
663.0,0.37
664.8,0.35
666.5,0.37
668.1,0.39
669.9,0.35
671.6,0.37
673.3,0.37
675.0,0.37
676.7,0.37
678.4,0.37
680.1,0.37
681.8,0.37
683.5,0.37
685.2,0.37
686.9,0.37
688.6,0.37
690.3,0.37
692.0,0.37
693.7,0.37
695.4,0.37
697.0,0.39
698.6,0.39
700.3,0.37
702.0,0.37
703.7,0.37
705.4,0.37
707.1,0.37
708.8,0.37
710.5,0.37
712.2,0.37
713.9,0.37
715.5,0.39
717.2,0.37
718.9,0.37
720.5,0.39
722.3,0.35
724.0,0.37
725.8,0.35
727.5,0.37
729.2,0.37
730.9,0.37
732.6,0.37
734.3,0.37
736.0,0.37
737.7,0.37
739.3,0.39
740.9,0.39
742.4,0.42
743.9,0.42
745.5,0.39
747.0,0.42
748.6,0.39
750.1,0.42
751.7,0.39
753.3,0.39
754.9,0.39
756.4,0.42
758.0,0.39
759.5,0.42
761.1,0.39
762.6,0.42
764.2,0.39
765.8,0.39
767.3,0.42
768.9,0.39
770.5,0.39
772.1,0.39
773.6,0.42
775.1,0.42
776.6,0.42
778.1,0.42
779.7,0.39
781.2,0.42
782.7,0.42
784.3,0.39
785.8,0.42
787.4,0.39
789.0,0.39
790.6,0.39
792.2,0.39
793.8,0.39
795.4,0.39
797.0,0.39
798.6,0.39
800.1,0.42
801.6,0.42
803.1,0.42
804.6,0.42
806.2,0.39
807.8,0.39
809.4,0.39
811.0,0.39
812.7,0.37
814.3,0.39
816.0,0.37
817.8,0.35
819.5,0.37
821.2,0.37
822.9,0.37
824.5,0.39
826.2,0.37
828.0,0.35
829.8,0.35
831.5,0.37
833.3,0.35
835.0,0.37
836.7,0.37
838.5,0.35
840.2,0.37
842.0,0.35
843.8,0.35
845.7,0.33
847.5,0.35
849.4,0.33
851.1,0.37
852.9,0.35
854.6,0.37
856.4,0.35
858.1,0.37
859.9,0.35
861.6,0.37
863.4,0.35
865.2,0.35
867.0,0.35
868.8,0.35
870.7,0.33
872.6,0.33
874.5,0.33
876.3,0.35
878.2,0.33
880.0,0.35
881.8,0.35
883.7,0.33
885.6,0.33
887.5,0.33
889.5,0.31
891.4,0.33
893.4,0.31
895.2,0.35
897.1,0.33
898.9,0.35
900.7,0.35
902.5,0.35
904.3,0.35
906.1,0.35
907.9,0.35
909.7,0.35
911.4,0.37
913.2,0.35
915.0,0.35
916.9,0.33
918.8,0.33
920.7,0.33
922.5,0.35
924.3,0.35
926.1,0.35
927.8,0.37
929.6,0.35
931.4,0.35
933.2,0.35
934.9,0.37
936.7,0.35
938.5,0.35
940.4,0.33
942.2,0.35
944.0,0.35
945.9,0.33
947.7,0.35
949.5,0.35
951.3,0.35
953.2,0.33
955.0,0.35
956.9,0.33
958.7,0.35
960.6,0.33
962.5,0.33
964.3,0.35
966.1,0.35
967.8,0.37
969.7,0.33
971.5,0.35
973.5,0.31
975.4,0.33
977.4,0.31
979.3,0.33
981.2,0.33
983.0,0.35
985.0,0.31
986.9,0.33
988.9,0.31
990.8,0.33
992.6,0.35
994.4,0.35
996.3,0.33
998.2,0.33
1000.1,0.33
1002.0,0.33
1003.9,0.33
1005.8,0.33
1007.6,0.35
1009.5,0.33
1011.5,0.31
1013.4,0.33
1015.4,0.31
1017.2,0.35
1019.1,0.33
1020.9,0.35
1022.8,0.33
1024.7,0.33
1026.5,0.35
1028.4,0.33
1030.2,0.35
1032.1,0.33
1033.9,0.35
1035.8,0.33
1037.8,0.31
1039.6,0.35
1041.5,0.33
1043.3,0.35
1045.2,0.33
1047.0,0.35
1048.9,0.33
1050.8,0.33
1052.6,0.35
1054.5,0.33
1056.2,0.37
1058.0,0.35
1059.8,0.35
1061.7,0.33
1063.5,0.35
1065.4,0.33
1067.3,0.33
1069.3,0.31
1071.3,0.31
1073.3,0.31
1075.2,0.33
1077.1,0.33
1079.0,0.33
1080.8,0.35
1082.8,0.31
1084.7,0.33
1086.7,0.31
1088.8,0.30
1090.8,0.31
1092.7,0.33
1094.6,0.33
1096.4,0.35
1098.1,0.37
1099.9,0.35
1101.7,0.35
1103.5,0.35
1105.3,0.35
1107.2,0.33
1109.1,0.33
1111.0,0.33
1113.0,0.31
1115.0,0.31
1117.0,0.31
1118.9,0.33
1120.7,0.35
1122.6,0.33
1124.5,0.33
1126.5,0.31
1128.5,0.31
1130.4,0.33
1132.4,0.31
1134.4,0.31
1136.3,0.33
1138.3,0.31
1140.2,0.33
1142.0,0.35
1143.9,0.33
1145.7,0.35
1147.7,0.31
1149.7,0.31
1151.7,0.31
1153.6,0.33
1155.5,0.33
1157.3,0.35
1159.2,0.33
1161.2,0.31
1163.1,0.33
1165.0,0.33
1166.9,0.33
1168.8,0.33
1170.8,0.31
1172.8,0.31
1174.8,0.31
1176.7,0.33
1178.6,0.33
1180.5,0.33
1182.3,0.35
1184.2,0.33
1186.1,0.33
1188.0,0.33
1190.0,0.31
1192.1,0.30
1194.2,0.30
1196.3,0.30
1198.4,0.30
1200.5,0.30
1202.8,0.27
1205.0,0.29
1207.0,0.31
1209.1,0.30
1211.2,0.30
1213.3,0.30
1215.3,0.31
1217.3,0.31
1219.4,0.30
1221.4,0.31
1223.5,0.30
1225.5,0.31
1227.5,0.31
1229.5,0.31
1231.4,0.33
1233.4,0.31
1235.4,0.31
1237.3,0.33
1239.3,0.31
1241.3,0.31
1243.3,0.31
1245.4,0.30
1247.5,0.30
1249.5,0.31
1251.5,0.31
1253.5,0.31
1255.4,0.33
1257.3,0.33
1259.1,0.35
1261.0,0.33
1262.9,0.33
1264.9,0.31
1266.8,0.33
1268.8,0.31
1270.8,0.31
1272.8,0.31
1274.9,0.30
1276.9,0.31
1278.8,0.33
1280.8,0.31
1282.7,0.33
1284.6,0.33
1286.5,0.33
1288.5,0.31
1290.7,0.29
1292.8,0.30
1294.9,0.30
1297.0,0.30
1299.0,0.31
1301.1,0.30
1303.2,0.30
1305.3,0.30
1307.4,0.30
1309.5,0.30
1311.6,0.30
1313.6,0.31
1315.7,0.30
1317.7,0.31
1319.8,0.30
1321.9,0.30
1323.9,0.31
1325.9,0.31
1328.0,0.30
1330.2,0.29
1332.3,0.30
1334.3,0.31
1336.3,0.31
1338.3,0.31
1340.3,0.31
1342.3,0.31
1344.4,0.30
1346.5,0.30
1348.6,0.30
1350.5,0.33
1352.4,0.33
1354.3,0.33
1356.4,0.30
1358.5,0.30
1360.4,0.33
1362.4,0.31
1364.5,0.30
1366.5,0.31
1368.5,0.31
1370.4,0.33
1372.2,0.35
1374.0,0.35
1375.8,0.35
1377.6,0.35
1379.4,0.35
1381.3,0.33
1383.2,0.33
1385.2,0.31
1387.3,0.30
1389.3,0.31
1391.1,0.35
1393.0,0.33
1394.9,0.33
1396.7,0.35
1398.5,0.35
1400.4,0.33
1402.2,0.35
1404.1,0.33
1405.9,0.35
1407.7,0.35
1409.5,0.35
1411.3,0.35
1413.0,0.37
1414.8,0.35
1416.6,0.35
1418.3,0.37
1420.1,0.35
1421.9,0.35
1423.7,0.35
1425.5,0.35
1427.2,0.37
1429.0,0.35
1430.8,0.35
1432.6,0.35
1434.4,0.35
1436.2,0.35
1438.0,0.35
1439.8,0.35
1441.6,0.35
1443.4,0.35
1445.2,0.35
1447.0,0.35
1448.7,0.37
1450.5,0.35
1452.2,0.37
1454.0,0.35
1455.8,0.35
1457.5,0.37
1459.3,0.35
1461.2,0.33
1463.2,0.31
1465.1,0.33
1467.1,0.31
1469.2,0.30
1471.2,0.31
1473.2,0.31
1475.2,0.31
1477.2,0.31
1479.2,0.31
1481.3,0.30
1483.4,0.30
1485.5,0.30
1487.7,0.29
1489.8,0.30
1492.0,0.29
1494.0,0.31
1496.1,0.30
1498.1,0.31
1500.1,0.31
1502.2,0.30
1504.3,0.30
1506.4,0.30
1508.6,0.29
1510.8,0.29
1512.9,0.30
1515.0,0.30
1517.0,0.31
1519.1,0.30
1521.1,0.31
1523.3,0.29
1525.5,0.29
1527.7,0.29
1530.0,0.27
1532.2,0.29
1534.3,0.30
1536.4,0.30
1538.5,0.30
1540.6,0.30
1542.6,0.31
1544.7,0.30
1546.8,0.30
1549.0,0.29
1551.2,0.29
1553.2,0.31
1555.3,0.30
1557.3,0.31
1559.3,0.31
1561.3,0.31
1563.3,0.31
1565.4,0.30
1567.5,0.30
1569.5,0.31
1571.7,0.29
1573.8,0.30
1575.9,0.30
1578.1,0.29
1580.2,0.30
1582.3,0.30
1584.5,0.29
1586.6,0.30
1588.7,0.30
1590.9,0.29
1593.1,0.29
1595.2,0.30
1597.2,0.31
1599.4,0.29
1601.5,0.30
1603.7,0.29
1605.8,0.30
1608.0,0.29
1610.1,0.30
1612.2,0.30
1614.4,0.29
1616.5,0.30
1618.7,0.29
1620.8,0.30
1622.9,0.30
1625.0,0.30
1627.1,0.30
1629.3,0.29
1631.6,0.27
1633.9,0.27
1636.1,0.29
1638.3,0.29
1640.4,0.30
1642.5,0.30
1644.6,0.30
1646.7,0.30
1648.8,0.30
1651.0,0.29
1653.0,0.31
1655.0,0.31
1657.0,0.31
1659.1,0.30
1661.2,0.30
1663.3,0.30
1665.5,0.29
1667.6,0.30
1669.7,0.30
1671.8,0.30
1674.0,0.29
1676.1,0.30
1678.2,0.30
1680.3,0.30
1682.5,0.29
1684.6,0.30
1686.8,0.29
1688.9,0.30
1691.0,0.30
1693.2,0.29
1695.3,0.30
1697.3,0.31
1699.5,0.29
1701.6,0.30
1703.7,0.30
1705.7,0.31
1707.7,0.31
1709.8,0.30
1712.0,0.29
1714.2,0.29
1716.3,0.30
1718.5,0.29
1720.7,0.29
1722.9,0.29
1725.1,0.29
1727.5,0.26
1729.8,0.27
1732.0,0.29
1734.2,0.29
1736.3,0.30
1738.6,0.27
1740.9,0.27
1743.1,0.29
1745.3,0.29
1747.4,0.30
1749.5,0.30
1751.7,0.29
1753.8,0.30
1755.9,0.30
1758.0,0.30
1760.0,0.31
1762.1,0.30
1764.1,0.31
1766.2,0.30
1768.2,0.31
1770.2,0.31
1772.2,0.31
1774.2,0.31
1776.2,0.31
1778.2,0.31
1780.5,0.27
1782.6,0.30
1784.8,0.29
1787.0,0.29
1789.3,0.27
1791.5,0.29
1793.7,0.29
1795.8,0.30
1798.1,0.27
1800.4,0.27
1802.7,0.27
1805.0,0.27
1807.3,0.27
1809.5,0.29
1811.8,0.27
1814.2,0.26
1816.5,0.27
1818.8,0.27
1821.0,0.29
1823.0,0.31
1825.1,0.30
1827.2,0.30
1829.3,0.30
1831.4,0.30
1833.5,0.30
1835.4,0.33
1837.4,0.31
1839.4,0.31
1841.4,0.31
1843.5,0.30
1845.7,0.29
1847.9,0.29
1850.0,0.30
1852.1,0.30
1854.2,0.30
1856.3,0.30
1858.5,0.29
1860.5,0.31
1862.6,0.30
1864.7,0.30
1866.7,0.31
1868.9,0.29
1871.1,0.29
1873.3,0.29
1875.4,0.30
1877.6,0.29
1879.7,0.30
1881.9,0.29
1884.0,0.30
1886.0,0.31
1888.0,0.31
1890.0,0.31
1892.2,0.29
1894.2,0.31
1896.4,0.29
1898.6,0.29
1900.8,0.29
1903.0,0.29
1905.1,0.30
1907.3,0.29
1909.4,0.30
1911.5,0.30
1913.6,0.30
1915.7,0.30
1917.9,0.29
1920.1,0.29
1922.2,0.30
1924.4,0.29
1926.5,0.30
1928.7,0.29
1930.9,0.29
1933.1,0.29
1935.3,0.29
1937.4,0.30
1939.6,0.29
1941.8,0.29
1943.8,0.31
1945.9,0.30
1947.9,0.31
1950.0,0.30
1952.0,0.31
1954.1,0.30
1956.1,0.31
1958.2,0.30
1960.5,0.27
1962.8,0.27
1965.0,0.29
1967.1,0.30
1969.2,0.30
1971.3,0.30
1973.3,0.31
1975.5,0.29
1977.6,0.30
1979.6,0.31
1981.7,0.30
1983.9,0.29
1986.0,0.30
1988.1,0.30
1990.1,0.31
1992.1,0.31
1994.1,0.31
1996.1,0.31
1998.2,0.30
2000.3,0.30
2002.4,0.30
2004.5,0.30
2006.6,0.30
2008.7,0.30
2010.9,0.29
2013.0,0.30
2015.2,0.29
2017.4,0.29
2019.6,0.29
2021.7,0.30
2023.9,0.29
2026.1,0.29
2028.3,0.29
2030.6,0.27
2032.8,0.29
2034.9,0.30
2037.0,0.30
2039.1,0.30
2041.3,0.29
2043.4,0.30
2045.7,0.27
2047.9,0.29
2050.2,0.27
2052.4,0.29
2054.6,0.29
2056.6,0.31
2058.6,0.31
2060.7,0.30
2062.7,0.31
2064.8,0.30
2066.9,0.30
2069.1,0.29
2071.3,0.29
2073.6,0.27
2075.7,0.30
2077.5,0.35
2079.4,0.33
2081.1,0.37
2082.9,0.35
2084.7,0.35
2086.5,0.35
2088.3,0.35
2090.1,0.35
2091.9,0.35
2093.7,0.35
2095.6,0.33
2097.4,0.35
2099.2,0.35
2101.0,0.35
2102.8,0.35
2104.7,0.33
2106.2,0.42
2107.7,0.42
2109.5,0.35
2111.3,0.35
2113.2,0.33
2115.1,0.33
2116.9,0.35
2118.8,0.33
2120.7,0.33
2122.7,0.31
2124.9,0.29
2127.1,0.29
2129.3,0.29
2131.5,0.29
2133.6,0.30
2135.8,0.29
2138.0,0.29
2140.2,0.29
2142.6,0.26
2144.9,0.27
2147.1,0.29
2149.3,0.29
2151.4,0.30
2153.5,0.30
2155.7,0.29
2157.9,0.29
2160.2,0.27
2162.4,0.29
2164.6,0.29
2166.8,0.29
2169.0,0.29
2171.2,0.29
2173.4,0.29
2175.6,0.29
2177.8,0.29
2179.9,0.30
2182.0,0.30
2184.2,0.29
2186.5,0.27
2188.7,0.29
2190.9,0.29
2192.9,0.31
2194.9,0.31
2196.9,0.31
2199.0,0.30
2201.1,0.30
2203.4,0.27
2205.5,0.30
2207.8,0.27
2210.0,0.29
2212.2,0.29
2214.5,0.27
2216.7,0.29
2219.0,0.27
2221.3,0.27
2223.5,0.29
2225.7,0.29
2228.0,0.27
2230.3,0.27
2232.5,0.29
2234.7,0.29
2237.0,0.27
2239.4,0.26
2241.6,0.29
2243.7,0.30
2245.8,0.30
2247.9,0.30
2250.1,0.29
2252.3,0.29
2254.4,0.30
2256.6,0.29
2258.6,0.31
2260.7,0.30
2262.8,0.30
2264.9,0.30
2267.0,0.30
2269.2,0.29
2271.4,0.29
2273.6,0.29
2275.7,0.30
2277.9,0.29
2280.1,0.29
2282.2,0.30
2284.3,0.30
2286.4,0.30
2288.5,0.30
2290.7,0.29
2292.8,0.30
2294.9,0.30
2297.1,0.29
2299.4,0.27
2301.7,0.27
2303.8,0.30
2305.9,0.30
2307.9,0.31
2309.9,0.31
2311.9,0.31
2313.9,0.31
2316.0,0.30
2318.0,0.31
2320.0,0.31
2322.0,0.31
2324.0,0.31
2326.1,0.30
2328.1,0.31
2330.2,0.30
2332.4,0.29
2334.6,0.29
2336.7,0.30
2338.8,0.30
2340.8,0.31
2342.8,0.31
2344.7,0.33
2346.7,0.31
2348.7,0.31
2350.7,0.31
2352.8,0.30
2355.0,0.29
2357.2,0.29
2359.4,0.29
2361.6,0.29
2363.7,0.30
2365.7,0.31
2367.7,0.31
2369.8,0.30
2371.9,0.30
2373.9,0.31
2376.0,0.30
2378.2,0.29
2380.3,0.30
2382.4,0.30
2384.4,0.31
2386.5,0.30
2388.7,0.29
2390.9,0.29
2393.1,0.29
2395.2,0.30
2397.3,0.30
2399.4,0.30
2401.5,0.30
2403.6,0.30
2405.9,0.27
2408.3,0.26
2410.6,0.27
2412.9,0.27
2415.3,0.26
2417.6,0.27
2419.8,0.29
2422.0,0.29
2424.2,0.29
2426.5,0.27
2428.7,0.29
2431.0,0.27
2433.2,0.29
2435.2,0.31
2437.3,0.30
2439.5,0.29
2441.5,0.31
2443.7,0.29
2445.9,0.29
2447.9,0.31
2449.8,0.33
2451.6,0.35
2453.4,0.35
2455.2,0.35
2457.1,0.33
2458.8,0.37
2460.7,0.33
2462.6,0.33
2464.6,0.31
2466.8,0.29
2468.8,0.31
2470.9,0.30
2473.0,0.30
2475.2,0.29
2477.4,0.29
2479.7,0.27
2481.9,0.29
2484.2,0.27
2486.4,0.29
2488.7,0.27
2490.8,0.30
2493.0,0.29
2495.1,0.30
2497.2,0.30
2499.5,0.27
2501.6,0.30
2503.8,0.29
2505.9,0.30
2508.1,0.29
2510.2,0.30
2512.3,0.30
2514.6,0.27
2516.7,0.30
2518.8,0.30
2521.0,0.29
2523.2,0.29
2525.4,0.29
2527.6,0.29
2529.8,0.29
2532.0,0.29
2534.2,0.29
2536.4,0.29
2538.6,0.29
2540.8,0.29
2542.9,0.30
2545.0,0.30
2547.2,0.29
2549.5,0.27
2551.7,0.29
2553.9,0.29
2556.0,0.30
2558.1,0.30
2560.2,0.30
2562.3,0.30
2564.5,0.29
2566.6,0.30
2568.8,0.29
2570.9,0.30
2573.3,0.26
2575.6,0.27
2577.8,0.29
2579.9,0.30
2582.1,0.29
2584.2,0.30
2586.4,0.29
2588.7,0.27
2591.0,0.27
2593.3,0.27
2595.6,0.27
2597.8,0.29
2600.2,0.26
2602.5,0.27
2604.8,0.27
2607.0,0.29
2609.2,0.29
2611.2,0.31
2613.3,0.30
2615.3,0.31
2617.4,0.30
2619.6,0.29
2621.8,0.29
2624.1,0.27
2626.4,0.27
2628.7,0.27
2631.0,0.27
2633.2,0.29
2635.5,0.27
2637.8,0.27
2640.2,0.26
2642.5,0.27
2644.8,0.27
2647.1,0.27
2649.4,0.27
2651.7,0.27
2653.9,0.29
2656.2,0.27
2658.5,0.27
2660.6,0.30
2662.7,0.30
2664.8,0.30
2666.9,0.30
2669.1,0.29
2671.4,0.27
2673.7,0.27
2676.0,0.27
2678.2,0.29
2680.3,0.30
2682.4,0.30
2684.5,0.30
2686.6,0.30
2688.7,0.30
2690.8,0.30
2693.0,0.29
2695.1,0.30
2697.1,0.31
2699.3,0.29
2701.5,0.29
2703.7,0.29
2706.1,0.26
2708.4,0.27
2710.7,0.27
2712.8,0.30
2714.9,0.30
2717.0,0.30
2719.0,0.31
2721.0,0.31
2722.9,0.33
2724.8,0.33
2726.9,0.30
2728.9,0.31
2730.7,0.35
2732.2,0.42
2733.7,0.42
2735.4,0.37
2737.3,0.33
2739.4,0.30
2741.4,0.31
2743.5,0.30
2745.7,0.29
2748.1,0.26
2750.3,0.29
2752.4,0.30
2754.4,0.31
2756.4,0.31
2758.3,0.33
2760.3,0.31
2762.5,0.29
2764.8,0.27
2767.1,0.27
2769.4,0.27
2771.6,0.29
2773.7,0.30
2775.7,0.31
2777.8,0.30
2779.8,0.31
2781.9,0.30
2784.2,0.27
2786.4,0.29
2788.7,0.27
2791.0,0.27
2793.2,0.29
2795.4,0.29
2797.6,0.29
2799.7,0.30
2801.9,0.29
2804.2,0.27
2806.4,0.29
2808.5,0.30
2810.7,0.29
2812.8,0.30
2814.9,0.30
2817.1,0.29
2819.3,0.29
2821.5,0.29
2823.6,0.30
2825.7,0.30
2827.8,0.30
2830.0,0.29
2832.2,0.29
2834.3,0.30
2836.4,0.30
2838.5,0.30
2840.6,0.30
2842.8,0.29
2845.0,0.29
2847.3,0.27
2849.6,0.27
2851.9,0.27
2854.1,0.29
2856.2,0.30
2858.4,0.29
2860.7,0.27
2862.9,0.29
2865.2,0.27
2867.4,0.29
2869.6,0.29
2871.7,0.30
2873.8,0.30
2875.9,0.30
2878.0,0.30
2880.1,0.30
2882.2,0.30
2884.3,0.30
2886.5,0.29
2888.7,0.29
2890.9,0.29
2893.0,0.30
2895.2,0.29
2897.3,0.30
2899.4,0.30
2901.5,0.30
2903.8,0.27
2906.1,0.27
2908.6,0.25
2910.9,0.27
2913.2,0.27
2915.4,0.29
2917.5,0.30
2919.7,0.29
2921.9,0.29
2924.0,0.30
2926.0,0.31
2928.1,0.30
2930.1,0.31
2932.2,0.30
2934.2,0.31
2936.3,0.30
2938.3,0.31
2940.5,0.29
2942.8,0.27
2945.1,0.27
2947.3,0.29
2949.5,0.29
2951.7,0.29
2953.9,0.29
2956.1,0.29
2958.2,0.30
2960.3,0.30
2962.5,0.29
2964.7,0.29
2967.0,0.27
2969.3,0.27
2971.5,0.29
2973.7,0.29
2975.8,0.30
2978.0,0.29
2980.3,0.27
2982.4,0.30
2984.5,0.30
2986.8,0.27
2989.1,0.27
2991.3,0.29
2993.4,0.30
2995.6,0.29
2997.7,0.30
3000.0,0.27
3002.2,0.29
3004.2,0.31
3006.3,0.30
3008.4,0.30
3010.6,0.29
3012.7,0.30
3014.8,0.30
3016.9,0.30
3018.9,0.31
3021.0,0.30
3023.1,0.30
3025.2,0.30
3027.4,0.29
3029.6,0.29
3031.7,0.30
3033.9,0.29
3036.0,0.30
3038.1,0.30
3040.2,0.30
3042.4,0.29
3044.7,0.27
3047.0,0.27
3049.2,0.29
3051.4,0.29
3053.5,0.30
3055.6,0.30
3057.6,0.31
3059.8,0.29
3061.9,0.30
3064.1,0.29
3066.1,0.31
3068.3,0.29
3070.3,0.31
3072.5,0.29
3074.7,0.29
3077.0,0.27
3079.3,0.27
3081.5,0.29
3083.6,0.30
3085.8,0.29
3088.0,0.29
3090.2,0.29
3092.3,0.30
3094.6,0.27
3096.9,0.27
3099.2,0.27
3101.6,0.26
3103.9,0.27
3106.2,0.27
3108.6,0.26
3110.8,0.29
3113.1,0.27
3115.4,0.27
3117.7,0.27
3119.9,0.29
3122.1,0.29
3124.3,0.29
3126.5,0.29
3128.5,0.31
3130.6,0.30
3132.7,0.30
3134.8,0.30
3136.9,0.30
3139.2,0.27
3141.5,0.27
3143.8,0.27
3146.0,0.29
3148.3,0.27
3150.6,0.27
3152.8,0.29
3155.0,0.29
3157.2,0.29
3159.4,0.29
3161.6,0.29
3163.9,0.27
3166.1,0.29
3168.4,0.27
3170.8,0.26
3173.2,0.26
3175.7,0.25
3178.1,0.26
3180.5,0.26
3182.9,0.26
3185.1,0.29
3187.2,0.30
3189.4,0.29
3191.4,0.31
3193.6,0.29
3195.8,0.29
3198.0,0.29
3200.3,0.27
3202.7,0.26
3205.1,0.26
3207.4,0.27
3209.6,0.29
3211.8,0.29
3213.9,0.30
3216.2,0.27
3218.4,0.29
3220.6,0.29
3222.7,0.30
3224.9,0.29
3227.1,0.29
3229.3,0.29
3231.4,0.30
3233.5,0.30
3235.6,0.30
3237.8,0.29
3239.9,0.30
3242.0,0.30
3244.1,0.30
3246.2,0.30
3248.4,0.29
3250.6,0.29
3252.8,0.29
3254.9,0.30
3257.2,0.27
3259.5,0.27
3261.8,0.27
3264.0,0.29
3266.2,0.29
3268.4,0.29
3270.5,0.30
3272.6,0.30
3274.7,0.30
3276.7,0.31
3278.8,0.30
3280.9,0.30
3283.2,0.27
3285.4,0.29
3287.7,0.27
3289.9,0.29
3292.2,0.27
3294.4,0.29
3296.6,0.29
3298.7,0.30
3300.9,0.29
3303.2,0.27
3305.6,0.26
3308.0,0.26
3310.3,0.27
3312.6,0.27
3314.8,0.29
3317.0,0.29
3319.2,0.29
3321.5,0.27
3323.8,0.27
3326.2,0.26
3328.5,0.27
3330.9,0.26
3333.2,0.27
3335.4,0.29
3337.7,0.27
3339.8,0.30
3342.0,0.29
3344.1,0.30
3346.3,0.29
3348.5,0.29
3350.9,0.26
3353.2,0.27
3355.4,0.29
3357.5,0.30
3359.7,0.29
3361.8,0.30
3363.9,0.30
3366.0,0.30
3368.1,0.30
3370.1,0.31
3372.0,0.33
3373.9,0.33
3375.8,0.33
3377.6,0.35
3379.7,0.30
3381.5,0.35
3383.3,0.35
3384.9,0.39
3386.7,0.35
3388.4,0.37
3390.1,0.37
3391.8,0.37
3393.5,0.37
3395.2,0.37
3396.9,0.37
3398.8,0.33
3400.8,0.31
3402.8,0.31
3404.9,0.30
3407.0,0.30
3409.1,0.30
3411.2,0.30
3413.3,0.30
3415.3,0.31
3417.3,0.31
3419.4,0.30
3421.6,0.29
3423.7,0.30
3426.0,0.27
3428.3,0.27
3430.4,0.30
3432.5,0.30
3434.6,0.30
3436.7,0.30
3438.8,0.30
3440.8,0.31
3442.9,0.30
3445.0,0.30
3447.2,0.29
3449.4,0.29
3451.6,0.29
3453.8,0.29
3456.0,0.29
3458.1,0.30
3460.3,0.29
3462.5,0.29
3464.7,0.29
3466.9,0.29
3469.0,0.30
3471.1,0.30
3473.3,0.29
3475.5,0.29
3477.5,0.31
3479.6,0.30
3481.6,0.31
3483.7,0.30
3485.8,0.30
3487.9,0.30
3489.9,0.31
3491.9,0.31
3494.0,0.30
3496.0,0.31
3498.0,0.31
3499.8,0.35
3501.7,0.33
3503.6,0.33
3505.5,0.33
3507.5,0.31
3509.4,0.33
3511.4,0.31
3513.6,0.29
3515.7,0.30
3517.8,0.30
3519.8,0.31
3521.9,0.30
3524.0,0.30
3526.2,0.29
3528.2,0.31
3530.3,0.30
3532.4,0.30
3534.5,0.30
3536.6,0.30
3538.8,0.29
3540.9,0.30
3543.1,0.29
3545.2,0.30
3547.3,0.30
3549.5,0.29
3551.7,0.29
3553.9,0.29
3556.0,0.30
3558.0,0.31
3560.0,0.31
3562.1,0.30
3564.2,0.30
3566.3,0.30
3568.4,0.30
3570.4,0.31
3572.4,0.31
3574.4,0.31
3576.3,0.33
3578.4,0.30
3580.5,0.30
3582.6,0.30
3584.7,0.30
3586.7,0.31
3588.7,0.31
3590.7,0.31
3592.7,0.31
3594.7,0.31
3596.6,0.33
3598.7,0.30
3600.8,0.30
3602.8,0.31
3604.8,0.31
3606.6,0.35
3608.5,0.33
3610.5,0.31
3612.4,0.33
3614.3,0.33
3616.3,0.31
3618.3,0.31
3620.5,0.29
3622.7,0.29
3624.8,0.30
3626.8,0.31
3628.9,0.30
3630.9,0.31
3632.8,0.33
3634.9,0.30
3637.0,0.30
3639.2,0.29
3641.3,0.30
3643.5,0.29
3645.7,0.29
3647.8,0.30
3650.0,0.29
3652.1,0.30
3654.2,0.30
3656.2,0.31
3658.2,0.31
3660.2,0.31
3662.2,0.31
3664.4,0.29
3666.7,0.27
3669.0,0.27
3671.4,0.26
3673.5,0.30
3675.6,0.30
3677.5,0.33
3679.5,0.31
3681.5,0.31
3683.5,0.31
3685.6,0.30
3687.7,0.30
3689.9,0.29
3692.0,0.30
3694.1,0.30
3696.3,0.29
3698.4,0.30
3700.6,0.29
3702.7,0.30
3704.7,0.31
3706.8,0.30
3708.9,0.30
3710.9,0.31
3712.9,0.31
3714.9,0.31
3717.0,0.30
3719.1,0.30
3721.2,0.30
3723.3,0.30
3725.3,0.31
3727.5,0.29
3729.6,0.30
3731.8,0.29
3733.9,0.30
3735.9,0.31
3738.0,0.30
3740.0,0.31
3742.1,0.30
3744.3,0.29
3746.5,0.29
3748.7,0.29
3750.8,0.30
3752.9,0.30
3755.0,0.30
3757.0,0.31
3759.1,0.30
3761.2,0.30
3763.4,0.29
3765.5,0.30
3767.5,0.31
3769.6,0.30
3771.7,0.30
3773.8,0.30
3775.9,0.30
3778.0,0.30
3780.1,0.30
3782.2,0.30
3784.2,0.31
3786.3,0.30
3788.4,0.30
3790.4,0.31
3792.6,0.29
3794.7,0.30
3796.8,0.30
3799.0,0.29
3801.0,0.31
3803.1,0.30
3805.1,0.31
3807.2,0.30
3809.3,0.30
3811.3,0.31
3813.3,0.31
3815.4,0.30
3817.4,0.31
3819.5,0.30
3821.5,0.31
3823.6,0.30
3825.7,0.30
3827.8,0.30
3829.9,0.30
3832.1,0.29
3834.2,0.30
3836.1,0.33
3838.1,0.31
3840.2,0.30
3842.3,0.30
3844.4,0.30
3846.5,0.30
3848.5,0.31
3850.6,0.30
3852.8,0.29
3855.1,0.27
3857.2,0.30
3859.4,0.29
3861.6,0.29
3863.8,0.29
3865.9,0.30
3868.0,0.30
3870.1,0.30
3872.3,0.29
3874.4,0.30
3876.6,0.29
3878.6,0.31
3880.7,0.30
3882.8,0.30
3884.9,0.30
3887.1,0.29
3889.1,0.31
3891.1,0.31
3893.1,0.31
3895.1,0.31
3897.2,0.30
3899.2,0.31
3901.3,0.30
3903.3,0.31
3905.2,0.33
3907.2,0.31
3909.1,0.33
3911.1,0.31
3913.1,0.31
3915.1,0.31
3917.0,0.33
3918.9,0.33
3920.9,0.31
3923.0,0.30
3925.2,0.29
3927.3,0.30
3929.4,0.30
3931.4,0.31
3933.5,0.30
3935.6,0.30
3937.6,0.31
3939.6,0.31
3941.7,0.30
3943.8,0.30
3945.9,0.30
3948.0,0.30
3950.0,0.31
3952.0,0.31
3954.1,0.30
3956.1,0.31
3958.2,0.30
3960.2,0.31
3962.4,0.29
3964.4,0.31
3966.6,0.29
3968.7,0.30
3971.0,0.27
3973.2,0.29
3975.3,0.30
3977.5,0.29
3979.6,0.30
3981.7,0.30
3983.7,0.31
3985.9,0.29
3988.2,0.27
3990.4,0.29
3992.6,0.29
3994.8,0.29
3997.0,0.29
3999.3,0.27
4001.4,0.30
4003.5,0.30
4005.7,0.29
4007.8,0.30
4009.9,0.30
4011.9,0.31
4014.0,0.30
4016.2,0.29
4018.3,0.30
4020.6,0.27
4022.8,0.29
4025.0,0.29
4027.1,0.30
4029.2,0.30
4031.2,0.31
4033.2,0.31
4035.2,0.31
4037.0,0.35
4038.8,0.35
4040.6,0.35
4042.4,0.35
4044.1,0.37
4045.8,0.37
4047.4,0.39
4049.1,0.37
4050.8,0.37
4052.6,0.35
4054.4,0.35
4056.2,0.35
4058.1,0.33
4060.0,0.33
4062.2,0.29
4064.3,0.30
4066.5,0.29
4068.7,0.29
4070.8,0.30
4072.8,0.31
4074.8,0.31
4076.9,0.30
4079.0,0.30
4081.1,0.30
4083.1,0.31
4085.2,0.30
4087.4,0.29
4089.4,0.31
4091.4,0.31
4093.4,0.31
4095.5,0.30
4097.6,0.30
4099.8,0.29
4102.0,0.29
4104.2,0.29
4106.4,0.29
4108.6,0.29
4110.8,0.29
4113.0,0.29
4115.1,0.30
4117.2,0.30
4119.2,0.31
4121.2,0.31
4123.3,0.30
4125.4,0.30
4127.5,0.30
4129.7,0.29
4131.8,0.30
4133.8,0.31
4135.8,0.31
4137.8,0.31
4139.8,0.31
4142.0,0.29
4144.2,0.29
4146.4,0.29
4148.6,0.29
4150.9,0.27
4153.1,0.29
4155.4,0.27
4157.7,0.27
4160.1,0.26
4162.4,0.27
4164.6,0.29
4166.8,0.29
4168.9,0.30
4171.1,0.29
4173.3,0.29
4175.4,0.30
4177.5,0.30
4179.6,0.30
4181.7,0.30
4183.8,0.30
4185.9,0.30
4188.0,0.30
4190.2,0.29
4192.4,0.29
4194.7,0.27
4196.8,0.30
4198.8,0.31
4200.9,0.30
4202.9,0.31
4204.9,0.31
4206.8,0.33
4208.8,0.31
4210.8,0.31
4212.9,0.30
4215.1,0.29
4217.2,0.30
4219.2,0.31
4221.3,0.30
4223.6,0.27
4225.9,0.27
4228.1,0.29
4230.3,0.29
4232.4,0.30
4234.5,0.30
4236.7,0.29
4238.9,0.29
4241.1,0.29
4243.3,0.29
4245.4,0.30
4247.6,0.29
4249.9,0.27
4252.1,0.29
4254.3,0.29
4256.5,0.29
4258.7,0.29
4260.9,0.29
4263.0,0.30
4265.2,0.29
4267.4,0.29
4269.5,0.30
4271.5,0.31
4273.6,0.30
4275.7,0.30
4277.9,0.29
4280.1,0.29
4282.4,0.27
4284.7,0.27
4286.9,0.29
4289.0,0.30
4291.1,0.30
4293.4,0.27
4295.5,0.30
4297.7,0.29
4299.8,0.30
4301.9,0.30
4304.1,0.29
4306.3,0.29
4308.6,0.27
4310.9,0.27
4313.1,0.29
4315.3,0.29
4317.5,0.29
4319.8,0.27
4322.1,0.27
4324.3,0.29
4326.6,0.27
4328.9,0.27
4331.2,0.27
4333.3,0.30
4335.3,0.31
4337.4,0.30
4339.5,0.30
4341.7,0.29
4343.9,0.29
4346.1,0.29
4348.2,0.30
4350.3,0.30
4352.5,0.29
4354.6,0.30
4356.6,0.31
4358.7,0.30
4360.8,0.30
4363.0,0.29
4365.2,0.29
4367.3,0.30
4369.5,0.29
4371.7,0.29
4373.9,0.29
4376.0,0.30
4378.1,0.30
4380.2,0.30
4382.3,0.30
4384.4,0.30
4386.6,0.29
4388.7,0.30
4390.8,0.30
4392.8,0.31
4394.9,0.30
4397.0,0.30
4399.0,0.31
4401.1,0.30
4403.3,0.29
4405.4,0.30
4407.6,0.29
4409.6,0.31
4411.6,0.31
4413.6,0.31
4415.6,0.31
4417.6,0.31
4419.6,0.31
4421.6,0.31
4423.6,0.31
4425.8,0.29
4428.1,0.27
4430.4,0.27
4432.6,0.29
4434.7,0.30
4436.8,0.30
4438.8,0.31
4440.9,0.30
4443.0,0.30
4445.1,0.30
4447.1,0.31
4449.3,0.29
4451.5,0.29
4453.7,0.29
4455.9,0.29
4458.1,0.29
4460.3,0.29
4462.4,0.30
4464.6,0.29
4466.7,0.30
4468.8,0.30
4470.9,0.30
4473.1,0.29
4475.3,0.29
4477.6,0.27
4479.7,0.30
4481.9,0.29
4484.1,0.29
4486.2,0.30
4488.5,0.27
4490.6,0.30
4492.7,0.30
4494.7,0.31
4496.7,0.31
4498.7,0.31
4500.8,0.30
4502.9,0.30
4504.9,0.31
4507.0,0.30
4509.1,0.30
4511.1,0.31
4513.1,0.31
4515.1,0.31
4517.1,0.31
4519.0,0.33
4521.0,0.31
4523.1,0.30
4525.1,0.31
4527.2,0.30
4529.3,0.30
4531.4,0.30
4533.6,0.29
4535.7,0.30
4537.9,0.29
4540.1,0.29
4542.1,0.31
4544.1,0.31
4546.1,0.31
4548.0,0.33
4550.0,0.31
4552.1,0.30
4554.2,0.30
4556.2,0.31
4558.2,0.31
4560.2,0.31
4562.2,0.31
4564.1,0.33
4566.1,0.31
4568.0,0.33
4569.9,0.33
4572.0,0.30
4574.1,0.30
4576.1,0.31
4578.3,0.29
4580.3,0.31
4582.3,0.31
4584.4,0.30
4586.3,0.33
4588.2,0.33
4590.2,0.31
4592.2,0.31
4594.1,0.33
4596.1,0.31
4598.1,0.31
4600.0,0.33
4602.0,0.31
4604.0,0.31
4605.9,0.33
4607.9,0.31
4609.9,0.31
4611.9,0.31
4613.8,0.33
4615.9,0.30
4617.9,0.31
4619.9,0.31
4621.8,0.33
4623.7,0.33
4625.7,0.31
4627.6,0.33
4629.5,0.33
4631.6,0.30
4633.6,0.31
4635.6,0.31
4637.5,0.33
4639.4,0.33
4641.1,0.37
4642.8,0.37
4644.5,0.37
4646.3,0.35
4648.1,0.35
4649.9,0.35
4651.6,0.37
4653.4,0.35
4655.1,0.37
4656.9,0.35
4658.8,0.33
4660.7,0.33
4662.7,0.31
4664.8,0.30
4666.9,0.30
4669.0,0.30
4671.0,0.31
4673.1,0.30
4675.1,0.31
4677.1,0.31
4679.0,0.33
4680.9,0.33
4682.9,0.31
4684.9,0.31
4686.9,0.31
4688.9,0.31
4690.9,0.31
4692.8,0.33
4694.7,0.33
4696.8,0.30
4698.8,0.31
4700.9,0.30
4702.9,0.31
4705.0,0.30
4707.1,0.30
4709.2,0.30
4711.3,0.30
4713.4,0.30
4715.5,0.30
4717.7,0.29
4719.8,0.30
4722.0,0.29
4724.1,0.30
4726.2,0.30
4728.5,0.27
4730.7,0.29
4732.8,0.30
4734.9,0.30
4737.0,0.30
4739.1,0.30
4741.0,0.33
4743.0,0.31
4745.0,0.31
4747.0,0.31
4749.0,0.31
4750.9,0.33
4752.9,0.31
4755.0,0.30
4757.1,0.30
4759.3,0.29
4761.5,0.29
4763.7,0.29
4765.8,0.30
4767.9,0.30
4770.0,0.30
4772.2,0.29
4774.4,0.29
4776.4,0.31
4778.4,0.31
4780.5,0.30
4782.5,0.31
4784.6,0.30
4786.7,0.30
4788.9,0.29
4790.9,0.31
4793.0,0.30
4795.1,0.30
4797.1,0.31
4799.2,0.30
4801.4,0.29
4803.5,0.30
4805.6,0.30
4807.8,0.29
4809.9,0.30
4812.1,0.29
4814.3,0.29
4816.5,0.29
4818.7,0.29
4820.9,0.29
4823.0,0.30
4825.2,0.29
4827.2,0.31
4829.3,0.30
4831.3,0.31
4833.4,0.30
4835.4,0.31
4837.5,0.30
4839.6,0.30
4841.7,0.30
4843.9,0.29
4846.1,0.29
4848.2,0.30
4850.3,0.30
4852.4,0.30
4854.5,0.30
4856.6,0.30
4858.8,0.29
4860.8,0.31
4862.9,0.30
4865.1,0.29
4867.3,0.29
4869.5,0.29
4871.9,0.26
4874.2,0.27
4876.6,0.26
4879.0,0.26
4881.4,0.26
4883.6,0.29
4885.9,0.27
4888.2,0.27
4890.5,0.27
4892.7,0.29
4895.0,0.27
4897.1,0.30
4899.2,0.30
4901.2,0.31
4903.3,0.30
4905.3,0.31
4907.3,0.31
4909.3,0.31
4911.3,0.31
4913.3,0.31
4915.4,0.30
4917.5,0.30
4919.5,0.31
4921.5,0.31
4923.6,0.30
4925.7,0.30
4927.8,0.30
4929.9,0.30
4932.0,0.30
4934.0,0.31
4936.0,0.31
4937.9,0.33
4940.0,0.30
4942.1,0.30
4944.3,0.29
4946.5,0.29
4948.6,0.30
4950.7,0.30
4952.8,0.30
4955.0,0.29
4957.1,0.30
4959.3,0.29
4961.6,0.27
4963.8,0.29
4966.1,0.27
4968.3,0.29
4970.6,0.27
4972.9,0.27
4975.2,0.27
4977.4,0.29
4979.6,0.29
4981.8,0.29
4984.0,0.29
4986.3,0.27
4988.4,0.30
4990.6,0.29
4992.8,0.29
4994.9,0.30
4997.1,0.29
4999.3,0.29
5001.3,0.31
5003.3,0.31
5005.4,0.30
5007.5,0.30
5009.6,0.30
5011.6,0.31
5013.6,0.31
5015.6,0.31
5017.7,0.30
5019.8,0.30
5021.9,0.30
5024.1,0.29
5026.1,0.31
5028.2,0.30
5030.2,0.31
5032.3,0.30
5034.4,0.30
5036.5,0.30
5038.5,0.31
5040.5,0.31
5042.6,0.30
5044.6,0.31
5046.6,0.31
5048.6,0.31
5050.6,0.31
5052.5,0.33
5054.4,0.33
5056.5,0.30
5058.6,0.30
5060.7,0.30
5062.7,0.31
5064.8,0.30
5066.9,0.30
5068.9,0.31
5070.9,0.31
5072.9,0.31
5074.9,0.31
5076.9,0.31
5079.0,0.30
5081.1,0.30
5083.3,0.29
5085.3,0.31
5087.3,0.31
5089.3,0.31
5091.4,0.30
5093.5,0.30
5095.5,0.31
5097.6,0.30
5099.6,0.31
5101.7,0.30
5103.7,0.31
5105.7,0.31
5107.7,0.31
5109.6,0.33
5111.7,0.30
5113.6,0.33
5115.7,0.30
5117.9,0.29
5119.9,0.31
5121.9,0.31
5123.9,0.31
5125.8,0.33
5127.7,0.33
5129.7,0.31
5131.6,0.33
5133.5,0.33
5135.5,0.31
5137.4,0.33
5139.4,0.31
5141.3,0.33
5143.3,0.31
5145.4,0.30
5147.3,0.33
5149.2,0.33
5151.2,0.31
5153.1,0.33
5155.0,0.33
5156.9,0.33
5158.8,0.33
5160.7,0.33
5162.7,0.31
5164.8,0.30
5166.9,0.30
5169.0,0.30
5170.9,0.33
5172.9,0.31
5174.9,0.31
5176.9,0.31
5178.8,0.33
5180.8,0.31
5182.9,0.30
5185.0,0.30
5186.9,0.33
5188.9,0.31
5190.9,0.31
5192.9,0.31
5195.0,0.30
5197.0,0.31
5199.0,0.31
5201.0,0.31
5203.1,0.30
5205.1,0.31
5207.3,0.29
5209.4,0.30
5211.6,0.29
5213.9,0.27
5216.1,0.29
5218.4,0.27
5220.6,0.29
5222.7,0.30
5224.7,0.31
5226.7,0.31
5228.8,0.30
5230.9,0.30
5233.0,0.30
5235.1,0.30
5237.2,0.30
5239.2,0.31
5241.3,0.30
5243.3,0.31
5245.4,0.30
5247.5,0.30
5249.5,0.31
5251.5,0.31
5253.5,0.31
5255.6,0.30
5257.6,0.31
5259.7,0.30
5261.8,0.30
5263.8,0.31
5265.8,0.31
5267.7,0.33
5269.5,0.35
5271.5,0.31
5273.4,0.33
5275.4,0.31
5277.3,0.33
5279.3,0.31
5281.3,0.31
5283.2,0.33
5285.1,0.33
5287.1,0.31
5289.0,0.33
5290.9,0.33
5292.9,0.31
5294.9,0.31
5296.9,0.31
5299.0,0.30
5301.1,0.30
5303.0,0.33
5304.8,0.35
5306.5,0.37
5308.3,0.35
5310.1,0.35
5311.7,0.39
5313.4,0.37
5315.2,0.35
5317.1,0.33
5319.2,0.30
5321.3,0.30
5323.3,0.31
5325.2,0.33
5327.1,0.33
5328.9,0.35
5330.8,0.33
5332.6,0.35
5334.4,0.35
5336.4,0.31
5338.4,0.31
5340.4,0.31
5342.5,0.30
5344.5,0.31
5346.7,0.29
5348.9,0.29
5350.9,0.31
5352.9,0.31
5354.9,0.31
5356.9,0.31
5358.8,0.33
5360.9,0.30
5362.9,0.31
5364.9,0.31
5367.0,0.30
5369.2,0.29
5371.3,0.30
5373.4,0.30
5375.4,0.31
5377.3,0.33
5379.2,0.33
5381.0,0.35
5382.9,0.33
5384.9,0.31
5386.9,0.31
5388.8,0.33
5390.7,0.33
5392.6,0.33
5394.5,0.33
5396.3,0.35
5398.0,0.37
0.0,0.00
