3.5,0.39
4.9,0.45
6.3,0.45
7.6,0.48
8.8,0.52
10.0,0.52
11.2,0.52
12.5,0.48
13.6,0.57
14.7,0.57
15.8,0.57
16.8,0.63
17.9,0.57
19.1,0.52
20.2,0.57
21.4,0.52
22.6,0.52
23.9,0.48
25.2,0.48
26.5,0.48
27.9,0.45
29.3,0.45
30.7,0.45
32.1,0.45
33.5,0.45
34.9,0.45
36.3,0.45
37.7,0.45
39.1,0.45
40.5,0.45
41.9,0.45
43.2,0.48
44.6,0.45
46.0,0.45
47.4,0.45
48.8,0.45
50.2,0.45
51.6,0.45
52.9,0.48
54.3,0.45
55.7,0.45
57.2,0.42
58.6,0.45
59.9,0.48
61.3,0.45
62.6,0.48
63.9,0.48
65.2,0.48
66.5,0.48
67.7,0.52
69.0,0.48
70.3,0.48
71.5,0.52
72.8,0.48
74.1,0.48
75.3,0.52
76.6,0.48
77.9,0.48
79.1,0.52
80.4,0.48
81.7,0.48
83.0,0.48
84.2,0.52
85.6,0.45
86.9,0.48
88.2,0.48
89.5,0.48
90.7,0.52
92.0,0.48
93.3,0.48
94.6,0.48
95.9,0.48
97.1,0.52
98.4,0.48
99.7,0.48
100.9,0.52
102.2,0.48
103.4,0.52
104.6,0.52
105.9,0.48
107.2,0.48
108.4,0.52
109.7,0.48
111.0,0.48
112.2,0.52
113.4,0.52
114.7,0.48
115.9,0.52
117.1,0.52
118.4,0.48
119.6,0.52
120.8,0.52
122.1,0.48
123.3,0.52
124.6,0.48
125.9,0.48
127.2,0.48
128.4,0.52
129.7,0.48
131.0,0.48
132.3,0.48
133.6,0.48
134.9,0.48
136.2,0.48
137.5,0.48
138.8,0.48
140.1,0.48
141.4,0.48
142.6,0.52
143.9,0.48
145.2,0.48
146.5,0.48
147.8,0.48
149.1,0.48
150.4,0.48
151.6,0.52
152.9,0.48
154.1,0.52
155.3,0.52
156.6,0.48
157.8,0.52
159.1,0.48
160.3,0.52
161.6,0.48
162.8,0.52
164.1,0.48
165.3,0.52
166.6,0.48
167.9,0.48
169.1,0.52
170.3,0.52
171.6,0.48
172.8,0.52
174.1,0.48
175.3,0.52
176.6,0.48
177.8,0.52
179.0,0.52
180.2,0.52
181.4,0.52
182.7,0.48
183.9,0.52
185.2,0.48
186.5,0.48
187.8,0.48
189.1,0.48
190.4,0.48
191.8,0.45
193.1,0.48
194.4,0.48
195.9,0.42
197.4,0.42
198.9,0.42
200.5,0.39
202.1,0.39
203.5,0.45
204.9,0.45
206.2,0.48
207.6,0.45
208.9,0.48
210.2,0.48
211.4,0.52
212.7,0.48
214.0,0.48
215.3,0.48
216.6,0.48
217.9,0.48
219.2,0.48
220.6,0.45
221.9,0.48
223.2,0.48
224.5,0.48
225.8,0.48
227.1,0.48
228.3,0.52
229.6,0.48
230.9,0.48
232.2,0.48
233.5,0.48
234.8,0.48
236.0,0.52
237.3,0.48
238.6,0.48
239.9,0.48
241.1,0.52
242.4,0.48
243.8,0.45
245.1,0.48
246.4,0.48
247.7,0.48
249.0,0.48
250.4,0.45
251.7,0.48
253.0,0.48
254.3,0.48
255.6,0.48
256.9,0.48
258.2,0.48
259.5,0.48
260.7,0.52
262.0,0.48
263.3,0.48
264.5,0.52
265.8,0.48
267.1,0.48
268.3,0.52
269.6,0.48
270.9,0.48
272.1,0.52
273.4,0.48
274.7,0.48
275.9,0.52
277.2,0.48
278.5,0.48
279.9,0.45
281.2,0.48
282.5,0.48
283.9,0.45
285.2,0.48
286.6,0.45
288.0,0.45
289.3,0.48
290.6,0.48
291.9,0.48
293.2,0.48
294.5,0.48
295.9,0.45
297.2,0.48
298.6,0.45
300.0,0.45
301.7,0.37
304.1,0.26
305.1,0.00
664.8,0.00
665.8,0.48
667.3,0.42
668.6,0.48
669.9,0.48
671.2,0.48
672.5,0.48
677.8,0.12
678.8,0.00
698.3,0.00
699.3,0.37
701.0,0.37
702.7,0.37
704.3,0.39
705.8,0.42
707.1,0.48
708.1,0.63
709.2,0.57
710.2,0.63
711.3,0.57
712.4,0.57
713.5,0.57
714.7,0.52
715.9,0.52
717.1,0.52
718.3,0.52
719.5,0.52
720.7,0.52
722.0,0.48
723.3,0.48
724.5,0.52
725.8,0.48
727.1,0.48
728.4,0.48
729.8,0.45
731.1,0.48
732.3,0.52
733.6,0.48
734.9,0.48
736.1,0.52
737.4,0.48
738.7,0.48
740.0,0.48
741.3,0.48
742.6,0.48
743.9,0.48
745.1,0.52
746.4,0.48
747.7,0.48
749.0,0.48
750.3,0.48
751.5,0.52
752.8,0.48
754.1,0.48
755.5,0.45
756.8,0.48
758.1,0.48
759.4,0.48
760.7,0.48
762.0,0.48
763.2,0.52
764.5,0.48
765.7,0.52
767.0,0.48
768.2,0.52
769.4,0.52
770.6,0.52
771.9,0.48
773.1,0.52
774.4,0.48
775.6,0.52
776.9,0.48
778.2,0.48
779.5,0.48
780.8,0.48
782.1,0.48
783.4,0.48
784.7,0.48
786.0,0.48
787.3,0.48
788.6,0.48
789.9,0.48
791.1,0.52
792.5,0.45
793.7,0.52
795.0,0.48
796.3,0.48
797.5,0.52
798.8,0.48
800.1,0.48
801.4,0.48
802.6,0.52
804.0,0.45
805.2,0.52
806.5,0.48
807.8,0.48
809.1,0.48
810.4,0.48
811.7,0.48
813.1,0.45
814.4,0.48
815.7,0.48
817.0,0.48
818.4,0.45
819.6,0.52
820.9,0.48
822.2,0.48
823.5,0.48
824.7,0.52
826.0,0.48
827.2,0.52
828.4,0.52
829.7,0.48
831.0,0.48
832.3,0.48
833.6,0.48
834.9,0.48
836.2,0.48
837.5,0.48
838.7,0.52
840.0,0.48
841.3,0.48
842.6,0.48
843.9,0.48
845.2,0.48
846.5,0.48
847.8,0.48
849.0,0.52
850.3,0.48
851.6,0.48
852.9,0.48
854.2,0.48
855.5,0.48
856.7,0.52
858.0,0.48
859.2,0.52
860.5,0.48
861.8,0.48
863.1,0.48
864.4,0.48
865.6,0.52
866.9,0.48
868.2,0.48
869.4,0.52
870.7,0.48
872.0,0.48
873.2,0.52
874.5,0.48
875.8,0.48
877.0,0.52
878.3,0.48
879.5,0.52
880.8,0.48
882.1,0.48
883.4,0.48
884.6,0.52
885.9,0.48
887.1,0.52
888.4,0.48
889.7,0.48
891.0,0.48
892.3,0.48
893.5,0.52
894.8,0.48
896.1,0.48
897.4,0.48
898.6,0.52
899.8,0.52
901.1,0.48
902.3,0.52
903.5,0.52
904.8,0.48
906.0,0.52
907.2,0.52
908.5,0.48
909.7,0.52
911.0,0.48
912.3,0.48
913.5,0.52
914.8,0.48
916.1,0.48
917.3,0.52
918.6,0.48
919.9,0.48
921.1,0.52
922.3,0.52
923.5,0.52
924.8,0.48
926.0,0.52
927.2,0.52
928.4,0.52
929.6,0.52
930.8,0.52
932.0,0.52
933.3,0.48
934.5,0.52
935.8,0.48
937.1,0.48
938.3,0.52
939.5,0.52
940.8,0.48
942.0,0.52
943.2,0.52
944.5,0.48
945.7,0.52
947.0,0.48
948.2,0.52
949.5,0.48
950.8,0.48
952.1,0.48
953.4,0.48
954.7,0.48
956.0,0.48
957.2,0.52
958.5,0.48
959.7,0.52
961.0,0.48
962.2,0.52
963.4,0.52
964.7,0.48
965.9,0.52
967.1,0.52
968.4,0.48
969.6,0.52
970.9,0.48
972.1,0.52
973.4,0.48
974.7,0.48
976.0,0.48
977.2,0.52
978.5,0.48
979.8,0.48
981.0,0.52
982.3,0.48
983.6,0.48
984.9,0.48
986.2,0.48
987.5,0.48
988.7,0.52
990.0,0.48
991.2,0.52
992.5,0.48
993.7,0.52
995.0,0.48
996.2,0.52
997.4,0.52
998.7,0.48
999.9,0.52
1001.1,0.52
1002.3,0.52
1003.5,0.52
1004.7,0.52
1005.9,0.52
1007.1,0.52
1008.3,0.52
1009.5,0.52
1010.7,0.52
1011.9,0.52
1013.1,0.52
1014.3,0.52
1015.5,0.52
1016.6,0.57
1017.8,0.52
1019.0,0.52
1020.2,0.52
1021.4,0.52
1022.7,0.48
1023.9,0.52
1025.1,0.52
1026.3,0.52
1027.5,0.52
1028.7,0.52
1029.9,0.52
1031.1,0.52
1032.4,0.48
1033.6,0.52
1034.8,0.52
1036.1,0.48
1037.4,0.48
1038.7,0.48
1040.0,0.48
1041.2,0.52
1042.5,0.48
1043.8,0.48
1045.1,0.48
1046.4,0.48
1047.7,0.48
1048.9,0.52
1050.2,0.48
1051.4,0.52
1052.6,0.52
1053.9,0.48
1055.1,0.52
1056.3,0.52
1057.6,0.48
1058.8,0.52
1060.0,0.52
1061.2,0.52
1062.5,0.48
1063.7,0.52
1064.9,0.52
1066.1,0.52
1067.3,0.52
1068.5,0.52
1069.8,0.48
1071.0,0.52
1072.2,0.52
1073.5,0.48
1074.7,0.52
1075.9,0.52
1077.1,0.52
1078.3,0.52
1079.6,0.48
1080.8,0.52
1082.0,0.52
1083.2,0.52
1084.5,0.48
1085.7,0.52
1086.9,0.52
1088.1,0.52
1089.3,0.52
1090.5,0.52
1091.7,0.52
1092.9,0.52
1094.1,0.52
1095.3,0.52
1096.5,0.52
1097.8,0.48
1099.0,0.52
1100.1,0.57
1101.3,0.52
1102.5,0.52
1103.7,0.52
1104.9,0.52
1106.2,0.48
1107.4,0.52
1108.6,0.52
1109.8,0.52
1111.0,0.52
1112.2,0.52
1113.4,0.52
1114.6,0.52
1115.8,0.52
1117.0,0.52
1118.2,0.52
1119.4,0.52
1120.6,0.52
1121.8,0.52
1123.0,0.52
1124.2,0.52
1125.5,0.48
1126.7,0.52
1127.9,0.52
1129.1,0.52
1130.2,0.57
1131.4,0.52
1132.6,0.52
1133.8,0.52
1135.0,0.52
1136.1,0.57
1137.3,0.52
1138.5,0.52
1139.7,0.52
1140.8,0.57
1142.0,0.52
1143.2,0.52
1144.4,0.52
1145.6,0.52
1146.8,0.52
1148.0,0.52
1149.2,0.52
1150.3,0.57
1151.6,0.48
1152.8,0.52
1154.0,0.52
1155.2,0.52
1156.5,0.48
1157.7,0.52
1158.9,0.52
1160.1,0.52
1161.3,0.52
1162.5,0.52
1163.7,0.52
1164.8,0.57
1166.0,0.52
1167.2,0.52
1168.4,0.52
1169.6,0.52
1170.8,0.52
1172.0,0.52
1173.2,0.52
1174.4,0.52
1175.6,0.52
1176.8,0.52
1178.0,0.52
1179.2,0.52
1180.4,0.52
1181.6,0.52
1182.8,0.52
1184.0,0.52
1185.2,0.52
1186.4,0.52
1187.6,0.52
1188.8,0.52
1190.0,0.52
1191.2,0.52
1192.4,0.52
1193.6,0.52
1194.8,0.52
1196.0,0.52
1197.2,0.52
1198.3,0.57
1199.5,0.52
1200.7,0.52
1201.9,0.52
1203.1,0.52
1204.3,0.52
1205.5,0.52
1206.7,0.52
1207.9,0.52
1209.1,0.52
1210.3,0.52
1211.5,0.52
1212.7,0.52
1213.9,0.52
1215.2,0.48
1216.4,0.52
1217.6,0.52
1218.8,0.52
1220.0,0.52
1221.2,0.52
1222.4,0.52
1223.6,0.52
1224.8,0.52
1226.0,0.52
1227.2,0.52
1228.4,0.52
1229.6,0.52
1230.7,0.57
1231.9,0.52
1233.0,0.57
1234.2,0.52
1235.4,0.52
1236.5,0.57
1237.7,0.52
1238.9,0.52
1240.0,0.57
1241.2,0.52
1242.4,0.52
1243.6,0.52
1244.8,0.52
1246.0,0.52
1247.2,0.52
1248.4,0.52
1249.6,0.52
1250.8,0.52
1252.0,0.52
1253.2,0.52
1254.5,0.48
1255.7,0.52
1257.0,0.48
1258.2,0.52
1259.5,0.48
1260.8,0.48
1262.0,0.52
1263.3,0.48
1264.5,0.52
1265.8,0.48
1267.0,0.52
1268.2,0.52
1269.5,0.48
1270.7,0.52
1271.9,0.52
1273.2,0.48
1274.4,0.52
1275.7,0.48
1276.9,0.52
1278.1,0.52
1279.3,0.52
1280.5,0.52
1281.8,0.48
1283.0,0.52
1284.3,0.48
1285.7,0.45
1287.0,0.48
1288.4,0.45
1289.8,0.45
1291.3,0.42
1292.7,0.45
1294.0,0.48
1295.4,0.45
1296.8,0.45
1298.1,0.48
1299.3,0.52
1300.6,0.48
1301.9,0.48
1303.1,0.52
1304.3,0.52
1305.5,0.52
1306.8,0.48
1308.0,0.52
1309.3,0.48
1310.5,0.52
1311.8,0.48
1313.0,0.52
1314.3,0.48
1315.5,0.52
1316.8,0.48
1318.1,0.48
1319.4,0.48
1320.7,0.48
1322.1,0.45
1323.5,0.45
1324.8,0.48
1326.1,0.48
1327.4,0.48
1328.7,0.48
1330.0,0.48
1331.3,0.48
1332.7,0.45
1334.0,0.48
1335.3,0.48
1336.6,0.48
1337.9,0.48
1339.2,0.48
1340.5,0.48
1341.8,0.48
1343.1,0.48
1344.3,0.52
1345.6,0.48
1346.8,0.52
1348.0,0.52
1349.2,0.52
1350.5,0.48
1351.7,0.52
1353.0,0.48
1354.2,0.52
1355.5,0.48
1356.8,0.48
1358.0,0.52
1359.3,0.48
1360.5,0.52
1361.8,0.48
1363.1,0.48
1364.3,0.52
1365.6,0.48
1366.8,0.52
1368.0,0.52
1369.3,0.48
1370.5,0.52
1371.8,0.48
1373.1,0.48
1374.3,0.52
1375.6,0.48
1376.9,0.48
1378.2,0.48
1379.5,0.48
1380.8,0.48
1382.0,0.52
1383.3,0.48
1384.6,0.48
1385.9,0.48
1387.3,0.45
1388.6,0.48
1389.9,0.48
1391.2,0.48
1392.4,0.52
1393.7,0.48
1395.0,0.48
1396.3,0.48
1397.6,0.48
1398.9,0.48
1400.2,0.48
1401.5,0.48
1402.8,0.48
1404.1,0.48
1405.4,0.48
1406.8,0.45
1408.1,0.48
1409.4,0.48
1410.7,0.48
1412.0,0.48
1413.3,0.48
1414.6,0.48
1415.9,0.48
1417.1,0.52
1418.4,0.48
1419.7,0.48
1421.0,0.48
1422.3,0.48
1423.6,0.48
1425.0,0.45
1426.3,0.48
1427.6,0.48
1428.9,0.48
1430.2,0.48
1431.5,0.48
1432.8,0.48
1434.1,0.48
1435.4,0.48
1436.7,0.48
1438.0,0.48
1439.2,0.52
1440.5,0.48
1441.8,0.48
1443.1,0.48
1444.4,0.48
1445.7,0.48
1447.0,0.48
1448.4,0.45
1449.8,0.45
1451.2,0.45
1452.6,0.45
1454.0,0.45
1455.4,0.45
1456.8,0.45
1458.1,0.48
1459.5,0.45
1460.9,0.45
1462.2,0.48
1463.5,0.48
1464.9,0.45
1466.2,0.48
1467.5,0.48
1468.8,0.48
1470.2,0.45
1471.5,0.48
1472.8,0.48
1474.1,0.48
1475.4,0.48
1476.8,0.45
1478.1,0.48
1479.5,0.45
1480.8,0.48
1482.2,0.45
1483.6,0.45
1485.0,0.45
1486.5,0.42
1487.9,0.45
1489.3,0.45
1490.7,0.45
1492.2,0.42
1493.6,0.45
1495.0,0.45
1496.5,0.42
1497.9,0.45
1499.4,0.42
1500.8,0.45
1502.2,0.45
1503.6,0.45
1505.0,0.45
1506.4,0.45
1507.8,0.45
1509.2,0.45
1510.5,0.48
1511.9,0.45
1513.3,0.45
1514.6,0.48
1516.0,0.45
1517.3,0.48
1518.7,0.45
1520.0,0.48
1521.3,0.48
1522.7,0.45
1524.1,0.45
1525.4,0.48
1526.8,0.45
1528.2,0.45
1529.5,0.48
1530.9,0.45
1532.3,0.45
1533.7,0.45
1535.0,0.48
1536.4,0.45
1537.8,0.45
1539.2,0.45
1540.5,0.48
1541.9,0.45
1543.3,0.45
1544.7,0.45
1546.0,0.48
1547.3,0.48
1548.7,0.45
1550.0,0.48
1551.4,0.45
1552.8,0.45
1554.2,0.45
1555.5,0.48
1556.9,0.45
1558.3,0.45
1559.6,0.48
1561.0,0.45
1562.3,0.48
1563.7,0.45
1565.0,0.48
1566.4,0.45
1567.7,0.48
1569.1,0.45
1570.4,0.48
1571.7,0.48
1573.1,0.45
1574.4,0.48
1575.8,0.45
1577.2,0.45
1578.5,0.48
1579.9,0.45
1581.3,0.45
1582.8,0.42
1584.2,0.45
1585.5,0.48
1586.9,0.45
1588.3,0.45
1589.7,0.45
1591.1,0.45
1592.5,0.45
1593.9,0.45
1595.3,0.45
1596.7,0.45
1598.1,0.45
1599.5,0.45
1600.9,0.45
1602.4,0.42
1603.8,0.45
1605.3,0.42
1606.8,0.42
1608.3,0.42
1609.7,0.45
1611.2,0.42
1612.6,0.45
1614.0,0.45
1615.4,0.45
1616.8,0.45
1618.2,0.45
1619.6,0.45
1621.0,0.45
1622.4,0.45
1623.8,0.45
1625.2,0.45
1626.7,0.42
1628.1,0.45
1629.6,0.42
1631.0,0.45
1632.4,0.45
1633.9,0.42
1635.3,0.45
1636.8,0.42
1638.2,0.45
1639.7,0.42
1641.1,0.45
1642.6,0.42
1644.1,0.42
1645.6,0.42
1647.2,0.39
1648.6,0.45
1650.1,0.42
1651.5,0.45
1653.0,0.42
1654.4,0.45
1655.8,0.45
1657.2,0.45
1658.5,0.48
1659.9,0.45
1661.3,0.45
1662.6,0.48
1664.0,0.45
1665.4,0.45
1666.8,0.45
1668.2,0.45
1669.6,0.45
1671.0,0.45
1672.4,0.45
1673.8,0.45
1675.3,0.42
1676.7,0.45
1678.2,0.42
1679.7,0.42
1681.2,0.42
1682.7,0.42
1684.1,0.45
1685.5,0.45
1686.9,0.45
1688.3,0.45
1689.7,0.45
1691.1,0.45
1692.5,0.45
1694.0,0.42
1695.4,0.45
1696.8,0.45
1698.2,0.45
1699.7,0.42
1701.1,0.45
1702.5,0.45
1703.9,0.45
1705.3,0.45
1706.7,0.45
1708.1,0.45
1709.5,0.45
1711.0,0.42
1712.4,0.45
1713.9,0.42
1715.3,0.45
1716.7,0.45
1718.1,0.45
1719.5,0.45
1720.9,0.45
1722.4,0.42
1723.9,0.42
1725.4,0.42
1726.9,0.42
1728.4,0.42
1729.9,0.42
1731.3,0.45
1732.8,0.42
1734.3,0.42
1735.7,0.45
1737.2,0.42
1738.6,0.45
1740.0,0.45
1741.5,0.42
1742.9,0.45
1744.4,0.42
1745.9,0.42
1747.4,0.42
1748.9,0.42
1750.3,0.45
1751.8,0.42
1753.3,0.42
1754.7,0.45
1756.1,0.45
1757.6,0.42
1759.0,0.45
1760.4,0.45
1761.9,0.42
1763.3,0.45
1764.8,0.42
1766.2,0.45
1767.7,0.42
1769.1,0.45
1770.6,0.42
1772.0,0.45
1773.5,0.42
1775.0,0.42
1776.5,0.42
1778.0,0.42
1779.5,0.42
1781.0,0.42
1782.5,0.42
1784.0,0.42
1785.5,0.42
1787.0,0.42
1788.5,0.42
1790.0,0.42
1791.4,0.45
1792.8,0.45
1794.3,0.42
1795.8,0.42
1797.3,0.42
1798.7,0.45
1800.2,0.42
1801.6,0.45
1803.0,0.45
1804.5,0.42
1805.9,0.45
1807.3,0.45
1808.7,0.45
1810.1,0.45
1811.5,0.45
1812.9,0.45
1814.3,0.45
1815.8,0.42
1817.2,0.45
1818.6,0.45
1820.1,0.42
1821.5,0.45
1822.9,0.45
1824.3,0.45
1825.7,0.45
1827.1,0.45
1828.5,0.45
1829.9,0.45
1831.3,0.45
1832.7,0.45
1834.1,0.45
1835.5,0.45
1836.9,0.45
1838.2,0.48
1839.6,0.45
1841.0,0.45
1842.4,0.45
1843.8,0.45
1845.2,0.45
1846.7,0.42
1848.1,0.45
1849.6,0.42
1851.0,0.45
1852.5,0.42
1854.0,0.42
1855.5,0.42
1856.9,0.45
1858.4,0.42
1859.8,0.45
1861.3,0.42
1862.8,0.42
1864.2,0.45
1865.7,0.42
1867.1,0.45
1868.6,0.42
1870.1,0.42
1871.6,0.42
1873.1,0.42
1874.5,0.45
1875.9,0.45
1877.3,0.45
1878.7,0.45
1880.0,0.48
1881.4,0.45
1882.8,0.45
1884.1,0.48
1885.5,0.45
1886.8,0.48
1888.2,0.45
1889.5,0.48
1890.8,0.48
1892.2,0.45
1893.5,0.48
1894.8,0.48
1896.2,0.45
1897.6,0.45
1899.0,0.45
1900.4,0.45
1901.8,0.45
1903.2,0.45
1904.6,0.45
1906.0,0.45
1907.3,0.48
1908.7,0.45
1910.1,0.45
1911.4,0.48
1912.8,0.45
1914.1,0.48
1915.4,0.48
1916.8,0.45
1918.1,0.48
1919.5,0.45
1920.8,0.48
1922.2,0.45
1923.6,0.45
1925.0,0.45
1926.3,0.48
1927.7,0.45
1929.0,0.48
1930.3,0.48
1931.7,0.45
1933.0,0.48
1934.4,0.45
1935.7,0.48
1937.0,0.48
1938.4,0.45
1939.8,0.45
1941.1,0.48
1942.4,0.48
1943.8,0.45
1945.1,0.48
1946.5,0.45
1947.8,0.48
1949.2,0.45
1950.5,0.48
1951.9,0.45
1953.3,0.45
1954.6,0.48
1956.0,0.45
1957.4,0.45
1958.8,0.45
1960.2,0.45
1961.5,0.48
1962.9,0.45
1964.3,0.45
1965.6,0.48
1967.0,0.45
1968.4,0.45
1969.7,0.48
1971.1,0.45
1972.4,0.48
1973.8,0.45
1975.1,0.48
1976.5,0.45
1977.9,0.45
1979.2,0.48
1980.6,0.45
1982.0,0.45
1983.4,0.45
1984.8,0.45
1986.2,0.45
1987.6,0.45
1989.1,0.42
1990.5,0.45
1991.9,0.45
1993.3,0.45
1994.7,0.45
1996.1,0.45
1997.5,0.45
1998.9,0.45
2000.3,0.45
2001.7,0.45
2003.1,0.45
2004.6,0.42
2006.1,0.42
2007.6,0.42
2009.0,0.45
2010.5,0.42
2011.8,0.48
2013.2,0.45
2014.6,0.45
2016.0,0.45
2017.4,0.45
2018.8,0.45
2020.2,0.45
2021.6,0.45
2022.9,0.48
2024.3,0.45
2025.6,0.48
2027.0,0.45
2028.4,0.45
2029.7,0.48
2031.1,0.45
2032.4,0.48
2033.8,0.45
2035.0,0.52
2036.4,0.45
2037.7,0.48
2039.0,0.48
2040.3,0.48
2041.7,0.45
2043.1,0.45
2044.5,0.45
2045.9,0.45
2047.4,0.42
2048.8,0.45
2050.3,0.42
2051.8,0.42
2053.2,0.45
2054.6,0.45
2056.0,0.45
2057.4,0.45
2058.9,0.42
2060.3,0.45
2061.8,0.42
2063.2,0.45
2064.6,0.45
2066.0,0.45
2067.4,0.45
2068.8,0.45
2070.2,0.45
2071.6,0.45
2073.0,0.45
2074.4,0.45
2075.8,0.45
2077.2,0.45
2078.6,0.45
2080.0,0.45
2081.4,0.45
2082.8,0.45
2084.2,0.45
2085.6,0.45
2087.0,0.45
2088.3,0.48
2089.7,0.45
2091.1,0.45
2092.4,0.48
2093.8,0.45
2095.3,0.42
2096.7,0.45
2098.1,0.45
2099.5,0.45
2100.8,0.48
2102.2,0.45
2103.6,0.45
2104.9,0.48
2106.3,0.45
2107.7,0.45
2109.1,0.45
2110.5,0.45
2111.9,0.45
2113.3,0.45
2114.8,0.42
2116.2,0.45
2117.6,0.45
2119.0,0.45
2120.3,0.48
2121.8,0.42
2123.2,0.45
2124.6,0.45
2126.0,0.45
2127.5,0.42
2129.0,0.42
2130.5,0.42
2132.0,0.42
2133.5,0.42
2134.9,0.45
2136.4,0.42
2137.9,0.42
2139.3,0.45
2140.8,0.42
2142.2,0.45
2143.7,0.42
2145.2,0.42
2146.7,0.42
2148.2,0.42
2149.6,0.45
2151.1,0.42
2152.7,0.39
2154.2,0.42
2155.7,0.42
2157.2,0.42
2158.7,0.42
2160.2,0.42
2161.6,0.45
2163.1,0.42
2164.5,0.45
2165.9,0.45
2167.3,0.45
2168.8,0.42
2170.2,0.45
2171.5,0.48
2172.9,0.45
2174.3,0.45
2175.7,0.45
2177.2,0.42
2178.6,0.45
2180.1,0.42
2181.6,0.42
2183.1,0.42
2184.7,0.39
2186.2,0.42
2187.7,0.42
2189.2,0.42
2190.7,0.42
2192.2,0.42
2193.7,0.42
2195.2,0.42
2196.7,0.42
2198.2,0.42
2199.8,0.39
2201.3,0.42
2202.8,0.42
2204.3,0.42
2205.9,0.39
2207.4,0.42
2208.9,0.42
2210.5,0.39
2212.0,0.42
2213.4,0.45
2214.9,0.42
2216.4,0.42
2217.8,0.45
2219.3,0.42
2220.7,0.45
2222.2,0.42
2223.6,0.45
2225.0,0.45
2226.4,0.45
2227.8,0.45
2229.3,0.42
2230.7,0.45
2232.2,0.42
2233.6,0.45
2235.0,0.45
2236.4,0.45
2237.8,0.45
2239.2,0.45
2240.6,0.45
2242.0,0.45
2243.4,0.45
2244.9,0.42
2246.3,0.45
2247.7,0.45
2249.2,0.42
2250.6,0.45
2251.9,0.48
2253.3,0.45
2254.7,0.45
2256.1,0.45
2257.4,0.48
2258.8,0.45
2260.1,0.48
2261.5,0.45
2262.9,0.45
2264.4,0.42
2265.8,0.45
2267.3,0.42
2268.8,0.42
2270.3,0.42
2271.8,0.42
2273.2,0.45
2274.7,0.42
2276.2,0.42
2277.7,0.42
2279.1,0.45
2280.6,0.42
2282.1,0.42
2283.6,0.42
2285.1,0.42
2286.7,0.39
2288.3,0.39
2289.9,0.39
2291.4,0.42
2293.0,0.39
2294.5,0.42
2296.0,0.42
2297.5,0.42
2299.1,0.39
2300.6,0.42
2302.1,0.42
2303.7,0.39
2305.2,0.42
2306.7,0.42
2308.3,0.39
2310.0,0.37
2311.6,0.39
2313.3,0.37
2314.9,0.39
2316.6,0.37
2318.2,0.39
2319.8,0.39
2321.4,0.39
2323.0,0.39
2324.5,0.42
2326.0,0.42
2327.6,0.39
2329.2,0.39
2330.7,0.42
2332.3,0.39
2333.8,0.42
2335.3,0.42
2336.7,0.45
2338.1,0.45
2339.6,0.42
2341.0,0.45
2342.4,0.45
2343.8,0.45
2345.2,0.45
2346.7,0.42
2348.1,0.45
2349.6,0.42
2351.1,0.42
2352.6,0.42
2354.2,0.39
2355.7,0.42
2357.3,0.39
2358.9,0.39
2360.4,0.42
2362.0,0.39
2363.5,0.42
2365.0,0.42
2366.5,0.42
2367.9,0.45
2369.4,0.42
2370.9,0.42
2372.4,0.42
2374.0,0.39
2375.5,0.42
2377.0,0.42
2378.6,0.39
2380.1,0.42
2381.7,0.39
2383.2,0.42
2384.8,0.39
2386.4,0.39
2388.0,0.39
2389.7,0.37
2391.3,0.39
2393.0,0.37
2394.7,0.37
2396.3,0.39
2397.9,0.39
2399.6,0.37
2401.3,0.37
2402.9,0.39
2404.5,0.39
2406.1,0.39
2407.7,0.39
2409.2,0.42
2410.8,0.39
2412.3,0.42
2413.8,0.42
2415.3,0.42
2416.8,0.42
2418.4,0.39
2419.9,0.42
2421.4,0.42
2422.9,0.42
2424.4,0.42
2425.9,0.42
2427.4,0.42
2429.0,0.39
2430.5,0.42
2432.1,0.39
2433.7,0.39
2435.2,0.42
2436.7,0.42
2438.2,0.42
2439.8,0.39
2441.3,0.42
2442.8,0.42
2444.4,0.39
2445.9,0.42
2447.5,0.39
2449.1,0.39
2450.6,0.42
2452.1,0.42
2453.7,0.39
2455.2,0.42
2456.8,0.39
2458.3,0.42
2459.8,0.42
2461.3,0.42
2462.8,0.42
2464.3,0.42
2465.8,0.42
2467.2,0.45
2468.7,0.42
2470.1,0.45
2471.5,0.45
2473.0,0.42
2474.5,0.42
2475.9,0.45
2477.4,0.42
2478.9,0.42
2480.4,0.42
2482.0,0.39
2483.5,0.42
2485.0,0.42
2486.4,0.45
2487.9,0.42
2489.3,0.45
2490.8,0.42
2492.2,0.45
2493.7,0.42
2495.2,0.42
2496.7,0.42
2498.3,0.39
2499.8,0.42
2501.4,0.39
2502.9,0.42
2504.4,0.42
2505.9,0.42
2507.4,0.42
2508.9,0.42
2510.4,0.42
2511.9,0.42
2513.5,0.39
2515.0,0.42
2516.6,0.39
2518.2,0.39
2519.8,0.39
2521.3,0.42
2522.9,0.39
2524.5,0.39
2526.1,0.39
2527.7,0.39
2529.3,0.39
2530.8,0.42
2532.5,0.37
2534.1,0.39
2535.6,0.42
2537.1,0.42
2538.7,0.39
2540.2,0.42
2541.8,0.39
2543.3,0.42
2544.8,0.42
2546.4,0.39
2548.0,0.39
2549.5,0.42
2550.9,0.45
2552.4,0.42
2553.9,0.42
2555.4,0.42
2556.9,0.42
2558.4,0.42
2559.9,0.42
2561.4,0.42
2562.9,0.42
2564.4,0.42
2565.9,0.42
2567.3,0.45
2568.8,0.42
2570.3,0.42
2571.9,0.39
2573.4,0.42
2574.9,0.42
2576.5,0.39
2578.0,0.42
2579.4,0.45
2580.9,0.42
2582.3,0.45
2583.8,0.42
2585.2,0.45
2586.6,0.45
2588.1,0.42
2589.5,0.45
2591.0,0.42
2592.5,0.42
2594.0,0.42
2595.4,0.45
2596.9,0.42
2598.4,0.42
2599.9,0.42
2601.3,0.45
2602.8,0.42
2604.2,0.45
2605.7,0.42
2607.1,0.45
2608.6,0.42
2610.1,0.42
2611.5,0.45
2612.9,0.45
2614.3,0.45
2615.8,0.42
2617.2,0.45
2618.6,0.45
2620.1,0.42
2621.5,0.45
2622.9,0.45
2624.3,0.45
2625.8,0.42
2627.3,0.42
2628.7,0.45
2630.2,0.42
2631.6,0.45
2633.0,0.45
2634.4,0.45
2635.8,0.45
2637.2,0.45
2638.6,0.45
2639.9,0.48
2641.3,0.45
2642.7,0.45
2644.1,0.45
2645.5,0.45
2646.9,0.45
2648.4,0.42
2649.8,0.45
2651.3,0.42
2652.7,0.45
2654.1,0.45
2655.5,0.45
2656.9,0.45
2658.3,0.45
2659.7,0.45
2661.0,0.48
2662.4,0.45
2663.7,0.48
2665.0,0.48
2666.3,0.48
2667.6,0.48
2668.9,0.48
2670.2,0.48
2671.6,0.45
2672.9,0.48
2674.2,0.48
2675.5,0.48
2676.8,0.48
2678.2,0.45
2679.5,0.48
2680.8,0.48
2682.2,0.45
2683.5,0.48
2684.8,0.48
2686.1,0.48
2687.4,0.48
2688.8,0.45
2690.1,0.48
2691.4,0.48
2692.7,0.48
2694.1,0.45
2695.4,0.48
2696.7,0.48
2698.1,0.45
2699.5,0.45
2701.0,0.42
2702.5,0.42
2704.0,0.42
2705.4,0.45
2706.9,0.42
2708.3,0.45
2709.8,0.42
2711.3,0.42
2712.8,0.42
2714.2,0.45
2715.6,0.45
2717.0,0.45
2718.4,0.45
2719.8,0.45
2721.2,0.45
2722.5,0.48
2723.9,0.45
2725.3,0.45
2726.7,0.45
2728.2,0.42
2729.6,0.45
2731.0,0.45
2732.5,0.42
2733.9,0.45
2735.4,0.42
2736.9,0.42
2738.4,0.42
2739.9,0.42
2741.4,0.42
2742.9,0.42
2744.5,0.39
2746.1,0.39
2747.8,0.37
2749.3,0.42
2750.8,0.42
2752.3,0.42
2753.8,0.42
2755.3,0.42
2756.8,0.42
2758.3,0.42
2759.8,0.42
2761.3,0.42
2762.8,0.42
2764.4,0.39
2766.0,0.39
2767.6,0.39
2769.2,0.39
2770.9,0.37
2772.6,0.37
2774.3,0.37
2776.0,0.37
2777.8,0.35
2779.5,0.37
2781.2,0.37
2783.0,0.35
2784.7,0.37
2786.3,0.39
2787.9,0.39
2789.4,0.42
2790.9,0.42
2792.3,0.45
2793.8,0.42
2795.2,0.45
2796.5,0.48
2797.9,0.45
2799.2,0.48
2800.6,0.45
2801.9,0.48
2803.3,0.45
2804.7,0.45
2806.2,0.42
2807.6,0.45
2809.1,0.42
2810.5,0.45
2812.0,0.42
2813.5,0.42
2815.1,0.39
2816.6,0.42
2818.0,0.45
2819.5,0.42
2820.9,0.45
2822.4,0.42
2823.8,0.45
2825.3,0.42
2826.8,0.42
2828.2,0.45
2829.7,0.42
2831.2,0.42
2832.7,0.42
2834.2,0.42
2835.7,0.42
2837.2,0.42
2838.8,0.39
2840.4,0.39
2842.0,0.39
2843.7,0.37
2845.2,0.42
2846.8,0.39
2848.3,0.42
2849.8,0.42
2851.3,0.42
2852.7,0.45
2854.2,0.42
2855.7,0.42
2857.2,0.42
2858.8,0.39
2860.4,0.39
2862.0,0.39
2863.6,0.39
2865.2,0.39
2866.7,0.42
2868.2,0.42
2869.8,0.39
2871.3,0.42
2872.8,0.42
2874.4,0.39
2875.9,0.42
2877.5,0.39
2879.1,0.39
2880.6,0.42
2882.2,0.39
2883.6,0.45
2885.1,0.42
2886.5,0.45
2888.0,0.42
2889.4,0.45
2890.8,0.45
2892.2,0.45
2893.7,0.42
2895.1,0.45
2896.6,0.42
2898.1,0.42
2899.7,0.39
2901.3,0.39
2902.9,0.39
2904.6,0.37
2906.3,0.37
2908.0,0.37
2909.7,0.37
2911.4,0.37
2913.1,0.37
2914.7,0.39
2916.3,0.39
2917.8,0.42
2919.3,0.42
2920.8,0.42
2922.2,0.45
2923.7,0.42
2925.1,0.45
2926.6,0.42
2928.2,0.39
2929.8,0.39
2931.3,0.42
2932.9,0.39
2934.5,0.39
2936.2,0.37
2937.8,0.39
2939.5,0.37
2941.2,0.37
2942.8,0.39
2944.4,0.39
2946.1,0.37
2947.8,0.37
2949.4,0.39
2950.9,0.42
2952.4,0.42
2953.9,0.42
2955.4,0.42
2956.9,0.42
2958.4,0.42
2959.9,0.42
2961.3,0.45
2962.8,0.42
2964.2,0.45
2965.6,0.45
2967.1,0.42
2968.6,0.42
2970.2,0.39
2971.7,0.42
2973.2,0.42
2974.8,0.39
2976.3,0.42
2977.8,0.42
2979.3,0.42
2980.8,0.42
2982.4,0.39
2983.9,0.42
2985.4,0.42
2986.9,0.42
2988.4,0.42
2989.8,0.45
2991.3,0.42
2992.8,0.42
2994.2,0.45
2995.8,0.39
2997.3,0.42
2998.8,0.42
3000.3,0.42
3001.8,0.42
3003.3,0.42
3004.9,0.39
3006.4,0.42
3007.9,0.42
3009.4,0.42
3010.9,0.42
3012.4,0.42
3013.9,0.42
3015.3,0.45
3016.7,0.45
3018.1,0.45
3019.6,0.42
3021.0,0.45
3022.4,0.45
3023.9,0.42
3025.4,0.42
3026.9,0.42
3028.3,0.45
3029.8,0.42
3031.3,0.42
3032.7,0.45
3034.2,0.42
3035.8,0.39
3037.3,0.42
3038.9,0.39
3040.4,0.42
3042.0,0.39
3043.5,0.42
3044.9,0.45
3046.4,0.42
3047.9,0.42
3049.3,0.45
3050.7,0.45
3052.1,0.45
3053.6,0.42
3055.0,0.45
3056.5,0.42
3058.0,0.42
3059.6,0.39
3061.1,0.42
3062.5,0.45
3063.9,0.45
3065.3,0.45
3066.7,0.45
3068.1,0.45
3069.5,0.45
3070.8,0.48
3072.2,0.45
3073.7,0.42
3075.1,0.45
3076.5,0.45
3077.9,0.45
3079.3,0.45
3080.7,0.45
3082.1,0.45
3083.5,0.45
3085.0,0.42
3086.4,0.45
3087.9,0.42
3089.4,0.42
3090.9,0.42
3092.4,0.42
3094.0,0.39
3095.4,0.45
3096.9,0.42
3098.4,0.42
3099.9,0.42
3101.4,0.42
3102.9,0.42
3104.4,0.42
3105.9,0.42
3107.5,0.39
3109.0,0.42
3110.6,0.39
3112.1,0.42
3113.6,0.42
3115.0,0.45
3116.5,0.42
3117.9,0.45
3119.4,0.42
3120.9,0.42
3122.3,0.45
3123.8,0.42
3125.3,0.42
3126.8,0.42
3128.3,0.42
3129.7,0.45
3131.1,0.45
3132.5,0.45
3133.9,0.45
3135.2,0.48
3136.6,0.45
3137.9,0.48
3139.3,0.45
3140.6,0.48
3142.0,0.45
3143.4,0.45
3144.8,0.45
3146.2,0.45
3147.6,0.45
3149.0,0.45
3150.5,0.42
3151.9,0.45
3153.3,0.45
3154.8,0.42
3156.3,0.42
3157.8,0.42
3159.3,0.42
3160.8,0.42
3162.3,0.42
3163.8,0.42
3165.3,0.42
3166.7,0.45
3168.2,0.42
3169.6,0.45
3171.0,0.45
3172.5,0.42
3173.9,0.45
3175.3,0.45
3176.8,0.42
3178.2,0.45
3179.7,0.42
3181.2,0.42
3182.6,0.45
3184.1,0.42
3185.6,0.42
3187.2,0.39
3188.7,0.42
3190.2,0.42
3191.7,0.42
3193.2,0.42
3194.8,0.39
3196.3,0.42
3197.8,0.42
3199.2,0.45
3200.7,0.42
3202.1,0.45
3203.6,0.42
3205.0,0.45
3206.5,0.42
3208.0,0.42
3209.5,0.42
3211.0,0.42
3212.5,0.42
3213.9,0.45
3215.4,0.42
3216.9,0.42
3218.3,0.45
3219.8,0.42
3221.3,0.42
3222.8,0.42
3224.3,0.42
3225.8,0.42
3227.3,0.42
3228.9,0.39
3230.4,0.42
3232.0,0.39
3233.5,0.42
3235.1,0.39
3236.6,0.42
3238.2,0.39
3239.8,0.39
3241.3,0.42
3242.9,0.39
3244.4,0.42
3245.9,0.42
3247.3,0.45
3248.8,0.42
3250.2,0.45
3251.5,0.48
3252.9,0.45
3254.3,0.45
3255.7,0.45
3257.1,0.45
3258.5,0.45
3259.9,0.45
3261.3,0.45
3262.8,0.42
3264.2,0.45
3265.6,0.45
3267.1,0.42
3268.5,0.45
3269.9,0.45
3271.3,0.45
3272.8,0.42
3274.2,0.45
3275.7,0.42
3277.1,0.45
3278.6,0.42
3280.1,0.42
3281.6,0.42
3283.1,0.42
3284.6,0.42
3286.1,0.42
3287.6,0.42
3289.1,0.42
3290.7,0.39
3292.2,0.42
3293.8,0.39
3295.3,0.42
3296.9,0.39
3298.4,0.42
3299.8,0.45
3301.3,0.42
3302.8,0.42
3304.3,0.42
3305.7,0.45
3307.2,0.42
3308.6,0.45
3310.1,0.42
3311.5,0.45
3313.0,0.42
3314.5,0.42
3315.9,0.45
3317.4,0.42
3318.9,0.42
3320.4,0.42
3321.8,0.45
3323.3,0.42
3324.8,0.42
3326.2,0.45
3327.7,0.42
3329.1,0.45
3330.4,0.48
3331.8,0.45
3333.2,0.45
3334.5,0.48
3335.9,0.45
3337.2,0.48
3338.6,0.45
3340.0,0.45
3341.4,0.45
3342.8,0.45
3344.2,0.45
3345.6,0.45
3346.9,0.48
3348.3,0.45
3349.7,0.45
3351.0,0.48
3352.4,0.45
3353.8,0.45
3355.3,0.42
3356.7,0.45
3358.1,0.45
3359.6,0.42
3361.0,0.45
3362.4,0.45
3363.8,0.45
3365.2,0.45
3366.6,0.45
3368.0,0.45
3369.5,0.42
3370.9,0.45
3372.4,0.42
3373.8,0.45
3375.3,0.42
3376.7,0.45
3378.2,0.42
3379.6,0.45
3381.0,0.45
3382.5,0.42
3383.9,0.45
3385.4,0.42
3386.9,0.42
3388.4,0.42
3389.9,0.42
3391.4,0.42
3392.9,0.42
3394.4,0.42
3396.0,0.39
3397.5,0.42
3399.0,0.42
3400.5,0.42
3402.1,0.39
3403.6,0.42
3405.1,0.42
3406.6,0.42
3408.1,0.42
3409.6,0.42
3411.1,0.42
3412.6,0.42
3414.0,0.45
3415.5,0.42
3416.9,0.45
3418.3,0.45
3419.7,0.45
3421.0,0.48
3422.4,0.45
3423.8,0.45
3425.1,0.48
3426.4,0.48
3427.8,0.45
3429.1,0.48
3430.4,0.48
3431.7,0.48
3433.0,0.48
3434.4,0.45
3435.7,0.48
3437.1,0.45
3438.4,0.48
3439.8,0.45
3441.1,0.48
3442.5,0.45
3443.9,0.45
3445.3,0.45
3446.7,0.45
3448.1,0.45
3449.6,0.42
3451.0,0.45
3452.4,0.45
3453.8,0.45
3455.2,0.45
3456.7,0.42
3458.1,0.45
3459.4,0.48
3460.8,0.45
3462.2,0.45
3463.6,0.45
3465.0,0.45
3466.4,0.45
3467.8,0.45
3469.2,0.45
3470.5,0.48
3471.9,0.45
3473.3,0.45
3474.7,0.45
3476.0,0.48
3477.4,0.45
3478.8,0.45
3480.1,0.48
3481.5,0.45
3482.9,0.45
3484.3,0.45
3485.7,0.45
3487.0,0.48
3488.4,0.45
3489.7,0.48
3491.1,0.45
3492.5,0.45
3493.9,0.45
3495.2,0.48
3496.6,0.45
3498.0,0.45
3499.4,0.45
3500.7,0.48
3502.1,0.45
3503.5,0.45
3504.9,0.45
3506.3,0.45
3507.7,0.45
3509.1,0.45
3510.5,0.45
3511.9,0.45
3513.3,0.45
3514.7,0.45
3516.1,0.45
3517.5,0.45
3518.9,0.45
3520.3,0.45
3521.6,0.48
3522.9,0.48
3524.2,0.48
3525.6,0.45
3526.9,0.48
3528.2,0.48
3529.6,0.45
3531.0,0.45
3532.3,0.48
3533.7,0.45
3535.2,0.42
3536.6,0.45
3538.1,0.42
3539.7,0.39
3541.2,0.42
3542.7,0.42
3544.2,0.42
3545.7,0.42
3547.2,0.42
3548.6,0.45
3550.0,0.45
3551.5,0.42
3552.9,0.45
3554.3,0.45
3555.7,0.45
3557.1,0.45
3558.5,0.45
3559.9,0.45
3561.4,0.42
3562.8,0.45
3564.3,0.42
3565.7,0.45
3567.2,0.42
3568.7,0.42
3570.2,0.42
3571.6,0.45
3573.0,0.45
3574.4,0.45
3575.8,0.45
3577.2,0.45
3578.6,0.45
3580.0,0.45
3581.4,0.45
3582.8,0.45
3584.2,0.45
3585.7,0.42
3587.1,0.45
3588.5,0.45
3590.0,0.42
3591.4,0.45
3592.9,0.42
3594.3,0.45
3595.8,0.42
3597.3,0.42
3598.8,0.42
3600.4,0.39
3602.0,0.39
3603.6,0.39
3605.2,0.39
3606.8,0.39
3608.4,0.39
3610.0,0.39
3611.6,0.39
3613.1,0.42
3614.7,0.39
3616.2,0.42
3617.7,0.42
3619.2,0.42
3620.6,0.45
3622.1,0.42
3623.5,0.45
3624.9,0.45
3626.3,0.45
3627.7,0.45
3629.1,0.45
3630.5,0.45
3631.8,0.48
3633.2,0.45
3634.6,0.45
3635.9,0.48
3637.3,0.45
3638.7,0.45
3640.1,0.45
3641.5,0.45
3643.0,0.42
3644.4,0.45
3645.9,0.42
3647.3,0.45
3648.8,0.42
3650.2,0.45
3651.7,0.42
3653.2,0.42
3654.6,0.45
3656.1,0.42
3657.5,0.45
3659.0,0.42
3660.5,0.42
3662.0,0.42
3663.5,0.42
3664.9,0.45
3666.3,0.45
3667.6,0.48
3669.0,0.45
3670.3,0.48
3671.6,0.48
3673.0,0.45
3674.3,0.48
3675.6,0.48
3677.0,0.45
3678.3,0.48
3679.7,0.45
3681.0,0.48
3682.4,0.45
3683.9,0.42
3685.4,0.42
3686.8,0.45
3688.3,0.42
3689.8,0.42
3691.2,0.45
3692.7,0.42
3694.1,0.45
3695.5,0.45
3696.9,0.45
3698.2,0.48
3699.6,0.45
3701.0,0.45
3702.4,0.45
3703.8,0.45
3705.2,0.45
3706.6,0.45
3708.0,0.45
3709.5,0.42
3710.9,0.45
3712.3,0.45
3713.8,0.42
3715.2,0.45
3716.6,0.45
3718.0,0.45
3719.4,0.45
3720.8,0.45
3722.2,0.45
3723.6,0.45
3725.0,0.45
3726.3,0.48
3727.7,0.45
3729.1,0.45
3730.5,0.45
3731.9,0.45
3733.3,0.45
3734.7,0.45
3736.1,0.45
3737.5,0.45
3738.9,0.45
3740.4,0.42
3741.8,0.45
3743.3,0.42
3744.8,0.42
3746.3,0.42
3747.8,0.42
3749.3,0.42
3750.8,0.42
3752.3,0.42
3753.7,0.45
3755.2,0.42
3756.7,0.42
3758.2,0.42
3759.6,0.45
3761.1,0.42
3762.5,0.45
3763.9,0.45
3765.3,0.45
3766.8,0.42
3768.2,0.45
3769.7,0.42
3771.1,0.45
3772.6,0.42
3774.0,0.45
3775.5,0.42
3776.9,0.45
3778.3,0.45
3779.8,0.42
3781.2,0.45
3782.7,0.42
3784.1,0.45
3785.6,0.42
3787.1,0.42
3788.6,0.42
3790.1,0.42
3791.5,0.45
3793.0,0.42
3794.5,0.42
3796.0,0.42
3797.5,0.42
3799.0,0.42
3800.5,0.42
3802.0,0.42
3803.5,0.42
3804.9,0.45
3806.4,0.42
3807.8,0.45
3809.2,0.45
3810.6,0.45
3812.0,0.45
3813.4,0.45
3814.8,0.45
3816.2,0.45
3817.6,0.45
3819.0,0.45
3820.4,0.45
3821.8,0.45
3823.2,0.45
3824.7,0.42
3826.1,0.45
3827.5,0.45
3829.0,0.42
3830.4,0.45
3831.9,0.42
3833.4,0.42
3834.9,0.42
3836.4,0.42
3837.9,0.42
3839.3,0.45
3840.8,0.42
3842.2,0.45
3843.6,0.45
3845.0,0.45
3846.4,0.45
3847.8,0.45
3849.2,0.45
3850.6,0.45
3852.0,0.45
3853.5,0.42
3854.9,0.45
3856.3,0.45
3857.8,0.42
3859.2,0.45
3860.6,0.45
3862.1,0.42
3863.6,0.42
3865.0,0.45
3866.5,0.42
3867.9,0.45
3869.4,0.42
3870.8,0.45
3872.2,0.45
3873.7,0.42
3875.2,0.42
3876.7,0.42
3878.1,0.45
3879.6,0.42
3881.0,0.45
3882.5,0.42
3883.9,0.45
3885.4,0.42
3886.8,0.45
3888.3,0.42
3889.8,0.42
3891.2,0.45
3892.7,0.42
3894.2,0.42
3895.6,0.45
3897.2,0.39
3898.7,0.42
3900.2,0.42
3901.7,0.42
3903.2,0.42
3904.6,0.45
3906.1,0.42
3907.6,0.42
3909.0,0.45
3910.5,0.42
3912.0,0.42
3913.5,0.42
3915.0,0.42
3916.5,0.42
3918.0,0.42
3919.4,0.45
3920.9,0.42
3922.3,0.45
3923.8,0.42
3925.2,0.45
3926.7,0.42
3928.2,0.42
3929.6,0.45
3931.1,0.42
3932.5,0.45
3934.0,0.42
3935.6,0.39
3937.1,0.42
3938.6,0.42
3940.1,0.42
3941.6,0.42
3943.2,0.39
3944.6,0.45
3946.1,0.42
3947.6,0.42
3949.1,0.42
3950.6,0.42
3952.1,0.42
3953.6,0.42
3955.1,0.42
3956.6,0.42
3958.1,0.42
3959.6,0.42
3961.1,0.42
3962.5,0.45
3964.0,0.42
3965.5,0.42
3966.9,0.45
3968.4,0.42
3969.8,0.45
3971.3,0.42
3972.7,0.45
3974.1,0.45
3975.4,0.48
3976.8,0.45
3978.2,0.45
3979.6,0.45
3981.0,0.45
3982.4,0.45
3983.8,0.45
3985.2,0.45
3986.6,0.45
3988.1,0.42
3989.4,0.48
3990.8,0.45
3992.2,0.45
3993.6,0.45
3995.0,0.45
3996.5,0.42
3997.9,0.45
3999.3,0.45
4000.8,0.42
4002.2,0.45
4003.7,0.42
4005.2,0.42
4006.7,0.42
4008.2,0.42
4009.7,0.42
4011.1,0.45
4012.6,0.42
4014.0,0.45
4015.4,0.45
4016.8,0.45
4018.2,0.45
4019.7,0.42
4021.2,0.42
4022.7,0.42
4024.2,0.42
4025.7,0.42
4027.2,0.42
4028.7,0.42
4030.2,0.42
4031.6,0.45
4033.1,0.42
4034.6,0.42
4036.0,0.45
4037.4,0.45
4038.8,0.45
4040.2,0.45
4041.6,0.45
4043.0,0.45
4044.5,0.42
4045.9,0.45
4047.3,0.45
4048.8,0.42
4050.3,0.42
4051.7,0.45
4053.2,0.42
4054.7,0.42
4056.1,0.45
4057.6,0.42
4059.0,0.45
4060.4,0.45
4061.8,0.45
4063.3,0.42
4064.7,0.45
4066.1,0.45
4067.6,0.42
4069.0,0.45
4070.4,0.45
4071.9,0.42
4073.3,0.45
4074.7,0.45
4076.1,0.45
4077.5,0.45
4079.0,0.42
4080.4,0.45
4081.8,0.45
4083.3,0.42
4084.8,0.42
4086.2,0.45
4087.7,0.42
4089.1,0.45
4090.5,0.45
4092.0,0.42
4093.4,0.45
4094.9,0.42
4096.4,0.42
4097.8,0.45
4099.2,0.45
4100.7,0.42
4102.1,0.45
4103.6,0.42
4105.0,0.45
4106.5,0.42
4107.9,0.45
4109.4,0.42
4110.8,0.45
4112.2,0.45
4113.6,0.45
4115.0,0.45
4116.4,0.45
4117.8,0.45
4119.3,0.42
4120.7,0.45
4122.2,0.42
4123.7,0.42
4125.2,0.42
4126.7,0.42
4128.3,0.39
4129.8,0.42
4131.4,0.39
4132.9,0.42
4134.4,0.42
4135.9,0.42
4137.3,0.45
4138.8,0.42
4140.2,0.45
4141.6,0.45
4143.1,0.42
4144.5,0.45
4145.9,0.45
4147.3,0.45
4148.7,0.45
4150.0,0.48
4151.4,0.45
4152.8,0.45
4154.2,0.45
4155.6,0.45
4157.0,0.45
4158.4,0.45
4159.8,0.45
4161.2,0.45
4162.6,0.45
4164.0,0.45
4165.4,0.45
4166.8,0.45
4168.3,0.42
4169.8,0.42
4171.2,0.45
4172.7,0.42
4174.2,0.42
4175.6,0.45
4177.1,0.42
4178.5,0.45
4179.9,0.45
4181.3,0.45
4182.7,0.45
4184.1,0.45
4185.6,0.42
4187.0,0.45
4188.4,0.45
4189.9,0.42
4191.3,0.45
4192.7,0.45
4194.1,0.45
4195.6,0.42
4197.0,0.45
4198.4,0.45
4199.8,0.45
4201.3,0.42
4202.8,0.42
4204.2,0.45
4205.6,0.45
4207.1,0.42
4208.6,0.42
4210.0,0.45
4211.5,0.42
4212.9,0.45
4214.3,0.45
4215.8,0.42
4217.2,0.45
4218.6,0.45
4220.1,0.42
4221.5,0.45
4223.0,0.42
4224.4,0.45
4225.9,0.42
4227.3,0.45
4228.7,0.45
4230.1,0.45
4231.6,0.42
4233.0,0.45
4234.4,0.45
4235.8,0.45
4237.3,0.42
4238.7,0.45
4240.2,0.42
4241.7,0.42
4243.2,0.42
4244.7,0.42
4246.1,0.45
4247.6,0.42
4249.0,0.45
4250.4,0.45
4251.9,0.42
4253.3,0.45
4254.7,0.45
4256.1,0.45
4257.4,0.48
4258.8,0.45
4260.2,0.45
4261.6,0.45
4263.0,0.45
4264.4,0.45
4265.9,0.42
4267.3,0.45
4268.7,0.45
4270.2,0.42
4271.6,0.45
4273.1,0.42
4274.6,0.42
4276.1,0.42
4277.6,0.42
4279.1,0.42
4280.6,0.42
4282.2,0.39
4283.8,0.39
4285.3,0.42
4286.9,0.39
4288.4,0.42
4289.9,0.42
4291.4,0.42
4292.9,0.42
4294.3,0.45
4295.8,0.42
4297.1,0.48
4298.5,0.45
4299.9,0.45
4301.2,0.48
4302.6,0.45
4303.9,0.48
4305.2,0.48
4306.6,0.45
4308.0,0.45
4309.5,0.42
4310.9,0.45
4312.4,0.42
4313.9,0.42
4315.5,0.39
4317.0,0.42
4318.6,0.39
4320.1,0.42
4321.7,0.39
4323.2,0.42
4324.7,0.42
4326.1,0.45
4327.6,0.42
4329.1,0.42
4330.6,0.42
4332.1,0.42
4333.6,0.42
4335.0,0.45
4336.4,0.45
4337.9,0.42
4339.3,0.45
4340.7,0.45
4342.1,0.45
4343.4,0.48
4344.8,0.45
4346.2,0.45
4347.7,0.42
4349.1,0.45
4350.6,0.42
4352.0,0.45
4353.4,0.45
4354.8,0.45
4356.2,0.45
4357.6,0.45
4359.0,0.45
4360.4,0.45
4361.8,0.45
4363.3,0.42
4364.8,0.42
4366.2,0.45
4367.7,0.42
4369.2,0.42
4370.7,0.42
4372.1,0.45
4373.6,0.42
4375.1,0.42
4376.6,0.42
4378.1,0.42
4379.5,0.45
4381.0,0.42
4382.4,0.45
4383.8,0.45
4385.2,0.45
4386.6,0.45
4388.0,0.45
4389.4,0.45
4390.8,0.45
4392.2,0.45
4393.6,0.45
4395.0,0.45
4396.4,0.45
4397.9,0.42
4399.3,0.45
4400.7,0.45
4402.1,0.45
4403.4,0.48
4404.8,0.45
4406.2,0.45
4407.6,0.45
4409.0,0.45
4410.5,0.42
4411.9,0.45
4413.3,0.45
4414.8,0.42
4416.2,0.45
4417.6,0.45
4419.0,0.45
4420.5,0.42
4421.9,0.45
4423.4,0.42
4424.8,0.45
4426.3,0.42
4427.7,0.45
4429.2,0.42
4430.6,0.45
4432.0,0.45
4433.4,0.45
4434.9,0.42
4436.3,0.45
4437.7,0.45
4439.2,0.42
4440.6,0.45
4442.1,0.42
4443.5,0.45
4445.0,0.42
4446.5,0.42
4448.0,0.42
4449.5,0.42
4451.0,0.42
4452.4,0.45
4453.8,0.45
4455.2,0.45
4456.6,0.45
4458.0,0.45
4459.4,0.45
4460.8,0.45
4462.2,0.45
4463.6,0.45
4465.1,0.42
4466.5,0.45
4468.0,0.42
4469.5,0.42
4471.0,0.42
4472.5,0.42
4473.9,0.45
4475.3,0.45
4476.7,0.45
4478.2,0.42
4479.6,0.45
4481.0,0.45
4482.4,0.45
4483.9,0.42
4485.4,0.42
4486.9,0.42
4488.3,0.45
4489.8,0.42
4491.2,0.45
4492.6,0.45
4494.0,0.45
4495.5,0.42
4496.9,0.45
4498.4,0.42
4499.8,0.45
4501.3,0.42
4502.8,0.42
4504.3,0.42
4505.8,0.42
4507.3,0.42
4508.9,0.39
4510.4,0.42
4511.9,0.42
4513.5,0.39
4515.0,0.42
4516.4,0.45
4517.9,0.42
4519.4,0.42
4520.9,0.42
4522.4,0.42
4523.8,0.45
4525.3,0.42
4526.8,0.42
4528.3,0.42
4529.7,0.45
4531.2,0.42
4532.6,0.45
4534.1,0.42
4535.6,0.42
4537.1,0.42
4538.6,0.42
4540.1,0.42
4541.6,0.42
4543.1,0.42
4544.6,0.42
4546.1,0.42
4547.7,0.39
4549.2,0.42
4550.8,0.39
4552.3,0.42
4553.8,0.42
4555.4,0.39
4556.9,0.42
4558.4,0.42
4559.9,0.42
4561.4,0.42
4562.9,0.42
4564.4,0.42
4565.9,0.42
4567.4,0.42
4568.9,0.42
4570.4,0.42
4571.9,0.42
4573.4,0.42
4574.9,0.42
4576.4,0.42
4577.9,0.42
4579.4,0.42
4580.9,0.42
4582.4,0.42
4583.8,0.45
4585.3,0.42
4586.8,0.42
4588.2,0.45
4589.7,0.42
4591.2,0.42
4592.6,0.45
4594.0,0.45
4595.4,0.45
4596.9,0.42
4598.3,0.45
4599.8,0.42
4601.3,0.42
4602.8,0.42
4604.2,0.45
4605.7,0.42
4607.1,0.45
4608.6,0.42
4610.1,0.42
4611.6,0.42
4613.0,0.45
4614.5,0.42
4615.9,0.45
4617.3,0.45
4618.8,0.42
4620.2,0.45
4621.7,0.42
4623.2,0.42
4624.6,0.45
4626.1,0.42
4627.6,0.42
4629.1,0.42
4630.5,0.45
4632.0,0.42
4633.4,0.45
4634.9,0.42
4636.4,0.42
4637.8,0.45
4639.3,0.42
4640.8,0.42
4642.3,0.42
4643.8,0.42
4645.3,0.42
4646.8,0.42
4648.3,0.42
4649.8,0.42
4651.3,0.42
4652.8,0.42
4654.4,0.39
4656.0,0.39
4657.5,0.42
4659.0,0.42
4660.4,0.45
4661.9,0.42
4663.4,0.42
4664.8,0.45
4666.3,0.42
4667.8,0.42
4669.3,0.42
4670.9,0.39
4672.4,0.42
4673.9,0.42
4675.4,0.42
4676.9,0.42
4678.4,0.42
4679.9,0.42
4681.4,0.42
4682.9,0.42
4684.4,0.42
4685.9,0.42
4687.4,0.42
4689.0,0.39
4690.6,0.39
4692.1,0.42
4693.7,0.39
4695.3,0.39
4696.9,0.39
4698.5,0.39
4700.0,0.42
4701.6,0.39
4703.1,0.42
4704.7,0.39
4706.2,0.42
4707.8,0.39
4709.2,0.45
4710.7,0.42
4712.2,0.42
4713.6,0.45
4715.1,0.42
4716.6,0.42
4718.1,0.42
4719.6,0.42
4721.2,0.39
4722.7,0.42
4724.3,0.39
4725.9,0.39
4727.4,0.42
4729.0,0.39
4730.5,0.42
4732.0,0.42
4733.5,0.42
4735.1,0.39
4736.6,0.42
4738.2,0.39
4739.7,0.42
4741.2,0.42
4742.8,0.39
4744.3,0.42
4745.8,0.42
4747.3,0.42
4748.8,0.42
4750.3,0.42
4751.9,0.39
4753.4,0.42
4754.9,0.42
4756.4,0.42
4757.9,0.42
4759.3,0.45
4760.8,0.42
4762.2,0.45
4763.7,0.42
4765.1,0.45
4766.6,0.42
4768.0,0.45
4769.5,0.42
4771.0,0.42
4772.4,0.45
4773.9,0.42
4775.4,0.42
4776.8,0.45
4778.3,0.42
4779.9,0.39
4781.4,0.42
4782.9,0.42
4784.5,0.39
4786.0,0.42
4787.6,0.39
4789.2,0.39
4790.8,0.39
4792.4,0.39
4794.0,0.39
4795.6,0.39
4797.1,0.42
4798.7,0.39
4800.2,0.42
4801.9,0.37
4803.5,0.39
4805.1,0.39
4806.8,0.37
4808.4,0.39
4810.1,0.37
4811.6,0.42
4813.2,0.39
4814.8,0.39
4816.4,0.39
4818.0,0.39
4819.6,0.39
4821.2,0.39
4822.8,0.39
4824.3,0.42
4825.8,0.42
4827.3,0.42
4828.8,0.42
4830.3,0.42
4831.8,0.42
4833.3,0.42
4834.8,0.42
4836.4,0.39
4838.0,0.39
4839.6,0.39
4841.1,0.42
4842.7,0.39
4844.2,0.42
4845.8,0.39
4847.3,0.42
4848.9,0.39
4850.4,0.42
4851.9,0.42
4853.3,0.45
4854.8,0.42
4856.3,0.42
4857.8,0.42
4859.3,0.42
4860.8,0.42
4862.3,0.42
4863.8,0.42
4865.2,0.45
4866.7,0.42
4868.2,0.42
4869.7,0.42
4871.2,0.42
4872.7,0.42
4874.2,0.42
4875.8,0.39
4877.3,0.42
4878.9,0.39
4880.5,0.39
4882.1,0.39
4883.7,0.39
4885.4,0.37
4887.0,0.39
4888.6,0.39
4890.2,0.39
4891.7,0.42
4893.3,0.39
4894.8,0.42
4896.4,0.39
4897.9,0.42
4899.5,0.39
4901.0,0.42
4902.6,0.39
4904.1,0.42
4905.7,0.39
4907.3,0.39
4908.9,0.39
4910.6,0.37
4912.2,0.39
4913.7,0.42
4915.2,0.42
4916.8,0.39
4918.3,0.42
4919.9,0.39
4921.4,0.42
4922.9,0.42
4924.5,0.39
4926.1,0.39
4927.6,0.42
4929.2,0.39
4930.7,0.42
4932.3,0.39
4933.8,0.42
4935.3,0.42
4936.8,0.42
4938.3,0.42
4939.8,0.42
4941.3,0.42
4942.8,0.42
4944.2,0.45
4945.6,0.45
4947.1,0.42
4948.6,0.42
4950.0,0.45
4951.5,0.42
4952.9,0.45
4954.3,0.45
4955.8,0.42
4957.2,0.45
4958.6,0.45
4960.1,0.42
4961.5,0.45
4963.0,0.42
4964.5,0.42
4966.1,0.39
4967.7,0.39
4969.2,0.42
4970.8,0.39
4972.3,0.42
4973.9,0.39
4975.4,0.42
4976.9,0.42
4978.4,0.42
4979.7,0.48
4981.1,0.45
4982.5,0.45
4983.9,0.45
4985.3,0.45
4986.7,0.45
4988.1,0.45
4989.6,0.42
4991.0,0.45
4992.5,0.42
4993.9,0.45
4995.2,0.48
4996.6,0.45
4997.9,0.48
4999.2,0.48
5000.5,0.48
5001.8,0.48
5003.1,0.48
5004.5,0.45
5006.0,0.42
5007.5,0.42
5009.0,0.42
5010.6,0.39
5012.2,0.39
5013.8,0.39
5015.4,0.39
5016.9,0.42
5018.5,0.39
5020.0,0.42
5021.5,0.42
5023.0,0.42
5024.5,0.42
5026.0,0.42
5027.4,0.45
5028.9,0.42
5030.3,0.45
5031.8,0.42
5033.3,0.42
5034.8,0.42
5036.3,0.42
5037.8,0.42
5039.3,0.42
5040.8,0.42
5042.2,0.45
5043.7,0.42
5045.2,0.42
5046.6,0.45
5048.1,0.42
5049.6,0.42
5051.0,0.45
5052.4,0.45
5053.8,0.45
5055.2,0.45
5056.7,0.42
5058.1,0.45
5059.6,0.42
5061.1,0.42
5062.6,0.42
5064.2,0.39
5065.9,0.37
5067.7,0.35
5069.4,0.37
5071.1,0.37
5072.7,0.39
5074.3,0.39
5075.9,0.39
5077.4,0.42
5078.9,0.42
5080.4,0.42
5082.0,0.39
5083.4,0.45
5084.9,0.42
5086.4,0.42
5087.9,0.42
5089.4,0.42
5090.9,0.42
5092.4,0.42
5093.9,0.42
5095.4,0.42
5096.9,0.42
5098.4,0.42
5099.9,0.42
5101.4,0.42
5102.9,0.42
5104.3,0.45
5105.7,0.45
5107.1,0.45
5108.5,0.45
5109.9,0.45
5111.3,0.45
5112.7,0.45
5114.2,0.42
5115.6,0.45
5117.1,0.42
5118.7,0.39
5120.2,0.42
5121.8,0.39
5123.4,0.39
5125.0,0.39
5126.6,0.39
5128.1,0.42
5129.6,0.42
5131.1,0.42
5132.6,0.42
5134.2,0.39
5135.7,0.42
5137.3,0.39
5138.8,0.42
5140.4,0.39
5141.9,0.42
5143.5,0.39
5145.1,0.39
5146.7,0.39
5148.4,0.37
5150.0,0.39
5151.7,0.37
5153.3,0.39
5154.9,0.39
5156.5,0.39
5158.1,0.39
5159.7,0.39
5161.3,0.39
5162.8,0.42
5164.3,0.42
5165.8,0.42
5167.3,0.42
5168.7,0.45
5170.2,0.42
5171.7,0.42
5173.1,0.45
5174.6,0.42
5176.1,0.42
5177.5,0.45
5178.9,0.45
5180.4,0.42
5181.8,0.45
5183.2,0.45
5184.6,0.45
5186.1,0.42
5187.6,0.42
5189.2,0.39
5190.7,0.42
5192.3,0.39
5193.9,0.39
5195.5,0.39
5197.0,0.42
5198.5,0.42
5200.1,0.39
5201.6,0.42
5203.1,0.42
5204.6,0.42
5206.0,0.45
5207.4,0.45
5208.9,0.42
5210.3,0.45
5211.8,0.42
5213.4,0.39
5214.9,0.42
5216.5,0.39
5218.1,0.39
5219.6,0.42
5221.2,0.39
5222.8,0.39
5224.3,0.42
5225.8,0.42
5227.3,0.42
5228.8,0.42
5230.3,0.42
5231.9,0.39
5233.4,0.42
5235.1,0.37
5236.7,0.39
5238.2,0.42
5239.9,0.37
5241.5,0.39
5243.1,0.39
5244.7,0.39
5246.3,0.39
5247.9,0.39
5249.5,0.39
5251.1,0.39
5252.8,0.37
5254.5,0.37
5256.1,0.39
5257.6,0.42
5259.1,0.42
5260.6,0.42
5262.1,0.42
5263.6,0.42
5265.2,0.39
5266.7,0.42
5268.3,0.39
5269.9,0.39
5271.4,0.42
5273.0,0.39
5274.5,0.42
5276.1,0.39
5277.6,0.42
5279.0,0.45
5280.5,0.42
5281.9,0.45
5283.3,0.45
5284.8,0.42
5286.2,0.45
5287.7,0.42
5289.2,0.42
5290.8,0.39
5292.3,0.42
5293.9,0.39
5295.5,0.39
5297.0,0.42
5298.5,0.42
5300.0,0.42
5301.4,0.45
5302.9,0.42
5304.4,0.42
5305.9,0.42
5307.4,0.42
5308.9,0.42
5310.4,0.42
5312.0,0.39
5313.5,0.42
5315.1,0.39
5316.6,0.42
5318.2,0.39
5319.7,0.42
5321.3,0.39
5322.8,0.42
5324.3,0.42
5325.6,0.48
5327.0,0.45
5328.4,0.45
5329.8,0.45
5331.3,0.42
5332.8,0.42
5334.3,0.42
5335.9,0.39
5337.4,0.42
5338.9,0.42
5340.4,0.42
5341.8,0.45
5343.3,0.42
5344.7,0.45
5346.1,0.45
5347.6,0.42
5349.0,0.45
5350.4,0.45
5351.9,0.42
5353.4,0.42
5354.9,0.42
5356.4,0.42
5357.9,0.42
5359.4,0.42
5360.9,0.42
5362.4,0.42
5363.8,0.45
5365.2,0.45
5366.7,0.42
5368.1,0.45
5369.6,0.42
5371.1,0.42
5372.6,0.42
5374.1,0.42
5375.5,0.45
5377.0,0.42
5378.5,0.42
5379.9,0.45
5381.4,0.42
5382.9,0.42
5384.4,0.42
5385.8,0.45
5387.3,0.42
5388.8,0.42
5390.2,0.45
5391.7,0.42
5393.2,0.42
5394.8,0.39
5396.4,0.39
5398.1,0.37
0.0,0.00
