26.2,0.35
27.7,0.42
29.1,0.45
30.4,0.48
31.7,0.48
32.9,0.52
34.1,0.52
35.3,0.52
36.6,0.48
37.8,0.52
39.0,0.52
40.3,0.48
41.5,0.52
42.7,0.52
44.0,0.48
45.2,0.52
46.4,0.52
47.6,0.52
48.8,0.52
50.0,0.52
51.2,0.52
52.4,0.52
53.6,0.52
54.8,0.52
56.0,0.52
57.3,0.48
58.6,0.48
59.9,0.48
61.3,0.45
62.6,0.48
63.9,0.48
65.2,0.48
66.5,0.48
67.8,0.48
69.1,0.48
70.4,0.48
71.6,0.52
72.9,0.48
74.2,0.48
75.5,0.48
76.8,0.48
78.1,0.48
79.3,0.52
80.6,0.48
81.9,0.48
83.2,0.48
84.5,0.48
85.8,0.48
87.0,0.52
88.3,0.48
89.5,0.52
90.8,0.48
92.0,0.52
93.3,0.48
94.5,0.52
95.8,0.48
97.0,0.52
98.2,0.52
99.5,0.48
100.7,0.52
102.0,0.48
103.3,0.48
104.5,0.52
105.8,0.48
107.0,0.52
108.3,0.48
109.6,0.48
110.8,0.52
112.1,0.48
113.4,0.48
114.6,0.52
115.9,0.48
117.2,0.48
118.5,0.48
119.8,0.48
121.1,0.48
122.4,0.48
123.7,0.48
125.0,0.48
126.3,0.48
127.6,0.48
128.9,0.48
130.2,0.48
131.5,0.48
132.8,0.48
134.1,0.48
135.4,0.48
136.7,0.48
137.9,0.52
139.2,0.48
140.5,0.48
141.8,0.48
143.0,0.52
144.3,0.48
145.5,0.52
146.8,0.48
148.1,0.48
149.3,0.52
150.6,0.48
151.9,0.48
153.2,0.48
154.5,0.48
155.8,0.48
157.2,0.45
158.5,0.48
159.8,0.48
161.1,0.48
162.5,0.45
163.8,0.48
165.2,0.45
166.6,0.45
167.9,0.48
169.2,0.48
170.5,0.48
171.8,0.48
173.1,0.48
174.4,0.48
175.8,0.45
177.1,0.48
178.4,0.48
179.7,0.48
181.0,0.48
182.3,0.48
183.7,0.45
185.0,0.48
186.3,0.48
187.6,0.48
188.8,0.52
190.0,0.52
191.2,0.52
192.4,0.52
193.7,0.48
194.9,0.52
196.1,0.52
197.3,0.52
198.6,0.48
199.8,0.52
201.0,0.52
202.2,0.52
203.5,0.48
204.8,0.48
206.0,0.52
207.3,0.48
208.6,0.48
209.8,0.52
211.1,0.48
212.4,0.48
213.6,0.52
214.9,0.48
216.1,0.52
217.4,0.48
218.6,0.52
219.9,0.48
221.2,0.48
222.5,0.48
223.8,0.48
225.1,0.48
226.3,0.52
227.6,0.48
228.9,0.48
230.1,0.52
231.4,0.48
232.6,0.52
233.9,0.48
235.2,0.48
236.4,0.52
237.7,0.48
239.0,0.48
240.2,0.52
241.5,0.48
242.7,0.52
243.9,0.52
245.2,0.48
246.5,0.48
247.7,0.52
249.0,0.48
250.3,0.48
251.5,0.52
252.7,0.52
254.0,0.48
255.2,0.52
256.5,0.48
257.8,0.48
259.0,0.52
260.3,0.48
261.6,0.48
262.9,0.48
264.2,0.48
265.5,0.48
266.8,0.48
268.1,0.48
269.4,0.48
270.6,0.52
271.9,0.48
273.1,0.52
274.4,0.48
275.7,0.48
277.0,0.48
278.3,0.48
279.7,0.45
281.0,0.48
282.4,0.45
283.7,0.48
285.0,0.48
286.3,0.48
287.7,0.45
289.0,0.48
290.3,0.48
291.7,0.45
293.0,0.48
294.3,0.48
295.7,0.45
297.0,0.48
298.4,0.45
299.8,0.45
301.1,0.48
302.5,0.45
303.9,0.45
305.2,0.48
306.6,0.45
308.0,0.45
309.4,0.45
310.7,0.48
312.1,0.45
313.5,0.45
314.8,0.48
316.2,0.45
317.6,0.45
318.9,0.48
320.3,0.45
321.7,0.45
323.0,0.48
324.4,0.45
325.7,0.48
327.0,0.48
328.4,0.45
329.7,0.48
331.0,0.48
332.3,0.48
333.6,0.48
334.9,0.48
336.2,0.48
337.6,0.45
338.9,0.48
340.2,0.48
341.5,0.48
342.8,0.48
344.1,0.48
345.4,0.48
346.7,0.48
348.0,0.48
349.3,0.48
350.6,0.48
351.9,0.48
353.3,0.45
354.6,0.48
355.9,0.48
357.3,0.45
358.6,0.48
359.9,0.48
361.2,0.48
362.5,0.48
363.7,0.52
365.0,0.48
366.3,0.48
367.6,0.48
368.9,0.48
370.2,0.48
371.5,0.48
372.8,0.48
374.1,0.48
375.3,0.52
376.6,0.48
377.9,0.48
379.2,0.48
380.5,0.48
381.9,0.45
383.2,0.48
384.5,0.48
385.8,0.48
387.1,0.48
388.4,0.48
389.7,0.48
391.0,0.48
392.3,0.48
393.6,0.48
394.9,0.48
396.2,0.48
397.5,0.48
398.8,0.48
400.1,0.48
401.4,0.48
402.8,0.45
404.0,0.52
405.1,0.57
406.2,0.57
407.3,0.57
408.4,0.57
409.4,0.63
410.5,0.57
411.6,0.57
412.7,0.57
413.8,0.57
415.0,0.52
416.1,0.57
417.3,0.52
418.5,0.52
419.7,0.52
420.9,0.52
422.2,0.48
423.4,0.52
424.6,0.52
425.9,0.48
427.1,0.52
428.4,0.48
429.6,0.52
430.9,0.48
432.2,0.48
433.5,0.48
434.8,0.48
436.1,0.48
437.4,0.48
438.7,0.48
440.0,0.48
441.3,0.48
442.6,0.48
443.9,0.48
445.2,0.48
446.6,0.45
447.9,0.48
449.2,0.48
450.5,0.48
451.8,0.48
453.1,0.48
454.4,0.48
455.7,0.48
457.1,0.45
458.4,0.48
459.7,0.48
461.0,0.48
462.4,0.45
463.7,0.48
465.1,0.45
466.4,0.48
467.8,0.45
469.1,0.48
470.5,0.45
471.8,0.48
473.2,0.45
474.5,0.48
475.8,0.48
477.2,0.45
478.5,0.48
479.9,0.45
481.2,0.48
482.6,0.45
484.0,0.45
485.3,0.48
486.7,0.45
488.0,0.48
489.4,0.45
490.7,0.48
492.1,0.45
493.4,0.48
494.8,0.45
496.1,0.48
497.5,0.45
498.9,0.45
500.2,0.48
501.6,0.45
503.0,0.45
504.3,0.48
505.7,0.45
507.0,0.48
508.3,0.48
509.7,0.45
511.0,0.48
512.3,0.48
513.7,0.45
515.0,0.48
516.3,0.48
517.7,0.45
519.0,0.48
520.3,0.48
521.6,0.48
523.0,0.45
524.3,0.48
525.7,0.45
527.0,0.48
528.3,0.48
529.7,0.45
531.0,0.48
532.4,0.45
533.7,0.48
535.1,0.45
536.5,0.45
537.9,0.45
539.3,0.45
540.7,0.45
542.0,0.48
543.4,0.45
544.8,0.45
546.2,0.45
547.6,0.45
549.0,0.45
550.4,0.45
551.8,0.45
553.2,0.45
554.6,0.45
556.0,0.45
557.4,0.45
558.8,0.45
560.2,0.45
561.6,0.45
563.0,0.45
564.4,0.45
565.8,0.45
567.2,0.45
568.5,0.48
569.9,0.45
571.3,0.45
572.6,0.48
574.0,0.45
575.4,0.45
576.7,0.48
578.1,0.45
579.4,0.48
580.8,0.45
582.1,0.48
583.5,0.45
584.8,0.48
586.2,0.45
587.5,0.48
588.9,0.45
590.2,0.48
591.6,0.45
592.9,0.48
594.3,0.45
595.6,0.48
597.0,0.45
598.3,0.48
599.7,0.45
601.0,0.48
602.4,0.45
603.8,0.45
605.1,0.48
606.5,0.45
607.8,0.48
609.1,0.48
610.5,0.45
611.9,0.45
613.2,0.48
614.6,0.45
616.0,0.45
617.3,0.48
618.7,0.45
620.0,0.48
621.4,0.45
622.8,0.45
624.1,0.48
625.5,0.45
626.9,0.45
628.3,0.45
629.6,0.48
631.0,0.45
632.4,0.45
633.7,0.48
635.1,0.45
636.4,0.48
637.8,0.45
639.2,0.45
640.6,0.45
642.0,0.45
643.4,0.45
644.8,0.45
646.2,0.45
647.6,0.45
649.0,0.45
650.5,0.42
651.9,0.45
653.3,0.45
654.7,0.45
656.1,0.45
657.5,0.45
658.8,0.48
660.2,0.45
661.5,0.48
662.8,0.48
664.2,0.45
665.5,0.48
666.9,0.45
668.2,0.48
669.6,0.45
671.0,0.45
672.4,0.45
673.8,0.45
675.3,0.42
676.8,0.42
678.2,0.45
679.7,0.42
681.1,0.45
682.5,0.45
684.0,0.42
685.4,0.45
686.8,0.45
688.2,0.45
689.6,0.45
691.0,0.45
692.4,0.45
693.8,0.45
695.1,0.48
696.5,0.45
697.9,0.45
699.3,0.45
700.6,0.48
702.0,0.45
703.4,0.45
704.8,0.45
706.1,0.48
707.5,0.45
708.9,0.45
710.3,0.45
711.7,0.45
713.1,0.45
714.5,0.45
715.8,0.48
717.2,0.45
718.6,0.45
720.0,0.45
721.4,0.45
722.7,0.48
724.1,0.45
725.5,0.45
726.9,0.45
728.4,0.42
729.7,0.48
731.1,0.45
732.5,0.45
733.9,0.45
735.2,0.48
736.6,0.45
738.0,0.45
739.4,0.45
740.7,0.48
742.0,0.48
743.4,0.45
744.7,0.48
746.0,0.48
747.3,0.48
748.6,0.48
750.0,0.45
751.3,0.48
752.6,0.48
753.9,0.48
755.2,0.48
756.5,0.48
757.9,0.45
759.2,0.48
760.6,0.45
761.9,0.48
763.2,0.48
764.5,0.48
765.8,0.48
767.1,0.48
768.5,0.45
769.8,0.48
771.1,0.48
772.5,0.45
773.8,0.48
775.1,0.48
776.5,0.45
777.9,0.45
779.2,0.48
780.5,0.48
781.8,0.48
783.1,0.48
784.5,0.45
785.8,0.48
787.1,0.48
788.5,0.45
789.8,0.48
791.1,0.48
792.5,0.45
793.8,0.48
795.1,0.48
796.4,0.48
797.7,0.48
799.1,0.45
800.4,0.48
801.7,0.48
803.0,0.48
804.4,0.45
805.8,0.45
807.1,0.48
808.4,0.48
809.8,0.45
811.1,0.48
812.4,0.48
813.8,0.45
815.1,0.48
816.4,0.48
817.8,0.45
819.1,0.48
820.4,0.48
821.7,0.48
823.1,0.45
824.4,0.48
825.7,0.48
827.1,0.45
828.4,0.48
829.8,0.45
831.1,0.48
832.4,0.48
833.8,0.45
835.1,0.48
836.5,0.45
837.8,0.48
839.2,0.45
840.5,0.48
841.9,0.45
843.2,0.48
844.5,0.48
845.9,0.45
847.2,0.48
848.6,0.45
849.9,0.48
851.2,0.48
852.5,0.48
853.8,0.48
855.1,0.48
856.4,0.48
857.7,0.48
859.0,0.48
860.3,0.48
861.6,0.48
862.9,0.48
864.2,0.48
865.5,0.48
866.9,0.45
868.2,0.48
869.5,0.48
870.8,0.48
872.2,0.45
873.5,0.48
874.9,0.45
876.2,0.48
877.6,0.45
878.9,0.48
880.3,0.45
881.7,0.45
883.0,0.48
884.4,0.45
885.8,0.45
887.1,0.48
888.5,0.45
889.9,0.45
891.2,0.48
892.6,0.45
893.9,0.48
895.2,0.48
896.6,0.45
897.9,0.48
899.2,0.48
900.5,0.48
901.8,0.48
903.1,0.48
904.5,0.45
905.8,0.48
907.1,0.48
908.4,0.48
909.8,0.45
911.1,0.48
912.5,0.45
913.8,0.48
915.1,0.48
916.5,0.45
917.9,0.45
919.2,0.48
920.6,0.45
922.0,0.45
923.4,0.45
924.8,0.45
926.1,0.48
927.5,0.45
928.9,0.45
930.2,0.48
931.6,0.45
932.9,0.48
934.3,0.45
935.7,0.45
937.0,0.48
938.4,0.45
939.8,0.45
941.2,0.45
942.5,0.48
943.8,0.48
945.2,0.45
946.5,0.48
947.8,0.48
949.1,0.48
950.4,0.48
951.8,0.45
953.1,0.48
954.4,0.48
955.7,0.48
957.0,0.48
958.4,0.45
959.7,0.48
961.0,0.48
962.4,0.45
963.7,0.48
965.0,0.48
966.4,0.45
967.7,0.48
969.0,0.48
970.3,0.48
971.6,0.48
973.0,0.45
974.3,0.48
975.6,0.48
977.0,0.45
978.4,0.45
979.7,0.48
981.1,0.45
982.5,0.45
983.8,0.48
985.2,0.45
986.6,0.45
987.9,0.48
989.3,0.45
990.6,0.48
992.0,0.45
993.4,0.45
994.7,0.48
996.1,0.45
997.4,0.48
998.8,0.45
1000.1,0.48
1001.5,0.45
1002.9,0.45
1004.2,0.48
1005.6,0.45
1007.0,0.45
1008.4,0.45
1009.8,0.45
1011.1,0.48
1012.5,0.45
1013.9,0.45
1015.3,0.45
1016.7,0.45
1018.1,0.45
1019.5,0.45
1021.0,0.42
1022.4,0.45
1023.8,0.45
1025.3,0.42
1026.7,0.45
1028.2,0.42
1029.6,0.45
1031.1,0.42
1032.5,0.45
1034.0,0.42
1035.4,0.45
1036.8,0.45
1038.2,0.45
1039.6,0.45
1041.1,0.42
1042.5,0.45
1043.9,0.45
1045.3,0.45
1046.7,0.45
1048.2,0.42
1049.6,0.45
1051.0,0.45
1052.4,0.45
1053.8,0.45
1055.2,0.45
1056.6,0.45
1058.0,0.45
1059.5,0.42
1060.9,0.45
1062.3,0.45
1063.7,0.45
1065.1,0.45
1066.5,0.45
1067.9,0.45
1069.3,0.45
1070.7,0.45
1072.2,0.42
1073.6,0.45
1075.0,0.45
1076.3,0.48
1077.8,0.42
1079.2,0.45
1080.6,0.45
1082.0,0.45
1083.4,0.45
1084.8,0.45
1086.2,0.45
1087.6,0.45
1089.1,0.42
1090.5,0.45
1091.9,0.45
1093.4,0.42
1094.8,0.45
1096.2,0.45
1097.7,0.42
1099.1,0.45
1100.6,0.42
1102.0,0.45
1103.5,0.42
1105.0,0.42
1106.4,0.45
1107.8,0.45
1109.2,0.45
1110.6,0.45
1112.0,0.45
1113.4,0.45
1114.8,0.45
1116.2,0.45
1117.6,0.45
1119.1,0.42
1120.5,0.45
1122.0,0.42
1123.5,0.42
1124.9,0.45
1126.4,0.42
1127.9,0.42
1129.3,0.45
1130.8,0.42
1132.2,0.45
1133.7,0.42
1135.2,0.42
1136.6,0.45
1138.1,0.42
1139.5,0.45
1141.0,0.42
1142.4,0.45
1143.9,0.42
1145.3,0.45
1146.7,0.45
1148.1,0.45
1149.5,0.45
1150.9,0.45
1152.3,0.45
1153.7,0.45
1155.1,0.45
1156.5,0.45
1157.9,0.45
1159.3,0.45
1160.7,0.45
1162.1,0.45
1163.5,0.45
1165.0,0.42
1166.3,0.48
1167.7,0.45
1169.1,0.45
1170.5,0.45
1171.9,0.45
1173.3,0.45
1174.7,0.45
1176.2,0.42
1177.6,0.45
1179.0,0.45
1180.4,0.45
1181.8,0.45
1183.3,0.42
1184.7,0.45
1186.1,0.45
1187.5,0.45
1189.0,0.42
1190.4,0.45
1191.9,0.42
1193.4,0.42
1194.8,0.45
1196.3,0.42
1197.8,0.42
1199.3,0.42
1200.8,0.42
1202.3,0.42
1203.8,0.42
1205.2,0.45
1206.7,0.42
1208.1,0.45
1209.6,0.42
1211.0,0.45
1212.4,0.45
1213.8,0.45
1215.3,0.42
1216.7,0.45
1218.2,0.42
1219.6,0.45
1221.1,0.42
1222.5,0.45
1224.0,0.42
1225.4,0.45
1226.9,0.42
1228.3,0.45
1229.8,0.42
1231.2,0.45
1232.7,0.42
1234.1,0.45
1235.5,0.45
1237.0,0.42
1238.5,0.42
1239.9,0.45
1241.4,0.42
1242.8,0.45
1244.3,0.42
1245.8,0.42
1247.2,0.45
1248.7,0.42
1250.2,0.42
1251.7,0.42
1253.2,0.42
1254.6,0.45
1256.1,0.42
1257.6,0.42
1259.1,0.42
1260.6,0.42
1262.1,0.42
1263.6,0.42
1265.0,0.45
1266.5,0.42
1268.0,0.42
1269.5,0.42
1271.0,0.42
1272.5,0.42
1274.1,0.39
1275.6,0.42
1277.1,0.42
1278.6,0.42
1280.0,0.45
1281.5,0.42
1283.0,0.42
1284.5,0.42
1286.0,0.42
1287.5,0.42
1289.0,0.42
1290.5,0.42
1292.0,0.42
1293.5,0.42
1294.9,0.45
1296.4,0.42
1297.9,0.42
1299.4,0.42
1300.8,0.45
1302.3,0.42
1303.8,0.42
1305.2,0.45
1306.7,0.42
1308.2,0.42
1309.6,0.45
1311.1,0.42
1312.5,0.45
1314.0,0.42
1315.4,0.45
1316.9,0.42
1318.3,0.45
1319.8,0.42
1321.2,0.45
1322.7,0.42
1324.2,0.42
1325.7,0.42
1327.2,0.42
1328.7,0.42
1330.2,0.42
1331.7,0.42
1333.1,0.45
1334.7,0.39
1336.4,0.37
1337.9,0.42
1339.5,0.39
1341.0,0.42
1342.5,0.42
1344.0,0.42
1345.4,0.45
1346.8,0.45
1348.0,0.52
1349.3,0.48
1350.6,0.48
1351.9,0.48
1353.2,0.48
1354.5,0.48
1355.9,0.45
1357.3,0.45
1358.7,0.45
1360.1,0.45
1361.5,0.45
1363.0,0.42
1364.3,0.48
1365.6,0.48
1366.9,0.48
1368.2,0.48
1369.5,0.48
1370.8,0.48
1372.1,0.48
1373.4,0.48
1374.8,0.45
1376.2,0.45
1377.6,0.45
1379.0,0.45
1380.5,0.42
1381.9,0.45
1383.4,0.42
1384.9,0.42
1386.5,0.39
1388.0,0.42
1389.5,0.42
1391.1,0.39
1392.7,0.39
1394.2,0.42
1395.8,0.39
1397.4,0.39
1399.0,0.39
1400.6,0.39
1402.1,0.42
1403.6,0.42
1405.1,0.42
1406.6,0.42
1408.1,0.42
1409.5,0.45
1411.0,0.42
1412.5,0.42
1414.0,0.42
1415.6,0.39
1417.1,0.42
1418.6,0.42
1420.1,0.42
1421.6,0.42
1423.1,0.42
1424.7,0.39
1426.3,0.39
1427.9,0.39
1429.5,0.39
1431.1,0.39
1432.7,0.39
1434.3,0.39
1435.8,0.42
1437.4,0.39
1438.9,0.42
1440.4,0.42
1442.0,0.39
1443.5,0.42
1445.0,0.42
1446.6,0.39
1448.1,0.42
1449.7,0.39
1451.2,0.42
1452.8,0.39
1454.4,0.39
1456.0,0.39
1457.5,0.42
1459.1,0.39
1460.6,0.42
1462.2,0.39
1463.8,0.39
1465.3,0.42
1466.8,0.42
1468.4,0.39
1469.9,0.42
1471.4,0.42
1472.9,0.42
1474.5,0.39
1476.0,0.42
1477.5,0.42
1479.1,0.39
1480.6,0.42
1482.1,0.42
1483.6,0.42
1485.1,0.42
1486.6,0.42
1488.1,0.42
1489.6,0.42
1491.1,0.42
1492.6,0.42
1494.1,0.42
1495.6,0.42
1497.1,0.42
1498.5,0.45
1500.0,0.42
1501.5,0.42
1503.0,0.42
1504.5,0.42
1505.9,0.45
1507.4,0.42
1508.9,0.42
1510.3,0.45
1511.8,0.42
1513.3,0.42
1514.9,0.39
1516.4,0.42
1517.9,0.42
1519.4,0.42
1521.0,0.39
1522.5,0.42
1524.0,0.42
1525.5,0.42
1527.0,0.42
1528.5,0.42
1530.0,0.42
1531.5,0.42
1533.0,0.42
1534.5,0.42
1536.0,0.42
1537.6,0.39
1539.1,0.42
1540.7,0.39
1542.3,0.39
1543.8,0.42
1545.4,0.39
1546.9,0.42
1548.5,0.39
1550.0,0.42
1551.6,0.39
1553.1,0.42
1554.7,0.39
1556.3,0.39
1557.9,0.39
1559.5,0.39
1561.1,0.39
1562.7,0.39
1564.3,0.39
1566.0,0.37
1567.6,0.39
1569.2,0.39
1570.8,0.39
1572.3,0.42
1573.9,0.39
1575.5,0.39
1577.0,0.42
1578.6,0.39
1580.1,0.42
1581.7,0.39
1583.2,0.42
1584.8,0.39
1586.3,0.42
1587.9,0.39
1589.4,0.42
1590.9,0.42
1592.4,0.42
1593.9,0.42
1595.5,0.39
1597.0,0.42
1598.6,0.39
1600.2,0.39
1601.7,0.42
1603.2,0.42
1604.8,0.39
1606.3,0.42
1607.9,0.39
1609.5,0.39
1611.0,0.42
1612.5,0.42
1614.1,0.39
1615.6,0.42
1617.1,0.42
1618.7,0.39
1620.2,0.42
1621.8,0.39
1623.4,0.39
1624.9,0.42
1626.5,0.39
1628.1,0.39
1629.7,0.39
1631.3,0.39
1632.8,0.42
1634.4,0.39
1636.0,0.39
1637.6,0.39
1639.2,0.39
1640.8,0.39
1642.3,0.42
1643.9,0.39
1645.5,0.39
1647.1,0.39
1648.7,0.39
1650.3,0.39
1651.9,0.39
1653.4,0.42
1655.0,0.39
1656.6,0.39
1658.2,0.39
1659.8,0.39
1661.4,0.39
1663.0,0.39
1664.6,0.39
1666.2,0.39
1667.8,0.39
1669.4,0.39
1671.0,0.39
1672.6,0.39
1674.2,0.39
1675.8,0.39
1677.4,0.39
1679.0,0.39
1680.6,0.39
1682.2,0.39
1683.8,0.39
1685.4,0.39
1687.1,0.37
1688.7,0.39
1690.3,0.39
1692.0,0.37
1693.6,0.39
1695.2,0.39
1696.8,0.39
1698.4,0.39
1700.0,0.39
1701.5,0.42
1703.1,0.39
1704.7,0.39
1706.2,0.42
1707.7,0.42
1709.2,0.42
1710.8,0.39
1712.3,0.42
1713.9,0.39
1715.4,0.42
1717.0,0.39
1718.6,0.39
1720.2,0.39
1721.8,0.39
1723.4,0.39
1725.0,0.39
1726.7,0.37
1728.3,0.39
1730.0,0.37
1731.6,0.39
1733.2,0.39
1734.8,0.39
1736.4,0.39
1738.0,0.39
1739.6,0.39
1741.2,0.39
1742.9,0.37
1744.5,0.39
1746.2,0.37
1747.9,0.37
1749.5,0.39
1751.1,0.39
1752.7,0.39
1754.3,0.39
1755.9,0.39
1757.5,0.39
1759.1,0.39
1760.7,0.39
1762.3,0.39
1763.9,0.39
1765.5,0.39
1767.1,0.39
1768.7,0.39
1770.2,0.42
1771.8,0.39
1773.5,0.37
1775.1,0.39
1776.7,0.39
1778.3,0.39
1779.9,0.39
1781.5,0.39
1783.1,0.39
1784.7,0.39
1786.2,0.42
1787.8,0.39
1789.5,0.37
1791.0,0.42
1792.6,0.39
1794.2,0.39
1795.8,0.39
1797.4,0.39
1798.9,0.42
1800.5,0.39
1802.1,0.39
1803.7,0.39
1805.2,0.42
1806.8,0.39
1808.3,0.42
1809.9,0.39
1811.5,0.39
1813.1,0.39
1814.7,0.39
1816.3,0.39
1817.9,0.39
1819.5,0.39
1821.1,0.39
1822.7,0.39
1824.3,0.39
1825.9,0.39
1827.5,0.39
1829.1,0.39
1830.8,0.37
1832.4,0.39
1834.0,0.39
1835.7,0.37
1837.4,0.37
1839.2,0.35
1840.8,0.39
1842.5,0.37
1844.2,0.37
1845.8,0.39
1847.5,0.37
1849.2,0.37
1850.8,0.39
1852.5,0.37
1854.1,0.39
1855.8,0.37
1857.4,0.39
1859.1,0.37
1860.7,0.39
1862.4,0.37
1864.0,0.39
1865.6,0.39
1867.2,0.39
1868.9,0.37
1870.5,0.39
1872.0,0.42
1873.6,0.39
1875.2,0.39
1876.8,0.39
1878.4,0.39
1880.0,0.39
1881.7,0.37
1883.3,0.39
1884.9,0.39
1886.5,0.39
1888.2,0.37
1889.8,0.39
1891.5,0.37
1893.2,0.37
1894.8,0.39
1896.5,0.37
1898.2,0.37
1899.8,0.39
1901.5,0.37
1903.2,0.37
1904.8,0.39
1906.5,0.37
1908.1,0.39
1909.8,0.37
1911.4,0.39
1913.1,0.37
1914.7,0.39
1916.3,0.39
1918.0,0.37
1919.6,0.39
1921.2,0.39
1922.8,0.39
1924.4,0.39
1926.0,0.39
1927.6,0.39
1929.2,0.39
1930.8,0.39
1932.3,0.42
1933.9,0.39
1935.5,0.39
1937.2,0.37
1938.8,0.39
1940.5,0.37
1942.2,0.37
1943.8,0.39
1945.5,0.37
1947.3,0.35
1949.0,0.37
1950.8,0.35
1952.6,0.35
1954.3,0.37
1956.1,0.35
1957.9,0.35
1959.7,0.35
1961.5,0.35
1963.2,0.37
1964.8,0.39
1966.5,0.37
1968.1,0.39
1969.8,0.37
1971.5,0.37
1973.2,0.37
1974.9,0.37
1976.7,0.35
1978.4,0.37
1980.2,0.35
1981.9,0.37
1983.6,0.37
1985.4,0.35
1987.2,0.35
1988.9,0.37
1990.7,0.35
1992.5,0.35
1994.3,0.35
1996.1,0.35
1997.9,0.35
1999.7,0.35
2001.5,0.35
2003.3,0.35
2005.0,0.37
2006.8,0.35
2008.7,0.33
2010.5,0.35
2012.3,0.35
2013.9,0.39
2015.5,0.39
2017.1,0.39
2018.7,0.39
2020.3,0.39
2021.9,0.39
2023.3,0.45
2024.8,0.42
2026.3,0.42
2027.9,0.39
2029.5,0.39
2031.2,0.37
2032.8,0.39
2034.5,0.37
2036.2,0.37
2038.0,0.35
2039.8,0.35
2041.5,0.37
2043.1,0.39
2044.6,0.42
2046.1,0.42
2047.7,0.39
2049.2,0.42
2050.8,0.39
2052.3,0.42
2053.9,0.39
2055.4,0.42
2056.9,0.42
2058.4,0.42
2059.8,0.45
2061.2,0.45
2062.7,0.42
2064.2,0.42
2065.6,0.45
2067.1,0.42
2068.6,0.42
2070.2,0.39
2071.7,0.42
2073.2,0.42
2074.7,0.42
2076.3,0.39
2077.9,0.39
2079.5,0.39
2081.2,0.37
2082.7,0.42
2084.3,0.39
2085.9,0.39
2087.6,0.37
2089.2,0.39
2090.9,0.37
2092.6,0.37
2094.3,0.37
2096.0,0.37
2097.8,0.35
2099.5,0.37
2101.2,0.37
2103.0,0.35
2104.7,0.37
2106.5,0.35
2108.2,0.37
2109.9,0.37
2111.6,0.37
2113.2,0.39
2114.9,0.37
2116.6,0.37
2118.3,0.37
2119.9,0.39
2121.6,0.37
2123.3,0.37
2124.9,0.39
2126.6,0.37
2128.3,0.37
2130.0,0.37
2131.7,0.37
2133.4,0.37
2135.2,0.35
2136.9,0.37
2138.6,0.37
2140.4,0.35
2142.1,0.37
2143.8,0.37
2145.5,0.37
2147.2,0.37
2148.9,0.37
2150.7,0.35
2152.3,0.39
2154.0,0.37
2155.7,0.37
2157.4,0.37
2159.1,0.37
2160.9,0.35
2162.6,0.37
2164.4,0.35
2166.2,0.35
2167.9,0.37
2169.7,0.35
2171.5,0.35
2173.3,0.35
2175.1,0.35
2176.9,0.35
2178.7,0.35
2180.4,0.37
2182.2,0.35
2184.0,0.35
2185.8,0.35
2187.6,0.35
2189.4,0.35
2191.2,0.35
2192.9,0.37
2194.7,0.35
2196.5,0.35
2198.2,0.37
2200.0,0.35
2201.7,0.37
2203.5,0.35
2205.2,0.37
2207.0,0.35
2208.8,0.35
2210.6,0.35
2212.4,0.35
2214.2,0.35
2215.9,0.37
2217.7,0.35
2219.4,0.37
2221.2,0.35
2223.0,0.35
2224.7,0.37
2226.4,0.37
2228.2,0.35
2229.9,0.37
2231.7,0.35
2233.4,0.37
2235.2,0.35
2237.0,0.35
2238.9,0.33
2240.7,0.35
2242.6,0.33
2244.4,0.35
2246.3,0.33
2248.1,0.35
2249.9,0.35
2251.7,0.35
2253.4,0.37
2255.2,0.35
2256.9,0.37
2258.5,0.39
2260.2,0.37
2262.0,0.35
2263.7,0.37
2265.4,0.37
2267.1,0.37
2268.8,0.37
2270.5,0.37
2272.2,0.37
2273.9,0.37
2275.7,0.35
2277.4,0.37
2279.1,0.37
2280.8,0.37
2282.5,0.37
2284.2,0.37
2286.0,0.35
2287.7,0.37
2289.5,0.35
2291.2,0.37
2292.9,0.37
2294.7,0.35
2296.5,0.35
2298.3,0.35
2300.2,0.33
2302.0,0.35
2303.8,0.35
2305.6,0.35
2307.4,0.35
2309.2,0.35
2310.9,0.37
2312.7,0.35
2314.5,0.35
2316.3,0.35
2318.2,0.33
2320.1,0.33
2321.9,0.35
2323.8,0.33
2325.6,0.35
2327.4,0.35
2329.2,0.35
2331.0,0.35
2332.8,0.35
2334.6,0.35
2336.5,0.33
2338.3,0.35
2340.1,0.35
2341.9,0.35
2343.7,0.35
2345.4,0.37
2347.2,0.35
2349.0,0.35
2350.8,0.35
2352.6,0.35
2354.4,0.35
2356.2,0.35
2358.0,0.35
2359.8,0.35
2361.7,0.33
2363.5,0.35
2365.3,0.35
2367.1,0.35
2369.0,0.33
2370.8,0.35
2372.6,0.35
2374.4,0.35
2376.3,0.33
2378.1,0.35
2379.9,0.35
2381.7,0.35
2383.5,0.35
2385.3,0.35
2387.1,0.35
2388.9,0.35
2390.7,0.35
2392.5,0.35
2394.2,0.37
2396.0,0.35
2397.8,0.35
2399.6,0.35
2401.3,0.37
2403.1,0.35
2404.8,0.37
2406.6,0.35
2408.4,0.35
2410.2,0.35
2412.0,0.35
2413.8,0.35
2415.6,0.35
2417.4,0.35
2419.3,0.33
2421.1,0.35
2422.9,0.35
2424.6,0.37
2426.4,0.35
2428.2,0.35
2430.0,0.35
2431.8,0.35
2433.6,0.35
2435.5,0.33
2437.4,0.33
2439.3,0.33
2441.2,0.33
2443.1,0.33
2445.0,0.33
2446.8,0.35
2448.6,0.35
2450.4,0.35
2452.2,0.35
2453.9,0.37
2455.8,0.33
2457.6,0.35
2459.4,0.35
2461.3,0.33
2463.1,0.35
2464.9,0.35
2466.6,0.37
2468.3,0.37
2470.0,0.37
2471.7,0.37
2473.4,0.37
2475.1,0.37
2476.9,0.35
2478.6,0.37
2480.3,0.37
2482.0,0.37
2483.8,0.35
2485.5,0.37
2487.2,0.37
2488.9,0.37
2490.7,0.35
2492.4,0.37
2494.2,0.35
2495.9,0.37
2497.6,0.37
2499.4,0.35
2501.1,0.37
2502.8,0.37
2504.5,0.37
2506.2,0.37
2507.9,0.37
2509.6,0.37
2511.3,0.37
2513.0,0.37
2514.7,0.37
2516.4,0.37
2518.2,0.35
2519.9,0.37
2521.6,0.37
2523.4,0.35
2525.1,0.37
2526.8,0.37
2528.5,0.37
2530.2,0.37
2531.9,0.37
2533.7,0.35
2535.4,0.37
2537.2,0.35
2539.0,0.35
2540.8,0.35
2542.5,0.37
2544.3,0.35
2546.1,0.35
2547.9,0.35
2549.6,0.37
2551.4,0.35
2553.2,0.35
2554.9,0.37
2556.7,0.35
2558.6,0.33
2560.4,0.35
2562.2,0.35
2564.0,0.35
2565.8,0.35
2567.5,0.37
2569.3,0.35
2571.1,0.35
2572.9,0.35
2574.8,0.33
2576.7,0.33
2578.6,0.33
2580.6,0.31
2582.7,0.30
2584.7,0.31
2586.7,0.31
2588.8,0.30
2590.8,0.31
2592.8,0.31
2594.7,0.33
2596.8,0.30
2598.8,0.31
2600.9,0.30
2603.0,0.30
2605.1,0.30
2607.2,0.30
2609.3,0.30
2611.4,0.30
2613.5,0.30
2615.6,0.30
2617.7,0.30
2619.8,0.30
2621.8,0.31
2623.8,0.31
2625.8,0.31
2627.9,0.30
2630.0,0.30
2632.2,0.29
2634.3,0.30
2636.5,0.29
2638.7,0.29
2641.0,0.27
2643.2,0.29
2645.3,0.30
2647.4,0.30
2649.4,0.31
2651.6,0.29
2653.7,0.30
2655.8,0.30
2657.9,0.30
2660.0,0.30
2662.1,0.30
2664.2,0.30
2666.3,0.30
2668.4,0.30
2670.6,0.29
2672.7,0.30
2674.7,0.31
2676.8,0.30
2678.8,0.31
2680.9,0.30
2683.0,0.30
2685.0,0.31
2687.1,0.30
2689.2,0.30
2691.2,0.31
2693.2,0.31
2695.2,0.31
2697.2,0.31
2699.1,0.33
2701.1,0.31
2703.0,0.33
2705.0,0.31
2706.9,0.33
2708.9,0.31
2710.8,0.33
2712.8,0.31
2714.7,0.33
2716.7,0.31
2718.8,0.30
2720.8,0.31
2722.9,0.30
2725.0,0.30
2727.0,0.31
2729.0,0.31
2731.0,0.31
2733.1,0.30
2735.1,0.31
2737.2,0.30
2739.3,0.30
2741.4,0.30
2743.5,0.30
2745.7,0.29
2747.8,0.30
2749.9,0.30
2751.7,0.35
2753.4,0.37
2755.1,0.37
2756.8,0.37
2758.5,0.37
2760.1,0.39
2761.7,0.39
2763.4,0.37
2765.2,0.35
2767.1,0.33
2769.0,0.33
2770.9,0.33
2772.9,0.31
2774.8,0.33
2776.8,0.31
2778.7,0.33
2780.4,0.37
2782.1,0.37
2783.6,0.42
2785.3,0.37
2786.9,0.39
2788.7,0.35
2790.4,0.37
2792.2,0.35
2794.1,0.33
2796.0,0.33
2797.9,0.33
2799.9,0.31
2801.8,0.33
2803.8,0.31
2805.8,0.31
2807.8,0.31
2809.8,0.31
2811.9,0.30
2813.9,0.31
2815.9,0.31
2818.1,0.29
2820.1,0.31
2822.2,0.30
2824.3,0.30
2826.4,0.30
2828.5,0.30
2830.6,0.30
2832.7,0.30
2834.8,0.30
2836.9,0.30
2839.1,0.29
2841.2,0.30
2843.3,0.30
2845.4,0.30
2847.5,0.30
2849.6,0.30
2851.6,0.31
2853.8,0.29
2855.9,0.30
2858.1,0.29
2860.3,0.29
2862.4,0.30
2864.4,0.31
2866.5,0.30
2868.6,0.30
2870.7,0.30
2872.8,0.30
2874.9,0.30
2877.0,0.30
2879.1,0.30
2881.2,0.30
2883.3,0.30
2885.5,0.29
2887.7,0.29
2889.9,0.29
2892.1,0.29
2894.3,0.29
2896.5,0.29
2898.7,0.29
2900.9,0.29
2903.2,0.27
2905.3,0.30
2907.5,0.29
2909.7,0.29
2911.9,0.29
2914.2,0.27
2916.4,0.29
2918.7,0.27
2921.0,0.27
2923.4,0.26
2925.7,0.27
2928.1,0.26
2930.5,0.26
2932.9,0.26
2935.3,0.26
2937.7,0.26
2940.0,0.27
2942.4,0.26
2944.8,0.26
2947.3,0.25
2949.7,0.26
2952.1,0.26
2954.5,0.26
2956.9,0.26
2959.3,0.26
2961.8,0.25
2964.3,0.25
2966.8,0.25
2969.3,0.25
2971.9,0.24
2974.6,0.23
2977.4,0.22
2980.2,0.22
2983.0,0.22
2985.7,0.23
2988.3,0.24
2990.9,0.24
2993.5,0.24
2996.2,0.23
2999.0,0.22
3001.7,0.23
3004.3,0.24
3007.0,0.23
3009.7,0.23
3012.4,0.23
3015.2,0.22
3017.9,0.23
3020.6,0.23
3023.4,0.22
3026.2,0.22
3029.2,0.21
3032.2,0.21
3035.2,0.21
3038.2,0.21
3041.3,0.20
3044.4,0.20
3047.6,0.20
3050.8,0.20
3054.1,0.19
3057.3,0.20
3060.5,0.20
3063.7,0.20
3066.8,0.20
3070.1,0.19
3073.9,0.17
3074.9,0.00
3502.0,0.00
3503.0,0.35
3504.6,0.39
3506.2,0.39
3507.7,0.42
3509.2,0.42
3510.7,0.42
3512.3,0.39
3513.8,0.42
3515.4,0.39
3516.9,0.42
3518.5,0.39
3520.2,0.37
3521.8,0.39
3523.3,0.42
3524.9,0.39
3526.5,0.39
3528.2,0.37
3530.0,0.35
3532.1,0.30
3534.8,0.23
3538.4,0.17
3539.4,0.00
4073.7,0.00
4074.7,0.16
4075.7,0.00
4167.9,0.00
4168.9,0.57
4170.0,0.57
4171.1,0.57
4172.2,0.57
4173.3,0.57
4174.4,0.57
4175.6,0.52
4176.8,0.52
4178.1,0.48
4179.4,0.48
4180.8,0.45
4182.2,0.45
4183.7,0.42
4185.2,0.42
4186.6,0.45
4188.1,0.42
4189.6,0.42
4191.1,0.42
4192.6,0.42
4194.2,0.39
4195.8,0.39
4197.4,0.39
4199.0,0.39
4200.6,0.39
4202.3,0.37
4204.1,0.35
4206.0,0.33
4207.9,0.33
4209.8,0.33
4211.7,0.33
4213.6,0.33
4215.5,0.33
4217.6,0.30
4220.0,0.26
4223.3,0.19
4224.3,0.00
4826.2,0.00
4827.2,0.48
4828.4,0.52
4829.6,0.52
4830.8,0.52
4831.9,0.57
4833.1,0.52
4834.3,0.52
4835.5,0.52
4836.8,0.48
4838.1,0.48
4839.4,0.48
4840.7,0.48
4842.2,0.42
4843.9,0.37
4845.9,0.31
4848.5,0.24
4851.6,0.20
4856.1,0.14
4868.9,0.37
4870.2,0.48
4871.5,0.48
4872.8,0.48
4874.1,0.48
4875.4,0.48
4876.7,0.48
4878.0,0.48
4879.4,0.45
4880.8,0.45
4882.2,0.45
4883.7,0.42
4885.3,0.39
4886.9,0.39
4888.7,0.35
4890.4,0.37
4892.2,0.35
4894.0,0.35
4895.8,0.35
4897.8,0.31
4899.8,0.31
4902.1,0.27
4904.8,0.23
4908.2,0.18
0.0,0.00
