111.6,0.37
112.6,0.00
767.9,0.00
768.9,0.39
770.5,0.39
772.0,0.42
773.4,0.45
774.9,0.42
776.3,0.45
777.8,0.42
779.2,0.45
780.5,0.48
782.0,0.42
783.6,0.39
785.2,0.39
786.9,0.37
788.5,0.39
790.2,0.37
792.3,0.30
801.7,0.48
803.0,0.48
804.3,0.48
805.6,0.48
806.8,0.52
808.1,0.48
809.2,0.57
810.3,0.57
811.5,0.52
812.9,0.45
814.4,0.42
815.9,0.42
817.3,0.45
818.5,0.52
819.8,0.48
821.2,0.45
822.7,0.42
824.2,0.42
825.8,0.39
827.4,0.39
829.0,0.39
830.7,0.37
832.4,0.37
834.1,0.37
835.8,0.37
837.7,0.33
839.5,0.35
841.3,0.35
843.1,0.35
844.9,0.35
846.7,0.35
848.5,0.35
850.3,0.35
852.1,0.35
853.9,0.35
855.7,0.35
857.5,0.35
859.3,0.35
861.1,0.35
862.9,0.35
864.7,0.35
866.4,0.37
868.2,0.35
869.9,0.37
871.5,0.39
873.2,0.37
874.9,0.37
876.6,0.37
878.4,0.35
880.1,0.37
881.8,0.37
883.5,0.37
885.2,0.37
886.8,0.39
888.5,0.37
890.1,0.39
891.8,0.37
893.4,0.39
895.1,0.37
896.8,0.37
898.5,0.37
900.1,0.39
901.7,0.39
903.4,0.37
905.0,0.39
906.6,0.39
908.2,0.39
909.9,0.37
911.6,0.37
913.2,0.39
914.9,0.37
916.5,0.39
918.2,0.37
919.9,0.37
921.6,0.37
923.3,0.37
925.0,0.37
926.6,0.39
928.2,0.39
929.9,0.37
931.5,0.39
933.2,0.37
934.9,0.37
936.5,0.39
938.2,0.37
939.9,0.37
941.6,0.37
943.3,0.37
945.0,0.37
946.7,0.37
948.5,0.35
950.2,0.37
952.0,0.35
953.8,0.35
955.7,0.33
957.5,0.35
959.4,0.33
961.2,0.35
963.0,0.35
964.7,0.37
966.5,0.35
968.3,0.35
970.1,0.35
971.9,0.35
973.7,0.35
975.6,0.33
977.5,0.33
979.4,0.33
981.1,0.37
982.9,0.35
984.7,0.35
986.5,0.35
988.4,0.33
990.3,0.33
992.1,0.35
994.0,0.33
995.8,0.35
997.7,0.33
999.5,0.35
1001.5,0.31
1003.4,0.33
1005.3,0.33
1007.2,0.33
1009.1,0.33
1011.0,0.33
1012.8,0.35
1014.6,0.35
1016.4,0.35
1018.2,0.35
1020.0,0.35
1021.9,0.33
1023.7,0.35
1025.5,0.35
1027.3,0.35
1029.1,0.35
1030.9,0.35
1032.7,0.35
1034.5,0.35
1036.2,0.37
1038.0,0.35
1039.8,0.35
1041.7,0.33
1043.5,0.35
1045.3,0.35
1047.0,0.37
1048.8,0.35
1050.6,0.35
1052.5,0.33
1054.3,0.35
1056.3,0.31
1058.2,0.33
1060.1,0.33
1062.0,0.33
1064.0,0.31
1065.9,0.33
1067.8,0.33
1069.7,0.33
1071.5,0.35
1073.4,0.33
1075.3,0.33
1077.2,0.33
1079.1,0.33
1081.0,0.33
1082.9,0.33
1084.7,0.35
1086.6,0.33
1088.4,0.35
1090.2,0.35
1092.1,0.33
1093.9,0.35
1095.8,0.33
1097.8,0.31
1099.6,0.35
1101.5,0.33
1103.4,0.33
1105.3,0.33
1107.2,0.33
1109.1,0.33
1111.0,0.33
1113.0,0.31
1115.0,0.31
1116.9,0.33
1118.8,0.33
1120.8,0.31
1122.8,0.31
1124.8,0.31
1126.8,0.31
1128.9,0.30
1130.8,0.33
1132.8,0.31
1134.8,0.31
1136.7,0.33
1138.7,0.31
1140.6,0.33
1142.5,0.33
1144.4,0.33
1146.3,0.33
1148.3,0.31
1150.3,0.31
1152.3,0.31
1154.2,0.33
1156.2,0.31
1158.2,0.31
1160.3,0.30
1162.3,0.31
1164.3,0.31
1166.2,0.33
1168.2,0.31
1170.1,0.33
1172.1,0.31
1174.1,0.31
1176.1,0.31
1178.3,0.29
1180.5,0.29
1182.6,0.30
1184.7,0.30
1186.7,0.31
1188.7,0.31
1190.6,0.33
1192.6,0.31
1194.6,0.31
1196.7,0.30
1198.7,0.31
1200.8,0.30
1202.8,0.31
1204.9,0.30
1207.0,0.30
1209.1,0.30
1211.2,0.30
1213.3,0.30
1215.5,0.29
1217.6,0.30
1219.7,0.30
1222.0,0.27
1224.2,0.29
1226.5,0.27
1228.6,0.30
1230.7,0.30
1232.9,0.29
1235.0,0.30
1237.1,0.30
1239.2,0.30
1241.3,0.30
1243.3,0.31
1245.3,0.31
1247.2,0.33
1249.3,0.30
1251.2,0.33
1253.2,0.31
1255.2,0.31
1257.2,0.31
1259.2,0.31
1261.1,0.33
1263.1,0.31
1265.1,0.31
1267.0,0.33
1269.0,0.31
1271.1,0.30
1273.2,0.30
1275.4,0.29
1277.6,0.29
1279.8,0.29
1281.9,0.30
1284.0,0.30
1286.2,0.29
1288.4,0.29
1290.5,0.30
1292.7,0.29
1294.9,0.29
1297.1,0.29
1299.2,0.30
1301.3,0.30
1303.3,0.31
1305.3,0.31
1307.4,0.30
1309.3,0.33
1311.3,0.31
1313.2,0.33
1315.2,0.31
1317.2,0.31
1319.2,0.31
1321.1,0.33
1323.1,0.31
1325.2,0.30
1327.2,0.31
1329.2,0.31
1331.2,0.31
1333.2,0.31
1335.2,0.31
1337.2,0.31
1339.2,0.31
1341.2,0.31
1343.2,0.31
1345.2,0.31
1347.4,0.29
1349.5,0.30
1351.5,0.31
1353.6,0.30
1355.7,0.30
1357.8,0.30
1360.0,0.29
1362.2,0.29
1364.4,0.29
1366.7,0.27
1369.0,0.27
1371.3,0.27
1373.5,0.29
1375.6,0.30
1377.7,0.30
1379.7,0.31
1381.8,0.30
1383.9,0.30
1386.0,0.30
1388.2,0.29
1390.3,0.30
1392.3,0.31
1394.3,0.31
1396.4,0.30
1398.5,0.30
1400.5,0.31
1402.6,0.30
1404.6,0.31
1406.6,0.31
1408.5,0.33
1410.5,0.31
1412.5,0.31
1414.5,0.31
1416.5,0.31
1418.5,0.31
1420.5,0.31
1422.6,0.30
1424.6,0.31
1426.6,0.31
1428.7,0.30
1430.8,0.30
1432.8,0.31
1434.8,0.31
1436.9,0.30
1439.0,0.30
1441.1,0.30
1443.2,0.30
1445.2,0.31
1447.3,0.30
1449.2,0.33
1451.2,0.31
1453.1,0.33
1455.0,0.33
1456.9,0.33
1459.0,0.30
1461.3,0.27
1463.6,0.27
1465.9,0.27
1468.2,0.27
1470.5,0.27
1472.7,0.29
1475.0,0.27
1477.5,0.25
1480.3,0.22
1482.9,0.24
1485.4,0.25
1487.8,0.26
1490.0,0.29
1492.0,0.31
1494.2,0.29
1496.5,0.27
1498.8,0.27
1501.0,0.29
1503.2,0.29
1505.4,0.29
1507.5,0.30
1509.7,0.29
1511.9,0.29
1514.0,0.30
1516.1,0.30
1518.1,0.31
1520.2,0.30
1522.2,0.31
1524.3,0.30
1526.4,0.30
1528.4,0.31
1530.5,0.30
1532.6,0.30
1534.7,0.30
1536.8,0.30
1538.9,0.30
1541.0,0.30
1543.1,0.30
1545.3,0.29
1547.4,0.30
1549.4,0.31
1551.3,0.33
1553.3,0.31
1555.3,0.31
1557.3,0.31
1559.3,0.31
1561.3,0.31
1563.4,0.30
1565.4,0.31
1567.4,0.31
1569.4,0.31
1571.4,0.31
1573.4,0.31
1575.4,0.31
1577.5,0.30
1579.5,0.31
1581.5,0.31
1583.5,0.31
1585.6,0.30
1587.7,0.30
1589.7,0.31
1591.7,0.31
1593.8,0.30
1595.9,0.30
1598.0,0.30
1600.1,0.30
1602.2,0.30
1604.4,0.29
1606.5,0.30
1608.6,0.30
1610.7,0.30
1612.7,0.31
1614.8,0.30
1616.7,0.33
1618.8,0.30
1620.8,0.31
1623.0,0.29
1625.1,0.30
1627.1,0.31
1629.1,0.31
1631.1,0.31
1633.1,0.31
1635.2,0.30
1637.3,0.30
1639.4,0.30
1641.5,0.30
1643.6,0.30
1645.6,0.31
1647.7,0.30
1649.8,0.30
1651.8,0.31
1653.9,0.30
1656.0,0.30
1658.1,0.30
1660.2,0.30
1662.3,0.30
1664.4,0.30
1666.6,0.29
1668.7,0.30
1670.9,0.29
1673.1,0.29
1675.2,0.30
1677.3,0.30
1679.4,0.30
1681.5,0.30
1683.5,0.31
1685.6,0.30
1687.7,0.30
1689.8,0.30
1692.0,0.29
1694.1,0.30
1696.2,0.30
1698.3,0.30
1700.3,0.31
1702.3,0.31
1704.4,0.30
1706.6,0.29
1708.8,0.29
1710.9,0.30
1713.0,0.30
1715.0,0.31
1717.1,0.30
1719.1,0.31
1721.2,0.30
1723.2,0.31
1725.3,0.30
1727.4,0.30
1729.5,0.30
1731.6,0.30
1733.6,0.31
1735.7,0.30
1737.7,0.31
1739.8,0.30
1742.0,0.29
1744.2,0.29
1746.3,0.30
1748.5,0.29
1750.6,0.30
1752.6,0.31
1754.7,0.30
1756.8,0.30
1758.9,0.30
1761.0,0.30
1763.0,0.31
1765.1,0.30
1767.2,0.30
1769.3,0.30
1771.4,0.30
1773.6,0.29
1775.8,0.29
1777.9,0.30
1780.0,0.30
1782.1,0.30
1784.2,0.30
1786.4,0.29
1788.5,0.30
1790.5,0.31
1792.6,0.30
1794.7,0.30
1796.8,0.30
1799.0,0.29
1801.2,0.29
1803.4,0.29
1805.5,0.30
1807.6,0.30
1809.7,0.30
1811.8,0.30
1813.9,0.30
1816.1,0.29
1818.2,0.30
1820.3,0.30
1822.3,0.31
1824.4,0.30
1826.5,0.30
1828.7,0.29
1830.8,0.30
1832.8,0.31
1835.0,0.29
1837.1,0.30
1839.2,0.30
1841.3,0.30
1843.5,0.29
1845.6,0.30
1847.7,0.30
1849.8,0.30
1851.9,0.30
1854.1,0.29
1856.2,0.30
1858.3,0.30
1860.5,0.29
1862.6,0.30
1864.7,0.30
1866.8,0.30
1869.0,0.29
1871.1,0.30
1873.2,0.30
1875.4,0.29
1877.7,0.27
1879.9,0.29
1882.0,0.30
1884.3,0.27
1886.6,0.27
1888.7,0.30
1890.8,0.30
1892.9,0.30
1895.0,0.30
1897.2,0.29
1899.5,0.27
1901.7,0.29
1903.9,0.29
1906.0,0.30
1908.2,0.29
1910.3,0.30
1912.5,0.29
1914.6,0.30
1916.7,0.30
1918.8,0.30
1921.0,0.29
1923.2,0.29
1925.4,0.29
1927.5,0.30
1929.6,0.30
1931.8,0.29
1934.0,0.29
1936.2,0.29
1938.5,0.27
1940.8,0.27
1943.1,0.27
1945.2,0.30
1947.2,0.31
1949.3,0.30
1951.4,0.30
1953.6,0.29
1955.8,0.29
1958.0,0.29
1960.2,0.29
1962.4,0.29
1964.7,0.27
1966.9,0.29
1969.1,0.29
1971.3,0.29
1973.5,0.29
1975.5,0.31
1977.7,0.29
1980.0,0.27
1982.2,0.29
1984.5,0.27
1986.6,0.30
1988.8,0.29
1991.0,0.29
1993.1,0.30
1995.3,0.29
1997.5,0.29
1999.6,0.30
2001.8,0.29
2003.9,0.30
2006.1,0.29
2008.2,0.30
2010.4,0.29
2012.6,0.29
2014.8,0.29
2016.9,0.30
2019.1,0.29
2021.2,0.30
2023.4,0.29
2025.6,0.29
2027.8,0.29
2030.0,0.29
2032.2,0.29
2034.5,0.27
2036.8,0.27
2039.0,0.29
2041.3,0.27
2043.5,0.29
2045.7,0.29
2047.9,0.29
2050.1,0.29
2052.3,0.29
2054.5,0.29
2056.7,0.29
2059.0,0.27
2061.1,0.30
2063.3,0.29
2065.4,0.30
2067.6,0.29
2069.8,0.29
2072.1,0.27
2074.2,0.30
2076.4,0.29
2078.6,0.29
2080.8,0.29
2082.9,0.30
2085.1,0.29
2087.2,0.30
2089.5,0.27
2091.7,0.29
2093.9,0.29
2096.1,0.29
2098.3,0.29
2100.4,0.30
2102.7,0.27
2105.0,0.27
2107.2,0.29
2109.2,0.31
2111.2,0.31
2113.3,0.30
2115.6,0.27
2118.2,0.24
2120.8,0.24
2123.5,0.23
2126.1,0.24
2128.7,0.24
2131.2,0.25
2133.6,0.26
2135.9,0.27
2138.2,0.27
2140.4,0.29
2142.7,0.27
2145.0,0.27
2147.2,0.29
2149.5,0.27
2151.7,0.29
2153.9,0.29
2156.0,0.30
2158.1,0.30
2160.2,0.30
2162.4,0.29
2164.5,0.30
2166.6,0.30
2168.6,0.31
2170.7,0.30
2172.8,0.30
2175.0,0.29
2177.3,0.27
2179.6,0.27
2181.9,0.27
2184.1,0.29
2186.4,0.27
2188.7,0.27
2190.8,0.30
2193.0,0.29
2195.1,0.30
2197.3,0.29
2199.4,0.30
2201.6,0.29
2203.7,0.30
2205.8,0.30
2207.9,0.30
2210.0,0.30
2212.0,0.31
2214.1,0.30
2216.1,0.31
2218.3,0.29
2220.6,0.27
2222.9,0.27
2225.2,0.27
2227.5,0.27
2229.8,0.27
2232.0,0.29
2234.2,0.29
2236.4,0.29
2238.6,0.29
2240.7,0.30
2242.9,0.29
2245.1,0.29
2247.3,0.29
2249.5,0.29
2251.6,0.30
2253.8,0.29
2255.9,0.30
2258.1,0.29
2260.3,0.29
2262.5,0.29
2264.8,0.27
2267.0,0.29
2269.3,0.27
2271.5,0.29
2273.7,0.29
2275.9,0.29
2278.2,0.27
2280.3,0.30
2282.5,0.29
2284.8,0.27
2287.0,0.29
2289.2,0.29
2291.3,0.30
2293.6,0.27
2295.9,0.27
2298.1,0.29
2300.3,0.29
2302.6,0.27
2304.9,0.27
2307.1,0.29
2309.2,0.30
2311.4,0.29
2313.6,0.29
2315.8,0.29
2318.1,0.27
2320.3,0.29
2322.6,0.27
2324.9,0.27
2327.3,0.26
2329.6,0.27
2332.0,0.26
2334.7,0.23
2337.2,0.25
2339.7,0.25
2342.1,0.26
2344.6,0.25
2347.1,0.25
2349.8,0.23
2352.2,0.26
2354.7,0.25
2357.1,0.26
2359.5,0.26
2361.9,0.26
2364.3,0.26
2366.6,0.27
2368.9,0.27
2371.3,0.26
2373.7,0.26
2376.1,0.26
2378.5,0.26
2380.8,0.27
2383.2,0.26
2385.5,0.27
2387.9,0.26
2390.2,0.27
2392.6,0.26
2395.0,0.26
2397.4,0.26
2399.7,0.27
2402.1,0.26
2404.5,0.26
2406.9,0.26
2409.2,0.27
2411.5,0.27
2413.8,0.27
2415.9,0.30
2418.2,0.27
2420.4,0.29
2422.7,0.27
2425.0,0.27
2427.3,0.27
2429.6,0.27
2431.8,0.29
2434.1,0.27
2436.4,0.27
2438.7,0.27
2441.0,0.27
2443.2,0.29
2445.4,0.29
2447.7,0.27
2450.1,0.26
2452.5,0.26
2454.8,0.27
2457.2,0.26
2459.6,0.26
2462.0,0.26
2464.3,0.27
2466.6,0.27
2468.9,0.27
2471.3,0.26
2473.6,0.27
2475.9,0.27
2478.2,0.27
2480.5,0.27
2482.9,0.26
2485.2,0.27
2487.6,0.26
2489.8,0.29
2492.1,0.27
2494.3,0.29
2496.5,0.29
2498.7,0.29
2501.0,0.27
2503.3,0.27
2505.6,0.27
2507.9,0.27
2510.1,0.29
2512.3,0.29
2514.6,0.27
2516.7,0.30
2518.9,0.29
2521.0,0.30
2523.2,0.29
2525.3,0.30
2527.5,0.29
2529.8,0.27
2532.0,0.29
2534.3,0.27
2536.8,0.25
2539.1,0.27
2541.4,0.27
2543.6,0.29
2545.8,0.29
2548.1,0.27
2550.4,0.27
2552.8,0.26
2555.3,0.25
2557.7,0.26
2560.0,0.27
2562.3,0.27
2564.6,0.27
2566.8,0.29
2569.0,0.29
2571.2,0.29
2573.4,0.29
2575.7,0.27
2578.0,0.27
2580.3,0.27
2582.6,0.27
2585.0,0.26
2587.3,0.27
2589.6,0.27
2591.8,0.29
2594.1,0.27
2596.3,0.29
2598.6,0.27
2600.8,0.29
2603.2,0.26
2605.6,0.26
2607.9,0.27
2610.2,0.27
2612.5,0.27
2614.8,0.27
2617.3,0.25
2619.8,0.25
2622.2,0.26
2624.6,0.26
2626.9,0.27
2629.2,0.27
2631.6,0.26
2633.8,0.29
2636.1,0.27
2638.3,0.29
2640.5,0.29
2642.7,0.29
2644.8,0.30
2647.0,0.29
2649.3,0.27
2651.6,0.27
2653.9,0.27
2656.2,0.27
2658.5,0.27
2660.8,0.27
2663.1,0.27
2665.5,0.26
2667.8,0.27
2670.2,0.26
2672.5,0.27
2674.8,0.27
2677.1,0.27
2679.4,0.27
2681.7,0.27
2684.0,0.27
2686.3,0.27
2688.6,0.27
2690.9,0.27
2693.2,0.27
2695.7,0.25
2698.3,0.24
2700.8,0.25
2703.2,0.26
2705.6,0.26
2707.9,0.27
2710.2,0.27
2712.5,0.27
2714.8,0.27
2717.2,0.26
2719.5,0.27
2721.9,0.26
2724.4,0.25
2726.7,0.27
2728.9,0.29
2731.0,0.30
2733.1,0.30
2735.3,0.29
2737.7,0.26
2740.3,0.24
2743.1,0.22
2745.8,0.23
2748.3,0.25
2750.7,0.26
2753.1,0.26
2755.6,0.25
2758.1,0.25
2760.7,0.24
2763.1,0.26
2765.5,0.26
2767.8,0.27
2770.1,0.27
2772.4,0.27
2774.6,0.29
2776.9,0.27
2779.2,0.27
2781.4,0.29
2783.6,0.29
2785.8,0.29
2788.0,0.29
2790.2,0.29
2792.4,0.29
2794.6,0.29
2796.9,0.27
2799.1,0.29
2801.3,0.29
2803.5,0.29
2805.7,0.29
2807.9,0.29
2810.1,0.29
2812.2,0.30
2814.4,0.29
2816.5,0.30
2818.7,0.29
2820.9,0.29
2823.3,0.26
2825.7,0.26
2827.9,0.29
2830.1,0.29
2832.4,0.27
2834.6,0.29
2836.9,0.27
2839.2,0.27
2841.5,0.27
2843.8,0.27
2846.0,0.29
2848.3,0.27
2850.6,0.27
2852.9,0.27
2855.2,0.27
2857.4,0.29
2859.7,0.27
2862.0,0.27
2864.3,0.27
2866.7,0.26
2869.1,0.26
2871.4,0.27
2873.8,0.26
2876.1,0.27
2878.5,0.26
2880.9,0.26
2883.5,0.24
2886.1,0.24
2888.5,0.26
2890.9,0.26
2893.3,0.26
2895.7,0.26
2898.2,0.25
2900.7,0.25
2903.1,0.26
2905.5,0.26
2907.9,0.26
2910.3,0.26
2912.8,0.25
2915.2,0.26
2917.8,0.24
2920.3,0.25
2922.7,0.26
2925.1,0.26
2927.5,0.26
2929.9,0.26
2932.3,0.26
2934.7,0.26
2937.1,0.26
2939.6,0.25
2942.1,0.25
2944.6,0.25
2947.2,0.24
2949.7,0.25
2952.0,0.27
2954.4,0.26
2956.8,0.26
2959.3,0.25
2961.8,0.25
2964.4,0.24
2967.0,0.24
2969.5,0.25
2971.9,0.26
2974.4,0.25
2976.9,0.25
2979.4,0.25
2981.7,0.27
2984.1,0.26
2986.5,0.26
2988.9,0.26
2991.3,0.26
2993.7,0.26
2996.1,0.26
2998.6,0.25
3001.0,0.26
3003.5,0.25
3006.0,0.25
3008.6,0.24
3011.2,0.24
3013.8,0.24
3016.5,0.23
3019.2,0.23
3021.6,0.26
3024.0,0.26
3026.3,0.27
3028.7,0.26
3031.0,0.27
3033.4,0.26
3035.8,0.26
3038.2,0.26
3040.6,0.26
3042.9,0.27
3045.3,0.26
3047.7,0.26
3050.1,0.26
3052.4,0.27
3054.8,0.26
3057.1,0.27
3059.3,0.29
3061.6,0.27
3063.9,0.27
3066.3,0.26
3068.7,0.26
3071.1,0.26
3073.5,0.26
3075.9,0.26
3078.2,0.27
3080.7,0.25
3083.1,0.26
3085.5,0.26
3087.7,0.29
3090.0,0.27
3092.2,0.29
3094.5,0.27
3096.8,0.27
3099.1,0.27
3101.4,0.27
3103.6,0.29
3105.9,0.27
3108.3,0.26
3110.7,0.26
3113.0,0.27
3115.3,0.27
3117.7,0.26
3120.2,0.25
3122.6,0.26
3124.9,0.27
3127.2,0.27
3129.6,0.26
3131.9,0.27
3134.4,0.25
3136.9,0.25
3139.4,0.25
3141.8,0.26
3144.2,0.26
3146.5,0.27
3148.8,0.27
3151.2,0.26
3153.5,0.27
3155.8,0.27
3158.1,0.27
3160.4,0.27
3162.7,0.27
3165.0,0.27
3167.3,0.27
3169.5,0.29
3171.8,0.27
3174.1,0.27
3176.4,0.27
3178.7,0.27
3181.0,0.27
3183.3,0.27
3185.8,0.25
3188.2,0.26
3190.6,0.26
3192.9,0.27
3195.2,0.27
3197.5,0.27
3199.8,0.27
3202.2,0.26
3204.6,0.26
3207.0,0.26
3209.4,0.26
3211.9,0.25
3214.2,0.27
3216.5,0.27
3218.9,0.26
3221.2,0.27
3223.6,0.26
3225.9,0.27
3228.3,0.26
3230.7,0.26
3233.1,0.26
3235.3,0.29
3237.7,0.26
3239.9,0.29
3242.3,0.26
3244.7,0.26
3247.1,0.26
3249.4,0.27
3251.8,0.26
3254.2,0.26
3256.5,0.27
3258.8,0.27
3261.1,0.27
3263.5,0.26
3265.9,0.26
3268.3,0.26
3270.7,0.26
3273.0,0.27
3275.4,0.26
3277.8,0.26
3280.4,0.24
3283.0,0.24
3285.7,0.23
3288.2,0.25
3290.8,0.24
3293.3,0.25
3295.8,0.25
3298.4,0.24
3301.0,0.24
3303.5,0.25
3305.9,0.26
3308.2,0.27
3310.5,0.27
3312.8,0.27
3315.2,0.26
3317.5,0.27
3319.9,0.26
3322.3,0.26
3324.8,0.25
3327.3,0.25
3329.7,0.26
3332.0,0.27
3334.4,0.26
3336.7,0.27
3339.0,0.27
3341.2,0.29
3343.6,0.26
3346.1,0.25
3348.7,0.24
3351.2,0.25
3353.8,0.24
3356.1,0.27
3358.3,0.29
3360.5,0.29
3362.8,0.27
3365.2,0.26
3368.0,0.22
3370.9,0.22
3373.7,0.22
3376.4,0.23
3378.9,0.25
3381.5,0.24
3384.0,0.25
3386.5,0.25
3388.8,0.27
3391.1,0.27
3393.3,0.29
3395.5,0.29
3397.8,0.27
3400.0,0.29
3402.2,0.29
3404.5,0.27
3406.8,0.27
3409.0,0.29
3411.2,0.29
3413.5,0.27
3415.8,0.27
3418.0,0.29
3420.2,0.29
3422.4,0.29
3424.7,0.27
3426.8,0.30
3429.0,0.29
3431.3,0.27
3433.5,0.29
3435.8,0.27
3438.0,0.29
3440.3,0.27
3442.5,0.29
3444.7,0.29
3446.9,0.29
3449.1,0.29
3451.4,0.27
3453.6,0.29
3455.8,0.29
3458.0,0.29
3460.2,0.29
3462.4,0.29
3464.7,0.27
3467.1,0.26
3469.5,0.26
3471.8,0.27
3474.1,0.27
3476.5,0.26
3478.9,0.26
3481.4,0.25
3483.8,0.26
3486.1,0.27
3488.4,0.27
3490.8,0.26
3493.1,0.27
3495.5,0.26
3497.9,0.26
3500.3,0.26
3502.8,0.25
3505.1,0.27
3507.4,0.27
3509.8,0.26
3512.0,0.29
3514.3,0.27
3516.5,0.29
3518.9,0.26
3521.4,0.25
3523.9,0.25
3526.3,0.26
3528.8,0.25
3531.3,0.25
3533.7,0.26
3536.2,0.25
3538.6,0.26
3541.0,0.26
3543.4,0.26
3545.8,0.26
3548.1,0.27
3550.5,0.26
3552.8,0.27
3555.1,0.27
3557.6,0.25
3559.9,0.27
3562.3,0.26
3564.8,0.25
3567.3,0.25
3569.9,0.24
3572.6,0.23
3575.2,0.24
3577.7,0.25
3580.2,0.25
3582.6,0.26
3585.1,0.25
3587.6,0.25
3590.2,0.24
3592.7,0.25
3595.2,0.25
3597.7,0.25
3600.2,0.25
3602.7,0.25
3605.3,0.24
3607.8,0.25
3610.4,0.24
3613.3,0.22
3616.2,0.22
3618.7,0.25
3621.2,0.25
3623.8,0.24
3626.2,0.26
3628.6,0.26
3630.9,0.27
3633.2,0.27
3635.6,0.26
3637.9,0.27
3640.3,0.26
3642.7,0.26
3645.3,0.24
3647.7,0.26
3650.1,0.26
3652.5,0.26
3655.0,0.25
3657.5,0.25
3659.9,0.26
3662.3,0.26
3664.7,0.26
3667.1,0.26
3669.4,0.27
3671.8,0.26
3674.1,0.27
3676.4,0.27
3678.9,0.25
3681.3,0.26
3683.6,0.27
3686.0,0.26
3688.3,0.27
3690.7,0.26
3693.0,0.27
3695.3,0.27
3697.6,0.27
3699.9,0.27
3702.2,0.27
3704.6,0.26
3707.0,0.26
3709.6,0.24
3712.2,0.24
3714.7,0.25
3717.1,0.26
3719.5,0.26
3721.9,0.26
3724.3,0.26
3726.7,0.26
3729.1,0.26
3731.4,0.27
3733.7,0.27
3736.0,0.27
3738.3,0.27
3740.7,0.26
3743.1,0.26
3745.5,0.26
3747.9,0.26
3750.3,0.26
3752.7,0.26
3755.1,0.26
3757.5,0.26
3760.0,0.25
3762.5,0.25
3764.9,0.26
3767.3,0.26
3769.7,0.26
3772.2,0.25
3774.6,0.26
3777.1,0.25
3779.6,0.25
3782.3,0.23
3784.7,0.26
3787.1,0.26
3789.5,0.26
3791.9,0.26
3794.3,0.26
3796.7,0.26
3799.1,0.26
3801.5,0.26
3804.1,0.24
3806.5,0.26
3808.8,0.27
3811.1,0.27
3813.5,0.26
3815.9,0.26
3818.2,0.27
3820.5,0.27
3822.8,0.27
3825.2,0.26
3827.6,0.26
3830.0,0.26
3832.3,0.27
3834.6,0.27
3837.0,0.26
3839.5,0.25
3841.8,0.27
3844.1,0.27
3846.4,0.27
3848.7,0.27
3850.9,0.29
3853.2,0.27
3855.6,0.26
3857.8,0.29
3860.1,0.27
3862.4,0.27
3864.8,0.26
3867.2,0.26
3869.6,0.26
3871.9,0.27
3874.2,0.27
3876.5,0.27
3879.0,0.25
3881.4,0.26
3883.8,0.26
3886.2,0.26
3888.5,0.27
3890.8,0.27
3893.0,0.29
3895.3,0.27
3897.7,0.26
3900.0,0.27
3902.5,0.25
3904.9,0.26
3907.4,0.25
3909.9,0.25
3912.3,0.26
3914.8,0.25
3917.2,0.26
3919.6,0.26
3922.0,0.26
3924.4,0.26
3926.8,0.26
3929.3,0.25
3931.9,0.24
3934.5,0.24
3937.1,0.24
3939.6,0.25
3941.9,0.27
3944.3,0.26
3946.7,0.26
3949.0,0.27
3951.4,0.26
3953.8,0.26
3956.2,0.26
3958.5,0.27
3960.9,0.26
3963.1,0.29
3965.2,0.30
3967.3,0.30
3969.4,0.30
3971.5,0.30
3973.6,0.30
3975.7,0.30
3978.0,0.27
3980.5,0.25
3983.0,0.25
3985.6,0.24
3988.4,0.22
3991.5,0.20
3994.2,0.23
3996.9,0.23
3999.3,0.26
4001.6,0.27
4003.9,0.27
4006.2,0.27
4008.6,0.26
4011.0,0.26
4013.4,0.26
4015.7,0.27
4017.8,0.30
4019.9,0.30
4022.1,0.29
4024.1,0.31
4026.3,0.29
4028.6,0.27
4031.1,0.25
4033.6,0.25
4036.2,0.24
4038.7,0.25
4041.0,0.27
4043.3,0.27
4045.5,0.29
4047.7,0.29
4050.0,0.27
4052.3,0.27
4054.7,0.26
4057.0,0.27
4059.3,0.27
4061.7,0.26
4064.0,0.27
4066.3,0.27
4068.6,0.27
4070.9,0.27
4073.1,0.29
4075.4,0.27
4077.7,0.27
4080.0,0.27
4082.3,0.27
4084.7,0.26
4087.1,0.26
4089.5,0.26
4091.7,0.29
4094.0,0.27
4096.2,0.29
4098.5,0.27
4100.7,0.29
4103.0,0.27
4105.4,0.26
4107.8,0.26
4110.2,0.26
4112.6,0.26
4115.0,0.26
4117.4,0.26
4119.8,0.26
4122.1,0.27
4124.4,0.27
4126.7,0.27
4129.0,0.27
4131.3,0.27
4133.6,0.27
4135.9,0.27
4138.2,0.27
4140.5,0.27
4142.9,0.26
4145.2,0.27
4147.6,0.26
4150.1,0.25
4152.7,0.24
4155.2,0.25
4157.7,0.25
4160.0,0.27
4162.4,0.26
4164.7,0.27
4167.0,0.27
4169.3,0.27
4171.7,0.26
4174.1,0.26
4176.4,0.27
4178.7,0.27
4181.0,0.27
4183.4,0.26
4185.8,0.26
4188.1,0.27
4190.5,0.26
4192.8,0.27
4195.1,0.27
4197.4,0.27
4199.8,0.26
4202.3,0.25
4204.7,0.26
4207.2,0.25
4209.6,0.26
4212.1,0.25
4214.5,0.26
4217.0,0.25
4219.4,0.26
4221.7,0.27
4224.2,0.25
4226.7,0.25
4229.3,0.24
4231.8,0.25
4234.2,0.26
4236.6,0.26
4239.0,0.26
4241.4,0.26
4243.9,0.25
4246.3,0.26
4248.6,0.27
4250.9,0.27
4253.2,0.27
4255.6,0.26
4258.1,0.25
4260.6,0.25
4263.1,0.25
4265.5,0.26
4267.8,0.27
4270.3,0.25
4272.7,0.26
4275.1,0.26
4277.6,0.25
4279.9,0.27
4282.3,0.26
4284.8,0.25
4287.4,0.24
4289.8,0.26
4292.3,0.25
4294.9,0.24
4297.5,0.24
4300.0,0.25
4302.5,0.25
4305.0,0.25
4307.4,0.26
4309.8,0.26
4312.2,0.26
4314.6,0.26
4317.1,0.25
4319.7,0.24
4322.2,0.25
4324.7,0.25
4327.3,0.24
4329.8,0.25
4332.2,0.26
4334.6,0.26
4337.0,0.26
4339.4,0.26
4341.9,0.25
4344.4,0.25
4346.9,0.25
4349.3,0.26
4351.7,0.26
4354.1,0.26
4356.4,0.27
4358.7,0.27
4361.1,0.26
4363.5,0.26
4365.9,0.26
4368.2,0.27
4370.5,0.27
4372.8,0.27
4375.2,0.26
4377.5,0.27
4379.8,0.27
4382.1,0.27
4384.4,0.27
4386.8,0.26
4389.1,0.27
4391.3,0.29
4393.5,0.29
4395.8,0.27
4398.1,0.27
4400.4,0.27
4402.6,0.29
4404.9,0.27
4407.3,0.26
4409.6,0.27
4411.8,0.29
4414.2,0.26
4416.6,0.26
4419.0,0.26
4421.4,0.26
4423.9,0.25
4426.2,0.27
4428.5,0.27
4430.8,0.27
4433.1,0.27
4435.3,0.29
4437.6,0.27
4439.9,0.27
4442.2,0.27
4444.7,0.25
4447.2,0.25
4449.6,0.26
4451.9,0.27
4454.2,0.27
4456.5,0.27
4458.7,0.29
4461.0,0.27
4463.4,0.26
4465.7,0.27
4468.0,0.27
4470.2,0.29
4472.4,0.29
4474.6,0.29
4476.9,0.27
4479.2,0.27
4481.6,0.26
4484.1,0.25
4486.5,0.26
4488.8,0.27
4491.2,0.26
4493.5,0.27
4495.9,0.26
4498.2,0.27
4500.6,0.26
4503.2,0.24
4505.6,0.26
4508.0,0.26
4510.2,0.29
4512.4,0.29
4514.7,0.27
4516.9,0.29
4519.1,0.29
4521.4,0.27
4523.6,0.29
4525.9,0.27
4528.4,0.25
4530.9,0.25
4533.3,0.26
4535.7,0.26
4538.1,0.26
4540.5,0.26
4542.8,0.27
4545.1,0.27
4547.4,0.27
4549.7,0.27
4552.0,0.27
4554.3,0.27
4556.6,0.27
4558.9,0.27
4561.1,0.29
4563.4,0.27
4565.6,0.29
4567.9,0.27
4570.2,0.27
4572.5,0.27
4574.8,0.27
4577.0,0.29
4579.3,0.27
4581.5,0.29
4583.8,0.27
4586.1,0.27
4588.3,0.29
4590.6,0.27
4592.9,0.27
4595.3,0.26
4597.6,0.27
4600.1,0.25
4602.6,0.25
4605.0,0.26
4607.4,0.26
4609.8,0.26
4612.1,0.27
4614.5,0.26
4616.8,0.27
4619.0,0.29
4621.2,0.29
4623.3,0.30
4625.5,0.29
4627.7,0.29
4630.0,0.27
4632.4,0.26
4635.0,0.24
4637.6,0.24
4640.1,0.25
4642.6,0.25
4645.1,0.25
4647.6,0.25
4650.1,0.25
4652.5,0.26
4654.9,0.26
4657.1,0.29
4659.4,0.27
4661.7,0.27
4663.9,0.29
4666.2,0.27
4668.5,0.27
4670.8,0.27
4673.2,0.26
4675.6,0.26
4677.9,0.27
4680.2,0.27
4682.4,0.29
4684.7,0.27
4686.9,0.29
4689.1,0.29
4691.2,0.30
4693.3,0.30
4695.3,0.31
4697.4,0.30
4699.6,0.29
4701.8,0.29
4704.2,0.26
4706.6,0.26
4709.0,0.26
4711.4,0.26
4713.8,0.26
4716.2,0.26
4718.7,0.25
4721.0,0.27
4723.3,0.27
4725.7,0.26
4727.9,0.29
4730.2,0.27
4732.5,0.27
4734.9,0.26
4737.3,0.26
4739.7,0.26
4742.2,0.25
4744.7,0.25
4747.0,0.27
4749.4,0.26
4751.7,0.27
4754.0,0.27
4756.2,0.29
4758.5,0.27
4760.8,0.27
4763.0,0.29
4765.3,0.27
4767.6,0.27
4770.0,0.26
4772.3,0.27
4774.7,0.26
4777.0,0.27
4779.3,0.27
4781.6,0.27
4783.9,0.27
4786.2,0.27
4788.5,0.27
4790.9,0.26
4793.2,0.27
4795.4,0.29
4797.8,0.26
4800.1,0.27
4802.4,0.27
4804.7,0.27
4807.0,0.27
4809.2,0.29
4811.5,0.27
4813.7,0.29
4815.9,0.29
4818.2,0.27
4820.5,0.27
4822.8,0.27
4825.4,0.24
4827.9,0.25
4830.4,0.25
4833.0,0.24
4835.6,0.24
4838.1,0.25
4840.6,0.25
4843.2,0.24
4845.9,0.23
4848.4,0.25
4851.0,0.24
4853.5,0.25
4855.9,0.26
4858.3,0.26
4860.7,0.26
4863.3,0.24
4865.8,0.25
4868.1,0.27
4870.5,0.26
4873.0,0.25
4875.4,0.26
4877.8,0.26
4880.1,0.27
4882.5,0.26
4884.9,0.26
4887.3,0.26
4889.7,0.26
4892.1,0.26
4894.5,0.26
4896.9,0.26
4899.4,0.25
4901.8,0.26
4904.2,0.26
4906.6,0.26
4909.1,0.25
4911.6,0.25
4914.1,0.25
4916.6,0.25
4919.0,0.26
4921.5,0.25
4923.9,0.26
4926.3,0.26
4928.8,0.25
4931.3,0.25
4933.8,0.25
4936.3,0.25
4938.8,0.25
4941.3,0.25
4943.9,0.24
4946.4,0.25
4949.0,0.24
4951.5,0.25
4954.1,0.24
4956.5,0.26
4959.0,0.25
4961.5,0.25
4964.0,0.25
4966.6,0.24
4969.1,0.25
4971.5,0.26
4973.9,0.26
4976.3,0.26
4978.6,0.27
4981.1,0.25
4983.6,0.25
4986.0,0.26
4988.4,0.26
4990.6,0.29
4992.9,0.27
4995.2,0.27
4997.5,0.27
4999.8,0.27
5002.2,0.26
5004.5,0.27
5006.7,0.29
5009.0,0.27
5011.3,0.27
5013.6,0.27
5016.0,0.26
5018.4,0.26
5020.7,0.27
5023.0,0.27
5025.2,0.29
5027.4,0.29
5029.6,0.29
5031.8,0.29
5034.0,0.29
5036.3,0.27
5038.7,0.26
5041.1,0.26
5043.6,0.25
5046.1,0.25
5048.6,0.25
5051.0,0.26
5053.5,0.25
5055.8,0.27
5058.2,0.26
5060.6,0.26
5063.1,0.25
5065.6,0.25
5068.1,0.25
5070.5,0.26
5072.9,0.26
5075.2,0.27
5077.7,0.25
5080.2,0.25
5082.8,0.24
5085.3,0.25
5087.8,0.25
5090.1,0.27
5092.5,0.26
5095.0,0.25
5097.4,0.26
5099.8,0.26
5102.2,0.26
5104.7,0.25
5107.1,0.26
5109.6,0.25
5112.1,0.25
5114.5,0.26
5117.0,0.25
5119.5,0.25
5122.1,0.24
5124.7,0.24
5127.2,0.25
5129.7,0.25
5132.1,0.26
5134.5,0.26
5136.9,0.26
5139.2,0.27
5141.6,0.26
5144.1,0.25
5146.4,0.27
5148.7,0.27
5151.0,0.27
5153.5,0.25
5156.1,0.24
5158.5,0.26
5161.0,0.25
5163.5,0.25
5165.9,0.26
5168.3,0.26
5170.7,0.26
5173.1,0.26
5175.6,0.25
5178.2,0.24
5180.6,0.26
5183.0,0.26
5185.4,0.26
5187.9,0.25
5190.3,0.26
5192.6,0.27
5195.0,0.26
5197.4,0.26
5199.9,0.25
5202.4,0.25
5205.0,0.24
5207.4,0.26
5209.8,0.26
5212.2,0.26
5214.6,0.26
5217.0,0.26
5219.4,0.26
5222.0,0.24
5224.5,0.25
5226.9,0.26
5229.3,0.26
5231.8,0.25
5234.3,0.25
5236.8,0.25
5239.2,0.26
5241.6,0.26
5244.1,0.25
5246.7,0.24
5249.1,0.26
5251.5,0.26
5254.0,0.25
5256.4,0.26
5258.8,0.26
5261.3,0.25
5263.7,0.26
5266.1,0.26
5269.1,0.21
5272.0,0.22
5274.7,0.23
5277.3,0.24
5279.9,0.24
5282.0,0.30
5284.1,0.30
5286.4,0.27
5289.0,0.24
5291.8,0.22
5294.4,0.24
5297.0,0.24
5299.4,0.26
5301.8,0.26
5304.3,0.25
5306.9,0.24
5309.3,0.26
5311.6,0.27
5314.0,0.26
5316.4,0.26
5318.7,0.27
5321.0,0.27
5323.2,0.29
5325.4,0.29
5327.6,0.29
5329.8,0.29
5332.0,0.29
5334.2,0.29
5336.3,0.30
5338.4,0.30
5340.6,0.29
5342.8,0.29
5344.9,0.30
5347.1,0.29
5349.3,0.29
5351.6,0.27
5353.8,0.29
5356.0,0.29
5358.2,0.29
5360.4,0.29
5362.5,0.30
5364.7,0.29
5366.9,0.29
5369.1,0.29
5371.3,0.29
5373.4,0.30
5375.7,0.27
5378.0,0.27
5380.3,0.27
5382.6,0.27
5384.9,0.27
5387.4,0.25
5389.9,0.25
5392.4,0.25
5394.9,0.25
5397.4,0.25
0.0,0.00
