1.4,0.52
2.6,0.52
3.9,0.48
5.1,0.52
6.4,0.48
7.7,0.48
8.9,0.52
10.2,0.48
11.5,0.48
12.7,0.52
13.9,0.52
15.2,0.48
16.4,0.52
17.6,0.52
18.9,0.48
20.1,0.52
21.3,0.52
22.5,0.52
23.7,0.52
24.9,0.52
26.1,0.52
27.3,0.52
28.6,0.48
29.8,0.52
31.1,0.48
32.3,0.52
33.5,0.52
34.7,0.52
35.9,0.52
37.1,0.52
38.4,0.48
39.6,0.52
40.9,0.48
42.1,0.52
43.4,0.48
44.6,0.52
45.8,0.52
47.0,0.52
48.2,0.52
49.4,0.52
50.5,0.57
51.8,0.48
53.0,0.52
54.2,0.52
55.5,0.48
56.7,0.52
57.9,0.52
59.1,0.52
60.3,0.52
61.5,0.52
62.6,0.57
63.9,0.48
65.1,0.52
66.2,0.57
67.4,0.52
68.6,0.52
69.8,0.52
70.9,0.57
72.0,0.57
73.2,0.52
74.4,0.52
75.5,0.57
76.8,0.48
78.0,0.52
79.2,0.52
80.4,0.52
81.6,0.52
82.8,0.52
84.0,0.52
85.2,0.52
86.4,0.52
87.6,0.52
88.9,0.48
90.1,0.52
91.4,0.48
92.7,0.48
93.9,0.52
95.2,0.48
96.4,0.52
97.6,0.52
98.9,0.48
100.1,0.52
101.3,0.52
102.6,0.48
103.8,0.52
105.1,0.48
106.3,0.52
107.5,0.52
108.7,0.52
110.0,0.48
111.2,0.52
112.4,0.52
113.6,0.52
114.8,0.52
116.1,0.48
117.3,0.52
118.5,0.52
119.7,0.52
120.9,0.52
122.2,0.48
123.5,0.48
124.7,0.52
126.0,0.48
127.3,0.48
128.5,0.52
129.8,0.48
131.0,0.52
132.2,0.52
133.5,0.48
134.8,0.48
136.0,0.52
137.2,0.52
138.4,0.52
139.6,0.52
140.8,0.52
141.9,0.57
143.2,0.48
144.3,0.57
145.6,0.48
146.8,0.52
148.0,0.52
149.2,0.52
150.5,0.48
151.7,0.52
152.9,0.52
154.1,0.52
155.3,0.52
156.5,0.52
157.7,0.52
158.9,0.52
160.1,0.52
161.3,0.52
162.5,0.52
163.7,0.52
164.9,0.52
166.2,0.48
167.4,0.52
168.6,0.52
169.9,0.48
171.1,0.52
172.4,0.48
173.6,0.52
174.9,0.48
176.1,0.52
177.3,0.52
178.6,0.48
179.8,0.52
181.1,0.48
182.3,0.52
183.5,0.52
184.8,0.48
186.0,0.52
187.3,0.48
188.6,0.48
189.8,0.52
191.1,0.48
192.3,0.52
193.6,0.48
194.8,0.52
196.0,0.52
197.2,0.52
198.4,0.52
199.6,0.52
200.8,0.52
202.1,0.48
203.4,0.48
204.6,0.52
205.8,0.52
207.1,0.48
208.3,0.52
209.6,0.48
210.8,0.52
212.1,0.48
213.3,0.52
214.6,0.48
215.8,0.52
217.1,0.48
218.3,0.52
219.6,0.48
220.9,0.48
222.2,0.48
223.6,0.45
224.9,0.48
226.1,0.52
227.4,0.48
228.6,0.52
229.9,0.48
231.1,0.52
232.3,0.52
233.5,0.52
234.8,0.48
236.0,0.52
237.2,0.52
238.5,0.48
239.7,0.52
240.9,0.52
242.2,0.48
243.4,0.52
244.6,0.52
245.9,0.48
247.1,0.52
248.4,0.48
249.6,0.52
250.9,0.48
252.1,0.52
253.4,0.48
254.6,0.52
255.8,0.52
257.0,0.52
258.2,0.52
259.4,0.52
260.6,0.52
261.8,0.52
263.0,0.52
264.2,0.52
265.4,0.52
266.7,0.48
267.9,0.52
269.2,0.48
270.4,0.52
271.7,0.48
272.9,0.52
274.2,0.48
275.4,0.52
276.7,0.48
278.0,0.48
279.3,0.48
280.6,0.48
281.9,0.48
283.1,0.52
284.4,0.48
285.6,0.52
286.9,0.48
288.1,0.52
289.3,0.52
290.6,0.48
291.8,0.52
293.0,0.52
294.2,0.52
295.4,0.52
296.6,0.52
297.8,0.52
299.0,0.52
300.3,0.48
301.5,0.52
302.7,0.52
303.9,0.52
305.1,0.52
306.4,0.48
307.6,0.52
308.8,0.52
310.0,0.52
311.3,0.48
312.5,0.52
313.8,0.48
315.0,0.52
316.3,0.48
317.6,0.48
318.9,0.48
320.2,0.48
321.5,0.48
322.8,0.48
324.0,0.52
325.4,0.45
326.7,0.48
328.0,0.48
329.3,0.48
330.6,0.48
331.9,0.48
333.2,0.48
334.6,0.45
335.9,0.48
337.2,0.48
338.5,0.48
339.9,0.45
341.2,0.48
342.7,0.42
344.1,0.45
345.6,0.42
347.0,0.45
348.4,0.45
349.8,0.45
351.2,0.45
352.7,0.42
354.1,0.45
355.6,0.42
357.0,0.45
358.4,0.45
359.9,0.42
361.2,0.48
362.7,0.42
364.1,0.45
365.6,0.42
367.2,0.39
368.7,0.42
370.2,0.42
371.7,0.42
373.2,0.42
374.7,0.42
376.2,0.42
377.7,0.42
379.2,0.42
380.6,0.45
382.1,0.42
383.6,0.42
385.0,0.45
386.5,0.42
388.0,0.42
389.5,0.42
391.0,0.42
392.5,0.42
394.0,0.42
395.5,0.42
396.9,0.45
398.4,0.42
399.8,0.45
401.3,0.42
402.8,0.42
404.3,0.42
405.7,0.45
407.1,0.45
408.6,0.42
410.0,0.45
411.5,0.42
413.0,0.42
414.5,0.42
416.0,0.42
417.4,0.45
418.9,0.42
420.3,0.45
421.7,0.45
423.2,0.42
424.7,0.42
426.2,0.42
427.7,0.42
429.1,0.45
430.6,0.42
432.0,0.45
433.5,0.42
435.0,0.42
436.5,0.42
437.9,0.45
439.2,0.48
440.6,0.45
442.0,0.45
443.4,0.45
444.8,0.45
446.2,0.45
447.6,0.45
449.0,0.45
450.5,0.42
451.9,0.45
453.4,0.42
454.8,0.45
456.2,0.45
457.6,0.45
458.9,0.48
460.3,0.45
461.8,0.42
463.2,0.45
464.6,0.45
466.0,0.45
467.5,0.42
468.9,0.45
470.4,0.42
471.8,0.45
473.3,0.42
474.7,0.45
476.2,0.42
477.7,0.42
479.1,0.45
480.6,0.42
481.9,0.48
483.3,0.45
484.7,0.45
486.1,0.45
487.5,0.45
488.9,0.45
490.4,0.42
491.9,0.42
493.4,0.42
494.8,0.45
496.2,0.45
497.6,0.45
499.0,0.45
500.4,0.45
501.9,0.42
503.4,0.42
504.9,0.42
506.5,0.39
508.1,0.39
509.6,0.42
511.1,0.42
512.6,0.42
514.1,0.42
515.6,0.42
517.0,0.45
518.5,0.42
519.9,0.45
521.3,0.45
522.8,0.42
524.2,0.45
525.6,0.45
527.1,0.42
528.5,0.45
530.0,0.42
531.4,0.45
532.8,0.45
534.2,0.45
535.5,0.48
536.9,0.45
538.2,0.48
539.6,0.45
541.0,0.45
542.4,0.45
543.8,0.45
545.3,0.42
546.7,0.45
548.2,0.42
549.7,0.42
551.1,0.45
552.6,0.42
554.0,0.45
555.4,0.45
556.8,0.45
558.2,0.45
559.6,0.45
560.9,0.48
562.3,0.45
563.7,0.45
565.1,0.45
566.5,0.45
567.9,0.45
569.2,0.48
570.6,0.45
571.9,0.48
573.3,0.45
574.7,0.45
576.1,0.45
577.5,0.45
578.9,0.45
580.3,0.45
581.7,0.45
583.1,0.45
584.5,0.45
586.0,0.42
587.5,0.42
588.9,0.45
590.4,0.42
591.8,0.45
593.3,0.42
594.7,0.45
596.1,0.45
597.4,0.48
598.8,0.45
600.1,0.48
601.5,0.45
602.8,0.48
604.1,0.48
605.5,0.45
606.8,0.48
608.1,0.48
609.5,0.45
610.8,0.48
612.1,0.48
613.4,0.48
614.7,0.48
616.0,0.48
617.3,0.48
618.6,0.48
619.9,0.48
621.3,0.45
622.6,0.48
624.0,0.45
625.3,0.48
626.6,0.48
627.9,0.48
629.2,0.48
630.5,0.48
631.8,0.48
633.1,0.48
634.4,0.48
635.8,0.45
637.0,0.52
638.3,0.48
639.6,0.48
640.9,0.48
642.1,0.52
643.4,0.48
644.6,0.52
646.0,0.45
647.3,0.48
648.6,0.48
650.0,0.45
651.3,0.48
652.6,0.48
653.9,0.48
655.3,0.45
656.6,0.48
657.9,0.48
659.2,0.48
660.5,0.48
661.8,0.48
663.1,0.48
664.4,0.48
665.7,0.48
667.0,0.48
668.3,0.48
669.6,0.48
670.9,0.48
672.3,0.45
673.6,0.48
674.9,0.48
676.2,0.48
677.4,0.52
678.6,0.52
679.9,0.48
681.1,0.52
682.3,0.52
683.5,0.52
684.8,0.48
686.1,0.48
687.3,0.52
688.5,0.52
689.7,0.52
690.8,0.57
692.0,0.52
693.2,0.52
694.4,0.52
695.6,0.52
696.8,0.52
698.0,0.52
699.1,0.57
700.3,0.52
701.5,0.52
702.6,0.57
703.8,0.52
705.0,0.52
706.2,0.52
707.4,0.52
708.6,0.52
709.8,0.52
711.0,0.52
712.1,0.57
713.3,0.52
714.5,0.52
715.7,0.52
716.8,0.57
718.0,0.52
719.2,0.52
720.4,0.52
721.5,0.57
722.7,0.52
723.9,0.52
725.1,0.52
726.4,0.48
727.6,0.52
728.8,0.52
730.0,0.52
731.1,0.57
732.3,0.52
733.5,0.52
734.7,0.52
735.9,0.52
737.1,0.52
738.3,0.52
739.5,0.52
740.7,0.52
741.9,0.52
743.1,0.52
744.3,0.52
745.6,0.48
746.8,0.52
748.1,0.48
749.4,0.48
750.7,0.48
752.0,0.48
753.4,0.45
754.7,0.48
756.1,0.45
757.5,0.45
758.9,0.45
760.3,0.45
761.7,0.45
763.0,0.48
764.5,0.42
765.9,0.45
767.3,0.45
768.7,0.45
770.1,0.45
771.5,0.45
772.9,0.45
774.3,0.45
775.7,0.45
777.1,0.45
778.5,0.45
779.9,0.45
781.3,0.45
782.6,0.48
783.9,0.48
785.2,0.48
786.6,0.45
787.9,0.48
789.1,0.52
790.5,0.45
791.8,0.48
793.1,0.48
794.4,0.48
795.7,0.48
797.0,0.48
798.3,0.48
799.7,0.45
801.0,0.48
802.3,0.48
803.7,0.45
805.0,0.48
806.3,0.48
807.6,0.48
808.9,0.48
810.2,0.48
811.5,0.48
812.8,0.48
814.1,0.48
815.5,0.45
816.8,0.48
818.2,0.45
819.5,0.48
820.9,0.45
822.2,0.48
823.5,0.48
824.9,0.45
826.2,0.48
827.6,0.45
829.0,0.45
830.3,0.48
831.7,0.45
833.1,0.45
834.5,0.45
835.9,0.45
837.2,0.48
838.5,0.48
839.9,0.45
841.2,0.48
842.6,0.45
843.9,0.48
845.2,0.48
846.5,0.48
847.8,0.48
849.1,0.48
850.4,0.48
851.7,0.48
853.0,0.48
854.2,0.52
855.5,0.48
856.8,0.48
858.1,0.48
859.4,0.48
860.7,0.48
862.0,0.48
863.4,0.45
864.7,0.48
866.1,0.45
867.4,0.48
868.8,0.45
870.1,0.48
871.4,0.48
872.7,0.48
874.0,0.48
875.3,0.48
876.6,0.48
878.0,0.45
879.3,0.48
880.6,0.48
882.0,0.45
883.3,0.48
884.6,0.48
886.0,0.45
887.3,0.48
888.7,0.45
890.1,0.45
891.6,0.42
893.0,0.45
894.5,0.42
895.9,0.45
897.2,0.48
898.6,0.45
900.0,0.45
901.3,0.48
902.6,0.48
904.0,0.45
905.2,0.52
906.6,0.45
907.9,0.48
909.2,0.48
910.4,0.52
911.7,0.48
912.9,0.52
914.2,0.48
915.5,0.48
916.9,0.45
918.2,0.48
919.6,0.45
920.9,0.48
922.3,0.45
923.7,0.45
925.1,0.45
926.5,0.45
927.9,0.45
929.3,0.45
930.7,0.45
932.0,0.48
933.4,0.45
934.7,0.48
936.1,0.45
937.5,0.45
938.8,0.48
940.1,0.48
941.5,0.45
942.8,0.48
944.1,0.48
945.4,0.48
946.6,0.52
948.0,0.45
949.3,0.48
950.6,0.48
952.0,0.45
953.3,0.48
954.7,0.45
956.0,0.48
957.3,0.48
958.6,0.48
959.9,0.48
961.2,0.48
962.5,0.48
963.8,0.48
965.1,0.48
966.5,0.45
967.8,0.48
969.0,0.52
970.3,0.48
971.7,0.45
973.0,0.48
974.4,0.45
975.8,0.45
977.1,0.48
978.4,0.48
979.8,0.45
981.1,0.48
982.4,0.48
983.7,0.48
985.0,0.48
986.3,0.48
987.6,0.48
988.9,0.48
990.2,0.48
991.5,0.48
992.8,0.48
994.1,0.48
995.4,0.48
996.7,0.48
998.0,0.48
999.4,0.45
1000.7,0.48
1002.0,0.48
1003.3,0.48
1004.6,0.48
1005.9,0.48
1007.2,0.48
1008.6,0.45
1009.9,0.48
1011.3,0.45
1012.7,0.45
1014.0,0.48
1015.4,0.45
1016.7,0.48
1018.0,0.48
1019.3,0.48
1020.6,0.48
1021.9,0.48
1023.3,0.45
1024.6,0.48
1025.9,0.48
1027.2,0.48
1028.5,0.48
1029.8,0.48
1031.1,0.48
1032.4,0.48
1033.7,0.48
1035.0,0.48
1036.3,0.48
1037.5,0.52
1038.8,0.48
1040.0,0.52
1041.3,0.48
1042.5,0.52
1043.7,0.52
1045.0,0.48
1046.2,0.52
1047.3,0.57
1048.6,0.48
1049.8,0.52
1051.0,0.52
1052.2,0.52
1053.4,0.52
1054.7,0.48
1055.9,0.52
1057.2,0.48
1058.4,0.52
1059.6,0.52
1060.9,0.48
1062.1,0.52
1063.3,0.52
1064.6,0.48
1065.8,0.52
1067.2,0.45
1068.5,0.48
1069.9,0.45
1071.3,0.45
1072.8,0.42
1074.2,0.45
1075.6,0.45
1077.1,0.42
1078.5,0.45
1079.8,0.48
1081.1,0.48
1082.4,0.48
1083.7,0.48
1085.0,0.48
1086.4,0.45
1087.8,0.45
1089.1,0.48
1090.5,0.45
1091.8,0.48
1093.1,0.48
1094.5,0.45
1095.8,0.48
1097.2,0.45
1098.5,0.48
1099.9,0.45
1101.3,0.45
1102.7,0.45
1104.1,0.45
1105.5,0.45
1107.0,0.42
1108.4,0.45
1109.8,0.45
1111.3,0.42
1112.7,0.45
1114.1,0.45
1115.5,0.45
1116.9,0.45
1118.3,0.45
1119.7,0.45
1121.2,0.42
1122.6,0.45
1124.1,0.42
1125.6,0.42
1127.0,0.45
1128.4,0.45
1129.8,0.45
1131.3,0.42
1132.7,0.45
1134.2,0.42
1135.6,0.45
1137.0,0.45
1138.3,0.48
1139.7,0.45
1141.1,0.45
1142.5,0.45
1143.9,0.45
1145.3,0.45
1146.7,0.45
1148.1,0.45
1149.5,0.45
1150.9,0.45
1152.4,0.42
1153.8,0.45
1155.2,0.45
1156.7,0.42
1158.2,0.42
1159.7,0.42
1161.1,0.45
1162.5,0.45
1163.9,0.45
1165.3,0.45
1166.7,0.45
1168.1,0.45
1169.5,0.45
1170.9,0.45
1172.3,0.45
1173.7,0.45
1175.1,0.45
1176.5,0.45
1177.9,0.45
1179.3,0.45
1180.7,0.45
1182.1,0.45
1183.5,0.45
1184.8,0.48
1186.2,0.45
1187.5,0.48
1188.8,0.48
1190.3,0.42
1191.7,0.45
1193.1,0.45
1194.5,0.45
1195.8,0.48
1197.2,0.45
1198.5,0.48
1199.9,0.45
1201.3,0.45
1202.6,0.48
1203.9,0.48
1205.3,0.45
1206.6,0.48
1207.9,0.48
1209.2,0.48
1210.6,0.45
1212.0,0.45
1213.3,0.48
1214.8,0.42
1216.2,0.45
1217.7,0.42
1219.2,0.42
1220.6,0.45
1222.1,0.42
1223.5,0.45
1224.8,0.48
1226.2,0.45
1227.6,0.45
1228.9,0.48
1230.3,0.45
1231.7,0.45
1233.0,0.48
1234.3,0.48
1235.7,0.45
1237.0,0.48
1238.3,0.48
1239.5,0.52
1240.8,0.48
1242.1,0.48
1243.4,0.48
1244.7,0.48
1246.0,0.48
1247.4,0.45
1248.7,0.48
1250.0,0.48
1251.4,0.45
1252.7,0.48
1254.1,0.45
1255.4,0.48
1256.7,0.48
1258.0,0.48
1259.3,0.48
1260.6,0.48
1261.8,0.52
1263.1,0.48
1264.4,0.48
1265.7,0.48
1267.0,0.48
1268.4,0.45
1269.7,0.48
1271.0,0.48
1272.3,0.48
1273.7,0.45
1275.0,0.48
1276.3,0.48
1277.6,0.48
1278.8,0.52
1280.2,0.45
1281.5,0.48
1282.9,0.45
1284.2,0.48
1285.6,0.45
1286.9,0.48
1288.2,0.48
1289.6,0.45
1290.9,0.48
1292.2,0.48
1293.5,0.48
1294.8,0.48
1296.1,0.48
1297.4,0.48
1298.7,0.48
1300.0,0.48
1301.4,0.45
1302.7,0.48
1304.1,0.45
1305.4,0.48
1306.7,0.48
1308.0,0.48
1309.4,0.45
1310.7,0.48
1312.1,0.45
1313.4,0.48
1314.8,0.45
1316.1,0.48
1317.4,0.48
1318.7,0.48
1320.1,0.45
1321.5,0.45
1322.8,0.48
1324.2,0.45
1325.5,0.48
1326.8,0.48
1328.2,0.45
1329.5,0.48
1330.8,0.48
1332.1,0.48
1333.4,0.48
1334.8,0.45
1336.2,0.45
1337.6,0.45
1338.9,0.48
1340.3,0.45
1341.6,0.48
1343.0,0.45
1344.3,0.48
1345.7,0.45
1347.0,0.48
1348.4,0.45
1349.8,0.45
1351.2,0.45
1352.5,0.48
1353.9,0.45
1355.3,0.45
1356.7,0.45
1358.0,0.48
1359.3,0.48
1360.7,0.45
1362.0,0.48
1363.4,0.45
1364.7,0.48
1366.0,0.48
1367.3,0.48
1368.7,0.45
1370.0,0.48
1371.3,0.48
1372.6,0.48
1373.9,0.48
1375.2,0.48
1376.5,0.48
1377.8,0.48
1379.1,0.48
1380.3,0.52
1381.6,0.48
1382.9,0.48
1384.2,0.48
1385.5,0.48
1386.8,0.48
1388.0,0.52
1389.3,0.48
1390.6,0.48
1391.9,0.48
1393.2,0.48
1394.5,0.48
1395.8,0.48
1397.1,0.48
1398.4,0.48
1399.6,0.52
1400.9,0.48
1402.2,0.48
1403.5,0.48
1404.9,0.45
1406.2,0.48
1407.5,0.48
1408.9,0.45
1410.2,0.48
1411.5,0.48
1412.8,0.48
1414.0,0.52
1415.3,0.48
1416.6,0.48
1417.8,0.52
1419.1,0.48
1420.4,0.48
1421.7,0.48
1423.0,0.48
1424.2,0.52
1425.5,0.48
1426.9,0.45
1428.2,0.48
1429.6,0.45
1431.0,0.45
1432.3,0.48
1433.7,0.45
1435.0,0.48
1436.4,0.45
1437.7,0.48
1439.0,0.48
1440.3,0.48
1441.6,0.48
1442.9,0.48
1444.3,0.45
1445.6,0.48
1446.9,0.48
1448.2,0.48
1449.5,0.48
1450.8,0.48
1452.1,0.48
1453.3,0.52
1454.6,0.48
1455.8,0.52
1457.0,0.52
1458.3,0.48
1459.6,0.48
1460.8,0.52
1462.1,0.48
1463.4,0.48
1464.8,0.45
1466.1,0.48
1467.5,0.45
1468.8,0.48
1470.2,0.45
1471.6,0.45
1473.0,0.45
1474.4,0.45
1475.9,0.42
1477.3,0.45
1478.8,0.42
1480.3,0.42
1481.9,0.39
1483.4,0.42
1484.9,0.42
1486.5,0.39
1488.0,0.42
1489.6,0.39
1491.1,0.42
1492.5,0.45
1494.0,0.42
1495.5,0.42
1496.9,0.45
1498.3,0.45
1499.8,0.42
1501.2,0.45
1502.7,0.42
1504.2,0.42
1505.8,0.39
1507.3,0.42
1508.8,0.42
1510.4,0.39
1512.0,0.39
1513.5,0.42
1515.0,0.42
1516.6,0.39
1518.0,0.45
1519.5,0.42
1520.9,0.45
1522.4,0.42
1523.9,0.42
1525.4,0.42
1526.9,0.42
1528.4,0.42
1530.0,0.39
1531.5,0.42
1533.0,0.42
1534.5,0.42
1536.1,0.39
1537.6,0.42
1539.1,0.42
1540.6,0.42
1542.1,0.42
1543.5,0.45
1545.0,0.42
1546.5,0.42
1548.0,0.42
1549.5,0.42
1550.9,0.45
1552.4,0.42
1553.8,0.45
1555.3,0.42
1556.8,0.42
1558.2,0.45
1559.6,0.45
1561.0,0.45
1562.5,0.42
1563.8,0.48
1565.3,0.42
1566.7,0.45
1568.2,0.42
1569.6,0.45
1571.1,0.42
1572.6,0.42
1574.1,0.42
1575.6,0.42
1577.0,0.45
1578.5,0.42
1579.9,0.45
1581.5,0.39
1582.9,0.45
1584.4,0.42
1585.9,0.42
1587.5,0.39
1588.9,0.45
1590.4,0.42
1591.9,0.42
1593.4,0.42
1594.9,0.42
1596.4,0.42
1597.9,0.42
1599.4,0.42
1600.9,0.42
1602.4,0.42
1603.8,0.45
1605.2,0.45
1606.6,0.45
1608.0,0.45
1609.5,0.42
1610.9,0.45
1612.3,0.45
1613.7,0.45
1615.1,0.45
1616.5,0.45
1617.9,0.45
1619.3,0.45
1620.7,0.45
1622.1,0.45
1623.5,0.45
1625.0,0.42
1626.4,0.45
1627.7,0.48
1629.1,0.45
1630.5,0.45
1631.8,0.48
1633.2,0.45
1634.6,0.45
1636.0,0.45
1637.4,0.45
1638.9,0.42
1640.3,0.45
1641.7,0.45
1643.1,0.45
1644.6,0.42
1646.0,0.45
1647.5,0.42
1648.9,0.45
1650.3,0.45
1651.8,0.42
1653.2,0.45
1654.7,0.42
1656.1,0.45
1657.5,0.45
1659.0,0.42
1660.4,0.45
1661.8,0.45
1663.2,0.45
1664.7,0.42
1666.0,0.48
1667.4,0.45
1668.8,0.45
1670.2,0.45
1671.6,0.45
1673.0,0.45
1674.4,0.45
1675.8,0.45
1677.2,0.45
1678.7,0.42
1680.1,0.45
1681.6,0.42
1683.0,0.45
1684.4,0.45
1685.9,0.42
1687.3,0.45
1688.7,0.45
1690.2,0.42
1691.6,0.45
1693.0,0.45
1694.4,0.45
1695.8,0.45
1697.1,0.48
1698.4,0.48
1699.8,0.45
1701.1,0.48
1702.4,0.48
1703.7,0.48
1705.0,0.48
1706.4,0.45
1707.8,0.45
1709.2,0.45
1710.5,0.48
1711.9,0.45
1713.3,0.45
1714.8,0.42
1716.2,0.45
1717.5,0.48
1718.9,0.45
1720.3,0.45
1721.7,0.45
1723.0,0.48
1724.5,0.42
1725.8,0.48
1727.2,0.45
1728.5,0.48
1729.8,0.48
1731.1,0.48
1732.5,0.45
1733.8,0.48
1735.1,0.48
1736.5,0.45
1737.9,0.45
1739.3,0.45
1740.6,0.48
1742.0,0.45
1743.4,0.45
1744.8,0.45
1746.1,0.48
1747.4,0.48
1748.7,0.48
1750.0,0.48
1751.4,0.45
1752.8,0.45
1754.2,0.45
1755.6,0.45
1757.0,0.45
1758.3,0.48
1759.7,0.45
1761.1,0.45
1762.5,0.45
1763.9,0.45
1765.4,0.42
1766.8,0.45
1768.2,0.45
1769.6,0.45
1771.0,0.45
1772.3,0.48
1773.7,0.45
1775.0,0.48
1776.4,0.45
1777.8,0.45
1779.2,0.45
1780.6,0.45
1782.1,0.42
1783.5,0.45
1784.9,0.45
1786.4,0.42
1787.8,0.45
1789.2,0.45
1790.5,0.48
1791.9,0.45
1793.3,0.45
1794.6,0.48
1796.0,0.45
1797.3,0.48
1798.7,0.45
1800.1,0.45
1801.5,0.45
1802.9,0.45
1804.3,0.45
1805.7,0.45
1807.1,0.45
1808.6,0.42
1810.0,0.45
1811.5,0.42
1812.9,0.45
1814.3,0.45
1815.8,0.42
1817.2,0.45
1818.6,0.45
1820.0,0.45
1821.3,0.48
1822.7,0.45
1824.1,0.45
1825.5,0.45
1826.8,0.48
1828.1,0.48
1829.5,0.45
1830.8,0.48
1832.2,0.45
1833.6,0.45
1835.0,0.45
1836.4,0.45
1837.7,0.48
1839.1,0.45
1840.5,0.45
1841.9,0.45
1843.3,0.45
1844.7,0.45
1846.1,0.45
1847.4,0.48
1848.7,0.48
1850.0,0.48
1851.2,0.52
1852.5,0.48
1853.8,0.48
1855.1,0.48
1856.5,0.45
1857.9,0.45
1859.5,0.39
1861.0,0.42
1862.5,0.42
1864.0,0.42
1865.5,0.42
1866.9,0.45
1868.2,0.48
1869.6,0.45
1870.8,0.52
1872.2,0.45
1873.5,0.48
1874.8,0.48
1876.1,0.48
1877.4,0.48
1878.7,0.48
1880.0,0.48
1881.3,0.48
1882.6,0.48
1883.8,0.52
1885.1,0.48
1886.4,0.48
1887.7,0.48
1889.0,0.48
1890.3,0.48
1891.6,0.48
1892.9,0.48
1894.2,0.48
1895.5,0.48
1896.8,0.48
1898.1,0.48
1899.4,0.48
1900.7,0.48
1902.0,0.48
1903.3,0.48
1904.6,0.48
1905.9,0.48
1907.2,0.48
1908.5,0.48
1909.9,0.45
1911.2,0.48
1912.6,0.45
1914.0,0.45
1915.3,0.48
1916.7,0.45
1918.1,0.45
1919.5,0.45
1920.8,0.48
1922.1,0.48
1923.5,0.45
1925.0,0.42
1926.4,0.45
1927.9,0.42
1929.4,0.42
1930.9,0.42
1932.5,0.39
1934.0,0.42
1935.6,0.39
1937.2,0.39
1938.7,0.42
1940.3,0.39
1941.8,0.42
1943.2,0.45
1944.7,0.42
1946.2,0.42
1947.7,0.42
1949.3,0.39
1950.8,0.42
1952.4,0.39
1953.9,0.42
1955.4,0.42
1956.9,0.42
1958.4,0.42
1959.9,0.42
1961.5,0.39
1963.0,0.42
1964.5,0.42
1966.0,0.42
1967.6,0.39
1969.1,0.42
1970.5,0.45
1972.0,0.42
1973.5,0.42
1974.9,0.45
1976.4,0.42
1978.0,0.39
1979.5,0.42
1980.9,0.45
1982.4,0.42
1984.0,0.39
1985.5,0.42
1987.0,0.42
1988.6,0.39
1990.2,0.39
1991.7,0.42
1993.2,0.42
1994.8,0.39
1996.3,0.42
1997.8,0.42
1999.3,0.42
2000.8,0.42
2002.3,0.42
2003.8,0.42
2005.3,0.42
2006.8,0.42
2008.2,0.45
2009.7,0.42
2011.2,0.42
2012.7,0.42
2014.2,0.42
2015.7,0.42
2017.2,0.42
2018.8,0.39
2020.3,0.42
2021.8,0.42
2023.3,0.42
2024.8,0.42
2026.2,0.45
2027.7,0.42
2029.2,0.42
2030.7,0.42
2032.1,0.45
2033.6,0.42
2035.0,0.45
2036.4,0.45
2037.8,0.45
2039.3,0.42
2040.7,0.45
2042.2,0.42
2043.8,0.39
2045.3,0.42
2046.9,0.39
2048.5,0.39
2050.1,0.39
2051.6,0.42
2053.2,0.39
2054.8,0.39
2056.3,0.42
2057.8,0.42
2059.3,0.42
2060.8,0.42
2062.3,0.42
2063.7,0.45
2065.2,0.42
2066.7,0.42
2068.2,0.42
2069.7,0.42
2071.3,0.39
2072.8,0.42
2074.4,0.39
2075.9,0.42
2077.4,0.42
2078.8,0.45
2080.3,0.42
2081.8,0.42
2083.3,0.42
2084.7,0.45
2086.1,0.45
2087.6,0.42
2089.1,0.42
2090.6,0.42
2092.1,0.42
2093.6,0.42
2095.0,0.45
2096.5,0.42
2098.0,0.42
2099.5,0.42
2100.9,0.45
2102.4,0.42
2103.9,0.42
2105.3,0.45
2106.8,0.42
2108.3,0.42
2109.8,0.42
2111.3,0.42
2112.8,0.42
2114.3,0.42
2115.8,0.42
2117.3,0.42
2118.8,0.42
2120.4,0.39
2121.9,0.42
2123.4,0.42
2125.0,0.39
2126.5,0.42
2128.1,0.39
2129.6,0.42
2131.2,0.39
2132.7,0.42
2134.3,0.39
2135.9,0.39
2137.4,0.42
2139.0,0.39
2140.5,0.42
2142.0,0.42
2143.5,0.42
2145.0,0.42
2146.4,0.45
2147.9,0.42
2149.3,0.45
2150.8,0.42
2152.3,0.42
2153.9,0.39
2155.5,0.39
2157.1,0.39
2158.7,0.39
2160.3,0.39
2162.0,0.37
2163.7,0.37
2165.2,0.42
2166.8,0.39
2168.3,0.42
2169.9,0.39
2171.5,0.39
2173.1,0.39
2174.7,0.39
2176.3,0.39
2177.9,0.39
2179.4,0.42
2180.9,0.42
2182.4,0.42
2183.9,0.42
2185.4,0.42
2187.0,0.39
2188.5,0.42
2190.0,0.42
2191.5,0.42
2193.0,0.42
2194.6,0.39
2196.1,0.42
2197.7,0.39
2199.2,0.42
2200.8,0.39
2202.4,0.39
2203.9,0.42
2205.3,0.45
2206.8,0.42
2208.2,0.45
2209.8,0.39
2211.3,0.42
2212.8,0.42
2214.2,0.45
2215.6,0.45
2217.0,0.45
2218.4,0.45
2219.8,0.45
2221.1,0.48
2222.4,0.48
2223.7,0.48
2225.0,0.48
2226.3,0.48
2227.6,0.48
2229.0,0.45
2230.4,0.45
2231.9,0.42
2233.3,0.45
2234.8,0.42
2236.2,0.45
2237.7,0.42
2239.2,0.42
2240.6,0.45
2242.0,0.45
2243.4,0.45
2244.7,0.48
2246.0,0.48
2247.4,0.45
2248.7,0.48
2250.1,0.45
2251.5,0.45
2253.0,0.42
2254.3,0.48
2255.7,0.45
2257.1,0.45
2258.4,0.48
2259.8,0.45
2261.1,0.48
2262.5,0.45
2263.9,0.45
2265.4,0.42
2266.8,0.45
2268.4,0.39
2269.9,0.42
2271.6,0.37
2273.2,0.39
2274.8,0.39
2276.6,0.35
2278.3,0.37
2279.9,0.39
2281.7,0.35
2283.4,0.37
2285.2,0.35
2286.8,0.39
2288.5,0.37
2290.3,0.35
2292.0,0.37
2293.7,0.37
2295.3,0.39
2296.9,0.39
2298.6,0.37
2300.1,0.42
2301.8,0.37
2303.5,0.37
2305.4,0.33
2307.3,0.33
2309.2,0.33
2310.9,0.37
2312.7,0.35
2314.3,0.39
2316.0,0.37
2317.7,0.37
2319.3,0.39
2320.9,0.39
2322.6,0.37
2324.2,0.39
2325.9,0.37
2327.5,0.39
2329.2,0.37
2330.8,0.39
2332.4,0.39
2334.0,0.39
2335.6,0.39
2337.3,0.37
2339.1,0.35
2340.8,0.37
2342.4,0.39
2344.0,0.39
2345.6,0.39
2347.3,0.37
2349.0,0.37
2350.6,0.39
2352.3,0.37
2354.0,0.37
2355.7,0.37
2357.3,0.39
2358.9,0.39
2360.5,0.39
2362.1,0.39
2363.6,0.42
2365.1,0.42
2366.6,0.42
2368.1,0.42
2369.6,0.42
2371.1,0.42
2372.6,0.42
2374.2,0.39
2375.9,0.37
2377.6,0.37
2379.2,0.39
2380.8,0.39
2382.4,0.39
2383.9,0.42
2385.4,0.42
2387.1,0.37
2388.7,0.39
2390.5,0.35
2392.2,0.37
2394.0,0.35
2395.7,0.37
2397.3,0.39
2398.9,0.39
2400.6,0.37
2402.2,0.39
2403.9,0.37
2405.5,0.39
2407.2,0.37
2408.8,0.39
2410.4,0.39
2412.0,0.39
2413.7,0.37
2415.3,0.39
2416.8,0.42
2418.3,0.42
2419.8,0.42
2421.3,0.42
2422.9,0.39
2424.4,0.42
2426.1,0.37
2427.8,0.37
2429.5,0.37
2431.1,0.39
2432.7,0.39
2434.2,0.42
2435.8,0.39
2437.4,0.39
2439.0,0.39
2440.6,0.39
2442.1,0.42
2443.6,0.42
2445.1,0.42
2446.7,0.39
2448.3,0.39
2449.9,0.39
2451.6,0.37
2453.2,0.39
2454.8,0.39
2456.4,0.39
2458.0,0.39
2459.6,0.39
2461.2,0.39
2462.7,0.42
2464.3,0.39
2465.8,0.42
2467.3,0.42
2469.0,0.37
2470.6,0.39
2472.2,0.39
2473.8,0.39
2475.4,0.39
2477.0,0.39
2478.6,0.39
2480.2,0.39
2481.7,0.42
2483.2,0.42
2484.8,0.39
2486.3,0.42
2487.8,0.42
2489.4,0.39
2491.1,0.37
2492.7,0.39
2494.2,0.42
2495.7,0.42
2497.2,0.42
2498.6,0.45
2500.2,0.39
2501.7,0.42
2503.3,0.39
2504.8,0.42
2506.4,0.39
2507.9,0.42
2509.5,0.39
2511.1,0.39
2512.8,0.37
2514.4,0.39
2516.0,0.39
2517.5,0.42
2519.1,0.39
2520.7,0.39
2522.2,0.42
2523.8,0.39
2525.3,0.42
2526.9,0.39
2528.5,0.39
2530.2,0.37
2531.9,0.37
2533.5,0.39
2535.1,0.39
2536.7,0.39
2538.3,0.39
2539.9,0.39
2541.5,0.39
2543.1,0.39
2544.6,0.42
2546.1,0.42
2547.6,0.42
2549.2,0.39
2550.7,0.42
2552.2,0.42
2553.6,0.45
2555.1,0.42
2556.7,0.39
2558.4,0.37
2560.0,0.39
2561.6,0.39
2563.1,0.42
2564.5,0.45
2566.0,0.42
2567.5,0.42
2569.0,0.42
2570.5,0.42
2572.0,0.42
2573.5,0.42
2574.9,0.45
2576.4,0.42
2577.8,0.45
2579.3,0.42
2580.7,0.45
2582.2,0.42
2583.6,0.45
2585.1,0.42
2586.6,0.42
2588.1,0.42
2589.7,0.39
2591.2,0.42
2592.8,0.39
2594.4,0.39
2596.1,0.37
2597.8,0.37
2599.4,0.39
2601.0,0.39
2602.6,0.39
2604.2,0.39
2605.8,0.39
2607.4,0.39
2608.9,0.42
2610.6,0.37
2612.2,0.39
2613.9,0.37
2615.7,0.35
2617.4,0.37
2619.1,0.37
2620.8,0.37
2622.6,0.35
2624.2,0.39
2625.9,0.37
2627.5,0.39
2629.3,0.35
2631.1,0.35
2632.8,0.37
2634.5,0.37
2636.2,0.37
2637.9,0.37
2639.6,0.37
2641.3,0.37
2642.9,0.39
2644.6,0.37
2646.1,0.42
2647.7,0.39
2649.3,0.39
2651.0,0.37
2652.7,0.37
2654.4,0.37
2656.1,0.37
2657.8,0.37
2659.6,0.35
2661.2,0.39
2663.0,0.35
2664.8,0.35
2666.6,0.35
2668.3,0.37
2670.1,0.35
2671.9,0.35
2673.6,0.37
2675.3,0.37
2676.9,0.39
2678.6,0.37
2680.2,0.39
2681.8,0.39
2683.5,0.37
2685.1,0.39
2686.8,0.37
2688.4,0.39
2690.1,0.37
2691.8,0.37
2693.5,0.37
2695.3,0.35
2697.0,0.37
2698.7,0.37
2700.3,0.39
2702.0,0.37
2703.6,0.39
2705.3,0.37
2707.0,0.37
2708.6,0.39
2710.3,0.37
2712.1,0.35
2713.8,0.37
2715.5,0.37
2717.2,0.37
2718.8,0.39
2720.5,0.37
2722.1,0.39
2723.8,0.37
2725.5,0.37
2727.2,0.37
2729.0,0.35
2730.7,0.37
2732.3,0.39
2733.9,0.39
2735.6,0.37
2737.2,0.39
2738.9,0.37
2740.5,0.39
2742.2,0.37
2743.8,0.39
2745.5,0.37
2747.2,0.37
2748.9,0.37
2750.7,0.35
2752.4,0.37
2754.0,0.39
2755.6,0.39
2757.1,0.42
2758.6,0.42
2760.2,0.39
2761.7,0.42
2763.2,0.42
2764.8,0.39
2766.4,0.39
2768.0,0.39
2769.6,0.39
2771.3,0.37
2772.9,0.39
2774.5,0.39
2776.1,0.39
2777.8,0.37
2779.5,0.37
2781.1,0.39
2782.6,0.42
2784.2,0.39
2785.8,0.39
2787.3,0.42
2788.9,0.39
2790.5,0.39
2792.1,0.39
2793.8,0.37
2795.4,0.39
2797.0,0.39
2798.7,0.37
2800.3,0.39
2802.1,0.35
2803.8,0.37
2805.6,0.35
2807.3,0.37
2809.1,0.35
2810.8,0.37
2812.5,0.37
2814.1,0.39
2815.7,0.39
2817.2,0.42
2818.8,0.39
2820.3,0.42
2821.9,0.39
2823.6,0.37
2825.2,0.39
2826.9,0.37
2828.5,0.39
2830.2,0.37
2831.7,0.42
2833.3,0.39
2835.0,0.37
2836.6,0.39
2838.2,0.39
2839.8,0.39
2841.5,0.37
2843.2,0.37
2844.8,0.39
2846.5,0.37
2848.2,0.37
2849.9,0.37
2851.5,0.39
2853.1,0.39
2854.7,0.39
2856.3,0.39
2857.8,0.42
2859.4,0.39
2861.0,0.39
2862.6,0.39
2864.2,0.39
2865.8,0.39
2867.4,0.39
2869.1,0.37
2870.8,0.37
2872.6,0.35
2874.6,0.31
2876.5,0.33
2878.4,0.33
2880.2,0.35
2881.9,0.37
2883.5,0.39
2885.2,0.37
2886.8,0.39
2888.4,0.39
2890.1,0.37
2891.7,0.39
2893.3,0.39
2895.1,0.35
2896.7,0.39
2898.3,0.39
2899.9,0.39
2901.4,0.42
2903.0,0.39
2904.6,0.39
2906.2,0.39
2907.8,0.39
2909.4,0.39
2911.1,0.37
2912.8,0.37
2914.4,0.39
2916.1,0.37
2917.7,0.39
2919.2,0.42
2920.7,0.42
2922.1,0.45
2923.6,0.42
2925.1,0.42
2926.6,0.42
2928.1,0.42
2929.7,0.39
2931.2,0.42
2932.6,0.45
2934.0,0.45
2935.4,0.45
2936.7,0.48
2938.1,0.45
2939.4,0.48
2940.8,0.45
2942.2,0.45
2943.5,0.48
2944.9,0.45
2946.4,0.42
2947.8,0.45
2949.2,0.45
2950.7,0.42
2952.1,0.45
2953.6,0.42
2955.0,0.45
2956.4,0.45
2957.8,0.45
2959.2,0.45
2960.6,0.45
2962.0,0.45
2963.5,0.42
2964.9,0.45
2966.4,0.42
2967.9,0.42
2969.3,0.45
2970.9,0.39
2972.4,0.42
2973.9,0.42
2975.4,0.42
2977.0,0.39
2978.6,0.39
2980.3,0.37
2982.0,0.37
2983.7,0.37
2985.4,0.37
2987.1,0.37
2988.9,0.35
2990.8,0.33
2992.7,0.33
2994.6,0.33
2996.4,0.35
2998.2,0.35
3000.1,0.33
3001.8,0.37
3003.6,0.35
3005.4,0.35
3007.2,0.35
3009.0,0.35
3010.9,0.33
3012.8,0.33
3014.8,0.31
3016.8,0.31
3018.8,0.31
3020.6,0.35
3022.6,0.31
3024.7,0.30
3026.6,0.33
3028.6,0.31
3030.5,0.33
3032.3,0.35
3034.2,0.33
3036.1,0.33
3037.9,0.35
3039.8,0.33
3041.8,0.31
3043.8,0.31
3045.6,0.35
3047.5,0.33
3049.4,0.33
3051.3,0.33
3053.2,0.33
3055.0,0.35
3056.7,0.37
3058.5,0.35
3060.2,0.37
3061.9,0.37
3063.5,0.39
3065.2,0.37
3066.9,0.37
3068.6,0.37
3070.5,0.33
3072.3,0.35
3074.2,0.33
3075.9,0.37
3077.8,0.33
3079.7,0.33
3081.6,0.33
3083.4,0.35
3085.2,0.35
3087.0,0.35
3088.8,0.35
3090.6,0.35
3092.4,0.35
3094.2,0.35
3096.1,0.33
3098.0,0.33
3099.7,0.37
3101.4,0.37
3103.2,0.35
3105.1,0.33
3106.9,0.35
3108.8,0.33
3110.6,0.35
3112.4,0.35
3114.2,0.35
3115.9,0.37
3117.7,0.35
3119.4,0.37
3121.1,0.37
3122.7,0.39
3124.4,0.37
3126.0,0.39
3127.6,0.39
3129.1,0.42
3130.7,0.39
3132.3,0.39
3133.8,0.42
3135.4,0.39
3137.0,0.39
3138.6,0.39
3140.2,0.39
3141.7,0.42
3143.3,0.39
3144.8,0.42
3146.4,0.39
3148.1,0.37
3149.8,0.37
3151.5,0.37
3153.3,0.35
3155.1,0.35
3156.8,0.37
3158.6,0.35
3160.4,0.35
3162.0,0.39
3163.7,0.37
3165.3,0.39
3166.8,0.42
3168.4,0.39
3170.0,0.39
3171.6,0.39
3173.3,0.37
3175.0,0.37
3176.7,0.37
3178.4,0.37
3180.0,0.39
3181.7,0.37
3183.4,0.37
3184.9,0.42
3186.6,0.37
3188.2,0.39
3189.9,0.37
3191.5,0.39
3193.1,0.39
3194.8,0.37
3196.4,0.39
3198.0,0.39
3199.6,0.39
3201.2,0.39
3202.8,0.39
3204.3,0.42
3206.0,0.37
3207.6,0.39
3209.3,0.37
3210.9,0.39
3212.6,0.37
3214.3,0.37
3216.0,0.37
3217.6,0.39
3219.2,0.39
3220.8,0.39
3222.3,0.42
3223.9,0.39
3225.6,0.37
3227.3,0.37
3229.0,0.37
3230.7,0.37
3232.3,0.39
3234.0,0.37
3235.6,0.39
3237.2,0.39
3238.8,0.39
3240.5,0.37
3242.1,0.39
3243.7,0.39
3245.2,0.42
3246.9,0.37
3248.6,0.37
3250.3,0.37
3252.0,0.37
3253.7,0.37
3255.4,0.37
3257.0,0.39
3258.7,0.37
3260.4,0.37
3262.1,0.37
3263.7,0.39
3265.3,0.39
3266.8,0.42
3268.4,0.39
3270.0,0.39
3271.5,0.42
3273.0,0.42
3274.5,0.42
3276.0,0.42
3277.5,0.42
3278.9,0.45
3280.4,0.42
3281.9,0.42
3283.4,0.42
3285.1,0.37
3286.7,0.39
3288.2,0.42
3289.7,0.42
3291.1,0.45
3292.6,0.42
3294.1,0.42
3295.6,0.42
3297.0,0.45
3298.4,0.45
3299.8,0.45
3301.3,0.42
3302.7,0.45
3304.2,0.42
3305.7,0.42
3307.2,0.42
3308.6,0.45
3310.0,0.45
3311.5,0.42
3313.1,0.39
3314.6,0.42
3316.1,0.42
3317.7,0.39
3319.4,0.37
3321.1,0.37
3322.8,0.37
3324.4,0.39
3326.2,0.35
3327.9,0.37
3329.7,0.35
3331.5,0.35
3333.3,0.35
3335.2,0.33
3336.9,0.37
3338.7,0.35
3340.4,0.37
3342.2,0.35
3344.0,0.35
3345.7,0.37
3347.5,0.35
3349.3,0.35
3351.1,0.35
3352.9,0.35
3354.7,0.35
3356.4,0.37
3358.0,0.39
3359.7,0.37
3361.4,0.37
3363.0,0.39
3364.7,0.37
3366.4,0.37
3368.2,0.35
3370.0,0.35
3371.9,0.33
3373.9,0.31
3375.9,0.31
3377.8,0.33
3379.7,0.33
3381.6,0.33
3383.4,0.35
3385.3,0.33
3387.2,0.33
3389.2,0.31
3391.1,0.33
3393.0,0.33
3394.9,0.33
3396.7,0.35
3398.4,0.37
3400.1,0.37
3401.8,0.37
3403.6,0.35
3405.4,0.35
3407.2,0.35
3409.1,0.33
3410.9,0.35
3412.8,0.33
3414.6,0.35
3416.4,0.35
3418.2,0.35
3420.1,0.33
3422.0,0.33
3423.8,0.35
3425.7,0.33
3427.6,0.33
3429.5,0.33
3431.4,0.33
3433.3,0.33
3435.1,0.35
3436.9,0.35
3438.7,0.35
3440.6,0.33
3442.3,0.37
3444.1,0.35
3446.0,0.33
3447.8,0.35
3449.6,0.35
3451.5,0.33
3453.4,0.33
3455.1,0.37
3456.8,0.37
3458.6,0.35
3460.3,0.37
3462.2,0.33
3464.0,0.35
3465.7,0.37
3467.5,0.35
3469.3,0.35
3471.0,0.37
3472.7,0.37
3474.5,0.35
3476.3,0.35
3478.1,0.35
3479.8,0.37
3481.7,0.33
3483.6,0.33
3485.4,0.35
3487.2,0.35
3489.1,0.33
3490.9,0.35
3492.7,0.35
3494.6,0.33
3496.4,0.35
3498.3,0.33
3500.2,0.33
3502.0,0.35
3503.8,0.35
3505.6,0.35
3507.3,0.37
3509.3,0.31
3511.2,0.33
3513.2,0.31
3515.2,0.31
3517.1,0.33
3519.0,0.33
3520.8,0.35
3522.6,0.35
3524.4,0.35
3526.2,0.35
3528.0,0.35
3529.8,0.35
3531.5,0.37
3533.4,0.33
3535.2,0.35
3536.9,0.37
3538.7,0.35
3540.5,0.35
3542.2,0.37
3543.9,0.37
3545.7,0.35
3547.5,0.35
3549.3,0.35
3551.1,0.35
3552.8,0.37
3554.4,0.39
3556.0,0.39
3557.6,0.39
3559.1,0.42
3560.5,0.45
3562.0,0.42
3563.4,0.45
3564.8,0.45
3566.2,0.45
3567.6,0.45
3569.0,0.45
3570.5,0.42
3572.0,0.42
3573.4,0.45
3574.9,0.42
3576.4,0.42
3577.8,0.45
3579.3,0.42
3580.8,0.42
3582.2,0.45
3583.6,0.45
3585.1,0.42
3586.5,0.45
3587.9,0.45
3589.3,0.45
3590.8,0.42
3592.3,0.42
3593.8,0.42
3595.2,0.45
3596.7,0.42
3598.2,0.42
0.0,0.00
