61.5,0.39
64.7,0.20
67.4,0.23
69.9,0.25
73.1,0.20
83.6,0.48
85.0,0.45
86.6,0.39
88.0,0.45
89.5,0.42
91.1,0.39
92.6,0.42
94.2,0.39
95.8,0.39
97.4,0.39
99.0,0.39
100.9,0.33
102.5,0.39
104.1,0.39
106.0,0.33
107.7,0.37
109.3,0.39
110.9,0.39
112.7,0.35
114.9,0.29
116.7,0.35
118.3,0.39
119.9,0.39
121.4,0.42
122.8,0.45
124.3,0.42
125.7,0.45
127.4,0.37
129.8,0.26
131.7,0.33
133.5,0.35
135.3,0.35
137.7,0.26
140.8,0.20
145.8,0.13
146.8,0.00
179.1,0.00
180.1,0.70
181.2,0.57
182.3,0.57
183.6,0.48
184.9,0.48
186.2,0.48
187.6,0.45
189.0,0.45
190.7,0.37
192.3,0.39
193.8,0.42
196.8,0.21
198.4,0.39
199.8,0.45
201.2,0.45
202.6,0.45
203.9,0.48
205.2,0.48
206.5,0.48
207.9,0.45
209.6,0.37
211.4,0.35
213.6,0.29
214.6,0.00
233.2,0.00
234.2,0.42
235.5,0.48
236.8,0.48
238.1,0.48
239.4,0.48
240.7,0.48
241.9,0.52
243.2,0.48
244.3,0.57
245.5,0.52
246.7,0.52
247.9,0.52
249.1,0.52
250.2,0.57
251.4,0.52
252.5,0.57
253.7,0.52
254.8,0.57
255.9,0.57
257.1,0.52
258.4,0.48
259.7,0.48
261.0,0.48
262.5,0.42
264.0,0.42
265.3,0.48
266.6,0.48
267.9,0.48
269.1,0.52
270.2,0.57
271.4,0.52
272.6,0.52
273.8,0.52
274.9,0.57
276.1,0.52
277.4,0.48
278.6,0.52
279.8,0.52
281.0,0.52
282.1,0.57
283.2,0.57
284.3,0.57
285.5,0.52
286.7,0.52
287.9,0.52
289.0,0.57
290.1,0.57
291.2,0.57
292.3,0.57
293.5,0.52
294.7,0.52
295.9,0.52
297.0,0.57
298.2,0.52
299.3,0.57
300.4,0.57
301.6,0.52
302.7,0.57
303.8,0.57
304.9,0.57
306.0,0.57
307.2,0.52
308.3,0.57
309.4,0.57
310.6,0.52
311.8,0.52
312.9,0.57
314.1,0.52
315.3,0.52
316.4,0.57
317.6,0.52
318.7,0.57
319.8,0.57
321.0,0.52
322.1,0.57
323.3,0.52
324.4,0.57
325.6,0.52
326.8,0.52
327.9,0.57
329.1,0.52
330.3,0.52
331.4,0.57
332.6,0.52
333.7,0.57
334.9,0.52
336.1,0.52
337.2,0.57
338.4,0.52
339.5,0.57
340.7,0.52
341.9,0.52
343.1,0.52
344.2,0.57
345.4,0.52
346.6,0.52
347.8,0.52
349.0,0.52
350.1,0.57
351.3,0.52
352.5,0.52
353.7,0.52
354.9,0.52
356.1,0.52
357.4,0.48
358.6,0.52
359.8,0.52
361.0,0.52
362.1,0.57
363.3,0.52
364.5,0.52
365.7,0.52
366.9,0.52
368.1,0.52
369.2,0.57
370.4,0.52
371.6,0.52
372.8,0.52
374.0,0.52
375.2,0.52
376.4,0.52
377.6,0.52
378.8,0.52
380.0,0.52
381.2,0.52
382.4,0.52
383.6,0.52
384.8,0.52
385.9,0.57
387.1,0.52
388.3,0.52
389.4,0.57
390.6,0.52
391.8,0.52
393.0,0.52
394.2,0.52
395.4,0.52
396.6,0.52
397.8,0.52
399.1,0.48
400.3,0.52
401.6,0.48
402.8,0.52
404.1,0.48
405.3,0.52
406.5,0.52
407.8,0.48
409.0,0.52
410.3,0.48
411.5,0.52
412.7,0.52
413.9,0.52
415.2,0.48
416.4,0.52
417.7,0.48
418.9,0.52
420.1,0.52
421.3,0.52
422.5,0.52
423.7,0.52
424.9,0.52
426.2,0.48
427.4,0.52
428.6,0.52
429.8,0.52
431.0,0.52
432.3,0.48
433.5,0.52
434.7,0.52
435.9,0.52
437.1,0.52
438.4,0.48
439.6,0.52
440.8,0.52
442.0,0.52
443.2,0.52
444.4,0.52
445.6,0.52
457.8,0.52
459.0,0.52
460.3,0.48
461.5,0.52
462.7,0.52
463.9,0.52
465.0,0.57
466.2,0.52
467.4,0.52
468.6,0.52
469.8,0.52
471.0,0.52
472.2,0.52
473.4,0.52
474.7,0.48
476.0,0.48
477.2,0.52
478.5,0.48
479.7,0.52
480.9,0.52
482.1,0.52
483.4,0.48
484.6,0.52
485.8,0.52
487.0,0.52
488.2,0.52
489.4,0.52
490.6,0.52
491.9,0.48
493.1,0.52
494.4,0.48
495.6,0.52
496.9,0.48
498.1,0.52
499.3,0.52
500.5,0.52
501.7,0.52
502.9,0.52
504.1,0.52
505.3,0.52
506.5,0.52
507.8,0.48
508.9,0.57
510.2,0.48
511.4,0.52
512.6,0.52
513.8,0.52
515.0,0.52
516.2,0.52
517.4,0.52
518.6,0.52
519.9,0.48
521.1,0.52
522.3,0.52
523.5,0.52
535.6,0.52
536.9,0.48
538.1,0.52
539.4,0.48
540.6,0.52
541.8,0.52
543.1,0.48
544.3,0.52
545.5,0.52
546.7,0.52
547.9,0.52
549.1,0.52
550.3,0.52
551.5,0.52
552.7,0.52
554.0,0.48
555.2,0.52
556.4,0.52
557.7,0.48
558.9,0.52
560.1,0.52
561.4,0.48
562.6,0.52
563.8,0.52
565.0,0.52
566.2,0.52
567.5,0.48
568.7,0.52
569.9,0.52
571.1,0.52
572.1,0.00
865.1,0.00
866.1,0.52
867.4,0.48
868.7,0.48
869.9,0.52
871.2,0.48
872.5,0.48
873.7,0.52
875.0,0.48
876.2,0.52
877.5,0.48
878.7,0.52
880.0,0.48
881.2,0.52
882.4,0.52
883.7,0.48
884.9,0.52
886.2,0.48
887.5,0.48
888.7,0.52
890.0,0.48
891.3,0.48
892.7,0.45
894.0,0.48
895.3,0.48
896.6,0.48
897.9,0.48
899.2,0.48
900.5,0.48
901.7,0.52
902.9,0.52
904.1,0.52
905.4,0.48
906.7,0.48
907.9,0.52
909.2,0.48
910.5,0.48
911.8,0.48
913.1,0.48
914.5,0.45
915.8,0.48
917.1,0.48
918.4,0.48
919.7,0.48
921.0,0.48
922.4,0.45
923.7,0.48
925.0,0.48
926.3,0.48
927.7,0.45
929.2,0.42
930.6,0.45
932.0,0.45
933.4,0.45
934.7,0.48
936.0,0.48
937.3,0.48
938.6,0.48
939.9,0.48
941.1,0.52
942.3,0.52
943.5,0.52
944.8,0.48
946.0,0.52
947.2,0.52
948.4,0.52
949.7,0.48
950.9,0.52
952.1,0.52
953.3,0.52
954.5,0.52
955.7,0.52
957.0,0.48
958.3,0.48
959.5,0.52
960.8,0.48
962.0,0.52
963.2,0.52
964.5,0.48
965.7,0.52
966.9,0.52
968.1,0.52
969.3,0.52
970.5,0.52
971.8,0.48
973.0,0.52
974.1,0.57
975.4,0.48
976.6,0.52
977.7,0.57
978.9,0.52
980.1,0.52
981.3,0.52
982.5,0.52
983.6,0.57
984.9,0.48
986.1,0.52
987.4,0.48
988.6,0.52
989.9,0.48
991.2,0.48
992.5,0.48
993.8,0.48
995.1,0.48
996.3,0.52
997.5,0.52
998.8,0.48
1000.0,0.52
1001.2,0.52
1002.5,0.48
1003.8,0.48
1005.0,0.52
1006.3,0.48
1007.5,0.52
1008.7,0.52
1010.0,0.48
1011.2,0.52
1012.5,0.48
1013.7,0.52
1014.9,0.52
1016.1,0.52
1017.3,0.52
1018.4,0.57
1019.6,0.52
1020.8,0.52
1022.0,0.52
1023.2,0.52
1024.5,0.48
1025.7,0.52
1026.9,0.52
1028.1,0.52
1029.3,0.52
1030.5,0.52
1031.7,0.52
1032.9,0.52
1034.4,0.42
1036.1,0.37
1037.6,0.42
1039.0,0.45
1040.4,0.45
1041.8,0.45
1043.1,0.48
1044.4,0.48
1045.7,0.48
1047.0,0.48
1048.2,0.52
1049.5,0.48
1050.8,0.48
1052.2,0.45
1053.5,0.48
1054.7,0.52
1056.0,0.48
1057.3,0.48
1058.6,0.48
1060.0,0.45
1061.2,0.52
1062.5,0.48
1063.8,0.48
1065.0,0.52
1066.3,0.48
1067.6,0.48
1068.9,0.48
1070.2,0.48
1071.5,0.48
1073.2,0.37
1074.8,0.39
1076.8,0.31
1078.8,0.31
1080.4,0.39
1081.8,0.45
1083.2,0.45
1084.7,0.42
1086.0,0.48
1087.5,0.42
1088.9,0.45
1090.2,0.48
1091.6,0.45
1092.9,0.48
1094.2,0.48
1095.4,0.52
1096.7,0.48
1098.0,0.48
1099.2,0.52
1100.5,0.48
1101.8,0.48
1103.0,0.52
1104.3,0.48
1105.5,0.52
1106.8,0.48
1108.0,0.52
1109.3,0.48
1110.6,0.48
1111.8,0.52
1113.1,0.48
1114.4,0.48
1115.7,0.48
1117.0,0.48
1118.3,0.48
1119.6,0.48
1120.9,0.48
1122.2,0.48
1123.5,0.48
1124.8,0.48
1126.1,0.48
1127.4,0.48
1128.7,0.48
1130.0,0.48
1131.4,0.45
1132.7,0.48
1134.0,0.48
1135.3,0.48
1136.7,0.45
1138.0,0.48
1139.3,0.48
1140.6,0.48
1141.9,0.48
1143.2,0.48
1144.5,0.48
1145.8,0.48
1147.2,0.45
1148.5,0.48
1149.8,0.48
1151.0,0.52
1152.3,0.48
1153.7,0.45
1155.0,0.48
1156.3,0.48
1157.6,0.48
1159.0,0.45
1160.3,0.48
1161.6,0.48
1163.0,0.45
1164.3,0.48
1165.6,0.48
1166.9,0.48
1168.2,0.48
1169.5,0.48
1170.8,0.48
1172.1,0.48
1173.4,0.48
1174.7,0.48
1176.0,0.48
1177.4,0.45
1178.8,0.45
1180.1,0.48
1181.5,0.45
1182.8,0.48
1184.2,0.45
1185.5,0.48
1186.8,0.48
1188.1,0.48
1189.5,0.45
1190.8,0.48
1192.1,0.48
1193.4,0.48
1194.7,0.48
1196.0,0.48
1197.4,0.45
1198.8,0.45
1200.1,0.48
1201.5,0.45
1202.8,0.48
1204.2,0.45
1205.5,0.48
1206.9,0.45
1208.2,0.48
1209.6,0.45
1210.9,0.48
1212.3,0.45
1213.6,0.48
1214.9,0.48
1216.3,0.45
1217.6,0.48
1218.9,0.48
1220.3,0.45
1221.6,0.48
1222.9,0.48
1224.2,0.48
1225.5,0.48
1226.8,0.48
1228.1,0.48
1229.5,0.45
1230.8,0.48
1232.2,0.45
1233.6,0.45
1234.9,0.48
1236.3,0.45
1237.7,0.45
1239.1,0.45
1240.4,0.48
1241.8,0.45
1243.1,0.48
1244.3,0.52
1245.6,0.48
1246.9,0.48
1248.2,0.48
1249.6,0.45
1250.9,0.48
1252.2,0.48
1253.6,0.45
1254.9,0.48
1256.2,0.48
1257.5,0.48
1258.8,0.48
1260.2,0.45
1261.5,0.48
1262.8,0.48
1264.1,0.48
1265.4,0.48
1266.7,0.48
1268.0,0.48
1269.3,0.48
1270.7,0.45
1272.0,0.48
1273.3,0.48
1274.7,0.45
1276.1,0.45
1277.4,0.48
1278.8,0.45
1280.1,0.48
1281.4,0.48
1282.7,0.48
1284.0,0.48
1285.3,0.48
1286.7,0.45
1288.0,0.48
1289.3,0.48
1290.7,0.45
1292.0,0.48
1293.4,0.45
1294.7,0.48
1296.1,0.45
1297.4,0.48
1298.8,0.45
1300.1,0.48
1301.5,0.45
1302.8,0.48
1304.2,0.45
1305.5,0.48
1306.8,0.48
1308.2,0.45
1309.5,0.48
1310.9,0.45
1312.2,0.48
1313.6,0.45
1315.0,0.45
1316.4,0.45
1317.8,0.45
1319.2,0.45
1320.5,0.48
1321.9,0.45
1323.3,0.45
1324.6,0.48
1325.9,0.48
1327.3,0.45
1328.6,0.48
1329.9,0.48
1331.3,0.45
1332.6,0.48
1334.0,0.45
1335.3,0.48
1336.6,0.48
1338.0,0.45
1339.3,0.48
1340.7,0.45
1342.0,0.48
1343.3,0.48
1344.7,0.45
1346.0,0.48
1347.3,0.48
1348.7,0.45
1350.0,0.48
1351.3,0.48
1352.7,0.45
1354.1,0.45
1355.4,0.48
1356.8,0.45
1358.1,0.48
1359.4,0.48
1360.8,0.45
1362.1,0.48
1363.5,0.45
1364.8,0.48
1366.2,0.45
1367.5,0.48
1368.9,0.45
1370.2,0.48
1371.6,0.45
1372.9,0.48
1374.3,0.45
1375.6,0.48
1377.0,0.45
1378.3,0.48
1379.7,0.45
1381.0,0.48
1382.3,0.48
1383.6,0.48
1384.9,0.48
1386.2,0.48
1387.6,0.45
1388.9,0.48
1390.2,0.48
1391.6,0.45
1392.9,0.48
1394.3,0.45
1395.7,0.45
1397.0,0.48
1398.4,0.45
1399.8,0.45
1401.1,0.48
1402.5,0.45
1403.9,0.45
1405.2,0.48
1406.6,0.45
1407.9,0.48
1409.3,0.45
1410.7,0.45
1412.0,0.48
1413.4,0.45
1414.7,0.48
1416.1,0.45
1417.5,0.45
1418.8,0.48
1420.2,0.45
1421.5,0.48
1422.9,0.45
1424.2,0.48
1425.6,0.45
1426.9,0.48
1428.2,0.48
1429.6,0.45
1431.0,0.45
1432.3,0.48
1433.7,0.45
1435.1,0.45
1436.5,0.45
1437.9,0.45
1439.3,0.45
1440.7,0.45
1442.1,0.45
1443.5,0.45
1444.8,0.48
1446.2,0.45
1447.5,0.48
1448.9,0.45
1450.2,0.48
1451.5,0.48
1452.8,0.48
1454.1,0.48
1455.5,0.45
1456.8,0.48
1458.2,0.45
1459.6,0.45
1460.9,0.48
1462.3,0.45
1463.7,0.45
1465.1,0.45
1466.5,0.45
1467.8,0.48
1469.2,0.45
1470.6,0.45
1472.0,0.45
1473.4,0.45
1474.8,0.45
1476.2,0.45
1477.6,0.45
1479.0,0.45
1480.3,0.48
1481.8,0.42
1483.2,0.45
1484.6,0.45
1486.0,0.45
1487.4,0.45
1488.8,0.45
1490.1,0.48
1491.5,0.45
1492.9,0.45
1494.2,0.48
1495.6,0.45
1497.0,0.45
1498.4,0.45
1499.8,0.45
1501.2,0.45
1502.5,0.48
1503.9,0.45
1505.3,0.45
1506.7,0.45
1508.1,0.45
1509.5,0.45
1510.8,0.48
1512.2,0.45
1513.6,0.45
1515.0,0.45
1516.4,0.45
1517.7,0.48
1519.1,0.45
1520.4,0.48
1521.7,0.48
1523.1,0.45
1524.4,0.48
1525.7,0.48
1527.1,0.45
1528.5,0.45
1529.9,0.45
1531.3,0.45
1532.7,0.45
1534.1,0.45
1535.5,0.45
1536.9,0.45
1538.3,0.45
1539.7,0.45
1541.1,0.45
1542.5,0.45
1543.8,0.48
1545.2,0.45
1546.5,0.48
1547.9,0.45
1549.2,0.48
1550.6,0.45
1552.0,0.45
1553.3,0.48
1554.7,0.45
1556.0,0.48
1557.4,0.45
1558.7,0.48
1560.1,0.45
1561.4,0.48
1562.8,0.45
1564.2,0.45
1565.5,0.48
1566.9,0.45
1568.2,0.48
1569.6,0.45
1571.0,0.45
1572.4,0.45
1573.8,0.45
1575.2,0.45
1576.6,0.45
1578.0,0.45
1579.4,0.45
1580.8,0.45
1582.2,0.45
1583.5,0.48
1584.9,0.45
1586.2,0.48
1587.6,0.45
1589.0,0.45
1590.4,0.45
1591.8,0.45
1593.2,0.45
1594.7,0.42
1596.1,0.45
1597.6,0.42
1599.0,0.45
1600.4,0.45
1601.8,0.45
1603.2,0.45
1604.6,0.45
1606.0,0.45
1607.4,0.45
1608.8,0.45
1610.2,0.45
1611.6,0.45
1613.0,0.45
1614.4,0.45
1615.8,0.45
1617.2,0.45
1618.5,0.48
1619.9,0.45
1621.2,0.48
1622.6,0.45
1623.9,0.48
1625.3,0.45
1626.7,0.45
1628.1,0.45
1629.5,0.45
1630.8,0.48
1632.2,0.45
1633.7,0.42
1635.1,0.45
1636.5,0.45
1637.9,0.45
1639.3,0.45
1640.8,0.42
1642.2,0.45
1643.6,0.45
1644.9,0.48
1646.3,0.45
1647.6,0.48
1649.0,0.45
1650.3,0.48
1651.8,0.42
1653.1,0.48
1654.5,0.45
1655.9,0.45
1657.3,0.45
1658.7,0.45
1660.1,0.45
1661.5,0.45
1662.9,0.45
1664.3,0.45
1665.7,0.45
1667.1,0.45
1668.5,0.45
1669.9,0.45
1671.3,0.45
1672.7,0.45
1674.2,0.42
1675.7,0.42
1677.3,0.39
1678.8,0.42
1680.2,0.45
1681.6,0.45
1682.8,0.52
1684.0,0.52
1685.2,0.52
1686.3,0.57
1687.5,0.52
1688.7,0.52
1689.9,0.52
1691.2,0.48
1692.5,0.48
1693.8,0.48
1695.1,0.48
1696.4,0.48
1697.6,0.52
1698.9,0.48
1700.2,0.48
1701.5,0.48
1702.8,0.48
1704.1,0.48
1705.4,0.48
1706.7,0.48
1708.0,0.48
1709.3,0.48
1710.5,0.52
1711.8,0.48
1713.1,0.48
1714.4,0.48
1715.8,0.45
1717.1,0.48
1718.4,0.48
1719.8,0.45
1721.1,0.48
1722.4,0.48
1723.7,0.48
1724.9,0.52
1726.2,0.48
1727.5,0.48
1728.8,0.48
1730.2,0.45
1731.4,0.52
1732.7,0.48
1734.0,0.48
1735.2,0.52
1736.5,0.48
1737.8,0.48
1739.1,0.48
1740.5,0.45
1741.7,0.52
1743.0,0.48
1744.3,0.48
1745.6,0.48
1746.9,0.48
1748.2,0.48
1749.5,0.48
1750.7,0.52
1752.0,0.48
1753.2,0.52
1754.5,0.48
1755.8,0.48
1757.1,0.48
1758.4,0.48
1759.8,0.45
1761.1,0.48
1762.4,0.48
1763.7,0.48
1765.0,0.48
1766.4,0.45
1767.7,0.48
1769.1,0.45
1770.5,0.45
1771.8,0.48
1773.2,0.45
1774.6,0.45
1776.0,0.45
1777.4,0.45
1778.8,0.45
1780.2,0.45
1781.5,0.48
1782.8,0.48
1784.2,0.45
1785.5,0.48
1786.9,0.45
1788.2,0.48
1789.6,0.45
1791.0,0.45
1792.4,0.45
1793.7,0.48
1795.1,0.45
1796.5,0.45
1797.8,0.48
1799.2,0.45
1800.5,0.48
1801.8,0.48
1803.1,0.48
1804.5,0.45
1805.8,0.48
1807.2,0.45
1808.5,0.48
1809.9,0.45
1811.3,0.45
1812.8,0.42
1814.3,0.42
1815.8,0.42
1817.3,0.42
1818.8,0.42
1820.3,0.42
1821.7,0.45
1823.2,0.42
1824.6,0.45
1826.1,0.42
1827.6,0.42
1829.0,0.45
1830.5,0.42
1832.0,0.42
1833.4,0.45
1834.9,0.42
1836.4,0.42
1837.9,0.42
1839.4,0.42
1840.8,0.45
1842.3,0.42
1843.8,0.42
1845.2,0.45
1846.7,0.42
1848.1,0.45
1849.6,0.42
1851.0,0.45
1852.5,0.42
1854.0,0.42
1855.5,0.42
1857.0,0.42
1858.5,0.42
1859.9,0.45
1861.4,0.42
1862.9,0.42
1864.3,0.45
1865.8,0.42
1867.2,0.45
1868.7,0.42
1870.1,0.45
1871.5,0.45
1873.0,0.42
1874.5,0.42
1875.9,0.45
1877.3,0.45
1878.8,0.42
1880.2,0.45
1881.7,0.42
1883.2,0.42
1884.7,0.42
1886.1,0.45
1887.6,0.42
1889.1,0.42
1890.6,0.42
1892.1,0.42
1893.6,0.42
1895.1,0.42
1896.7,0.39
1898.2,0.42
1899.7,0.42
1901.2,0.42
1902.6,0.45
1904.0,0.45
1905.5,0.42
1906.9,0.45
1908.3,0.45
1909.8,0.42
1911.3,0.42
1912.8,0.42
1914.2,0.45
1915.7,0.42
1917.2,0.42
1918.7,0.42
1920.3,0.39
1921.8,0.42
1923.3,0.42
1924.8,0.42
1926.4,0.39
1927.9,0.42
1929.5,0.39
1931.0,0.42
1932.5,0.42
1934.1,0.39
1935.6,0.42
1937.1,0.42
1938.7,0.39
1940.1,0.45
1941.6,0.42
1943.1,0.42
1944.6,0.42
1946.0,0.45
1947.5,0.42
1948.9,0.45
1950.4,0.42
1951.9,0.42
1953.4,0.42
1954.9,0.42
1956.4,0.42
1957.9,0.42
1959.4,0.42
1960.9,0.42
1962.4,0.42
1963.9,0.42
1965.5,0.39
1967.0,0.42
1968.4,0.45
1969.9,0.42
1971.3,0.45
1972.8,0.42
1974.2,0.45
1975.7,0.42
1977.1,0.45
1978.6,0.42
1980.1,0.42
1981.5,0.45
1983.0,0.42
1984.4,0.45
1985.8,0.45
1987.2,0.45
1988.6,0.45
1990.1,0.42
1991.5,0.45
1993.0,0.42
1994.5,0.42
1996.0,0.42
1997.4,0.45
1998.9,0.42
2000.3,0.45
2001.8,0.42
2003.3,0.42
2004.8,0.42
2006.2,0.45
2007.7,0.42
2009.2,0.42
2010.6,0.45
2012.1,0.42
2013.6,0.42
2015.1,0.42
2016.6,0.42
2018.0,0.45
2019.5,0.42
2021.0,0.42
2022.4,0.45
2023.9,0.42
2025.3,0.45
2026.8,0.42
2028.3,0.42
2029.8,0.42
2031.2,0.45
2032.7,0.42
2034.2,0.42
2035.7,0.42
2037.2,0.42
2038.7,0.42
2040.2,0.42
2041.7,0.42
2043.2,0.42
2044.7,0.42
2046.2,0.42
2047.7,0.42
2049.2,0.42
2050.6,0.45
2052.1,0.42
2053.6,0.42
2055.1,0.42
2056.6,0.42
2058.1,0.42
2059.6,0.42
2061.1,0.42
2062.6,0.42
2064.1,0.42
2065.6,0.42
2067.1,0.42
2068.6,0.42
2070.0,0.45
2071.5,0.42
2073.0,0.42
2074.5,0.42
2075.9,0.45
2077.4,0.42
2078.9,0.42
2080.4,0.42
2081.8,0.45
2083.2,0.45
2084.7,0.42
2086.1,0.45
2087.6,0.42
2089.1,0.42
2090.6,0.42
2092.0,0.45
2093.5,0.42
2095.0,0.42
2096.4,0.45
2097.9,0.42
2099.3,0.45
2100.8,0.42
2102.2,0.45
2103.7,0.42
2105.1,0.45
2106.5,0.45
2108.0,0.42
2109.5,0.42
2111.0,0.42
2112.4,0.45
2113.9,0.42
2115.4,0.42
2116.9,0.42
2118.4,0.42
2119.9,0.42
2121.4,0.42
2122.9,0.42
2124.3,0.45
2125.8,0.42
2127.3,0.42
2128.7,0.45
2130.2,0.42
2131.7,0.42
2133.3,0.39
2134.8,0.42
2136.4,0.39
2137.9,0.42
2139.5,0.39
2140.9,0.45
2142.4,0.42
2143.9,0.42
2145.3,0.45
2146.8,0.42
2148.3,0.42
2149.8,0.42
2151.3,0.42
2152.8,0.42
2154.2,0.45
2155.7,0.42
2157.2,0.42
2158.7,0.42
2160.2,0.42
2161.7,0.42
2163.2,0.42
2164.6,0.45
2166.1,0.42
2167.5,0.45
2169.0,0.42
2170.5,0.42
2172.0,0.42
2173.5,0.42
2175.0,0.42
2176.6,0.39
2178.1,0.42
2179.6,0.42
2181.1,0.42
2182.6,0.42
2184.2,0.39
2185.6,0.45
2187.1,0.42
2188.5,0.45
2190.0,0.42
2191.4,0.45
2192.9,0.42
2194.3,0.45
2195.8,0.42
2197.2,0.45
2198.7,0.42
2200.2,0.42
2201.7,0.42
2203.2,0.42
2204.7,0.42
2206.2,0.42
2207.7,0.42
2209.2,0.42
2210.7,0.42
2212.1,0.45
2213.7,0.39
2215.1,0.45
2216.6,0.42
2218.2,0.39
2219.7,0.42
2221.2,0.42
2222.6,0.45
2224.1,0.42
2225.7,0.39
2227.2,0.42
2228.7,0.42
2230.3,0.39
2231.8,0.42
2233.3,0.42
2234.8,0.42
2236.3,0.42
2237.8,0.42
2239.3,0.42
2240.9,0.39
2242.3,0.45
2243.8,0.42
2245.3,0.42
2246.8,0.42
2248.3,0.42
2249.8,0.42
2251.3,0.42
2252.8,0.42
2254.3,0.42
2255.9,0.39
2257.4,0.42
2258.9,0.42
2260.4,0.42
2261.8,0.45
2263.3,0.42
2264.7,0.45
2266.2,0.42
2267.7,0.42
2269.2,0.42
2270.7,0.42
2272.2,0.42
2273.7,0.42
2275.2,0.42
2276.8,0.39
2278.3,0.42
2279.8,0.42
2281.2,0.45
2282.7,0.42
2284.1,0.45
2285.6,0.42
2287.1,0.42
2288.6,0.42
2290.1,0.42
2291.6,0.42
2293.1,0.42
2294.6,0.42
2296.1,0.42
2297.6,0.42
2299.1,0.42
2300.6,0.42
2302.1,0.42
2303.5,0.45
2305.0,0.42
2306.5,0.42
2308.1,0.39
2309.6,0.42
2311.1,0.42
2312.6,0.42
2314.2,0.39
2315.7,0.42
2317.2,0.42
2318.7,0.42
2320.2,0.42
2321.8,0.39
2323.3,0.42
2324.8,0.42
2326.2,0.45
2327.7,0.42
2329.2,0.42
2330.7,0.42
2332.2,0.42
2333.7,0.42
2335.1,0.45
2336.6,0.42
2338.1,0.42
2339.6,0.42
2341.1,0.42
2342.6,0.42
2344.1,0.42
2345.6,0.42
2347.2,0.39
2349.0,0.35
2350.8,0.35
2352.5,0.37
2354.1,0.39
2355.6,0.42
2357.0,0.45
2358.4,0.45
2359.8,0.45
2361.2,0.45
2362.7,0.42
2364.1,0.45
2365.5,0.45
2366.9,0.45
2368.2,0.48
2369.6,0.45
2370.9,0.48
2372.3,0.45
2373.7,0.45
2375.1,0.45
2376.4,0.48
2377.8,0.45
2379.2,0.45
2380.6,0.45
2381.9,0.48
2383.4,0.42
2384.8,0.45
2386.2,0.45
2387.6,0.45
2389.0,0.45
2390.4,0.45
2391.9,0.42
2393.4,0.42
2394.9,0.42
2396.4,0.42
2397.9,0.42
2399.4,0.42
2400.9,0.42
2402.4,0.42
2403.9,0.42
2405.3,0.45
2406.8,0.42
2408.2,0.45
2409.7,0.42
2411.2,0.42
2412.7,0.42
2414.2,0.42
2415.7,0.42
2417.2,0.42
2418.7,0.42
2420.2,0.42
2421.7,0.42
2423.2,0.42
2424.7,0.42
2426.3,0.39
2427.8,0.42
2429.2,0.45
2430.7,0.42
2432.2,0.42
2433.8,0.39
2435.3,0.42
2436.8,0.42
2438.4,0.39
2439.9,0.42
2441.4,0.42
2442.9,0.42
2444.3,0.45
2445.8,0.42
2447.3,0.42
2448.8,0.42
2450.3,0.42
2451.9,0.39
2453.4,0.42
2454.8,0.45
2456.3,0.42
2457.8,0.42
2459.3,0.42
2460.7,0.45
2462.1,0.45
2463.5,0.45
2464.9,0.45
2466.3,0.45
2467.7,0.45
2469.1,0.45
2470.6,0.42
2472.0,0.45
2473.4,0.45
2474.9,0.42
2476.3,0.45
2477.8,0.42
2479.3,0.42
2480.8,0.42
2482.2,0.45
2483.7,0.42
2485.2,0.42
2486.7,0.42
2488.2,0.42
2489.7,0.42
2491.3,0.39
2492.8,0.42
2494.5,0.37
2496.1,0.39
2497.8,0.37
2499.4,0.39
2501.1,0.37
2502.8,0.37
2504.5,0.37
2506.2,0.37
2507.8,0.39
2509.3,0.42
2510.9,0.39
2512.5,0.39
2514.1,0.39
2515.7,0.39
2517.3,0.39
2518.9,0.39
2520.5,0.39
2522.1,0.39
2523.7,0.39
2525.3,0.39
2526.8,0.42
2528.4,0.39
2530.0,0.39
2531.6,0.39
2533.1,0.42
2534.7,0.39
2536.2,0.42
2537.7,0.42
2539.3,0.39
2540.9,0.39
2542.5,0.39
2544.0,0.42
2545.6,0.39
2547.2,0.39
2548.7,0.42
2550.3,0.39
2551.8,0.42
2553.4,0.39
2554.9,0.42
2556.5,0.39
2558.1,0.39
2559.6,0.42
2561.2,0.39
2562.8,0.39
2564.4,0.39
2566.0,0.39
2567.6,0.39
2569.2,0.39
2570.7,0.42
2572.3,0.39
2573.9,0.39
2575.6,0.37
2577.2,0.39
2578.8,0.39
2580.4,0.39
2582.0,0.39
2583.6,0.39
2585.2,0.39
2586.7,0.42
2588.3,0.39
2589.8,0.42
2591.4,0.39
2593.0,0.39
2594.6,0.39
2596.1,0.42
2597.7,0.39
2599.2,0.42
2600.8,0.39
2602.3,0.42
2603.8,0.42
2605.3,0.42
2606.8,0.42
2608.3,0.42
2609.8,0.42
2611.3,0.42
2612.9,0.39
2614.5,0.39
2616.1,0.39
2617.7,0.39
2619.3,0.39
2620.8,0.42
2622.4,0.39
2624.0,0.39
2625.6,0.39
2627.2,0.39
2628.8,0.39
2630.4,0.39
2632.0,0.39
2633.6,0.39
2635.2,0.39
2636.7,0.42
2638.3,0.39
2639.9,0.39
2641.5,0.39
2643.0,0.42
2644.6,0.39
2646.1,0.42
2647.7,0.39
2649.3,0.39
2650.9,0.39
2652.5,0.39
2654.0,0.42
2655.6,0.39
2657.2,0.39
2658.8,0.39
2660.4,0.39
2662.1,0.37
2663.7,0.39
2665.3,0.39
2666.9,0.39
2668.5,0.39
2670.1,0.39
2671.6,0.42
2673.2,0.39
2674.7,0.42
2676.3,0.39
2677.9,0.39
2679.5,0.39
2681.1,0.39
2682.7,0.39
2684.2,0.42
2685.7,0.42
2687.3,0.39
2688.8,0.42
2690.4,0.39
2691.9,0.42
2693.5,0.39
2695.1,0.39
2696.6,0.42
2698.2,0.39
2699.7,0.42
2701.3,0.39
2702.8,0.42
2704.3,0.42
2705.9,0.39
2707.4,0.42
2708.9,0.42
2710.5,0.39
2712.0,0.42
2713.6,0.39
2715.2,0.39
2716.8,0.39
2718.4,0.39
2720.0,0.39
2721.6,0.39
2723.2,0.39
2724.8,0.39
2726.3,0.42
2727.8,0.42
2729.3,0.42
2730.8,0.42
2732.4,0.39
2733.9,0.42
2735.4,0.42
2736.9,0.42
2738.4,0.42
2739.9,0.42
2741.4,0.42
2742.9,0.42
2744.5,0.39
2746.0,0.42
2747.6,0.39
2749.1,0.42
2750.7,0.39
2752.3,0.39
2753.9,0.39
2755.6,0.37
2757.2,0.39
2758.7,0.42
2760.2,0.42
2761.8,0.39
2763.3,0.42
2764.9,0.39
2766.4,0.42
2767.9,0.42
2769.5,0.39
2771.0,0.42
2772.6,0.39
2774.2,0.39
2775.8,0.39
2777.4,0.39
2779.0,0.39
2780.5,0.42
2782.1,0.39
2783.6,0.42
2785.2,0.39
2786.8,0.39
2788.4,0.39
2790.0,0.39
2791.7,0.37
2793.3,0.39
2794.9,0.39
2796.4,0.42
2798.0,0.39
2799.6,0.39
2801.2,0.39
2802.8,0.39
2804.3,0.42
2805.9,0.39
2807.5,0.39
2809.0,0.42
2810.6,0.39
2812.1,0.42
2813.8,0.37
2815.4,0.39
2817.0,0.39
2818.6,0.39
2820.2,0.39
2821.8,0.39
2823.3,0.42
2824.9,0.39
2826.4,0.42
2828.0,0.39
2829.5,0.42
2831.1,0.39
2832.7,0.39
2834.2,0.42
2835.8,0.39
2837.4,0.39
2838.9,0.42
2840.5,0.39
2842.0,0.42
2843.6,0.39
2845.1,0.42
2846.6,0.42
2848.2,0.39
2849.8,0.39
2851.3,0.42
2852.9,0.39
2854.5,0.39
2856.1,0.39
2857.7,0.39
2859.3,0.39
2860.9,0.39
2862.4,0.42
2864.0,0.39
2865.6,0.39
2867.1,0.42
2868.7,0.39
2870.3,0.39
2871.8,0.42
2873.4,0.39
2875.0,0.39
2876.6,0.39
2878.2,0.39
2879.7,0.42
2881.3,0.39
2882.8,0.42
2884.3,0.42
2885.9,0.39
2887.5,0.39
2889.1,0.39
2890.7,0.39
2892.2,0.42
2893.8,0.39
2895.3,0.42
2896.9,0.39
2898.5,0.39
2900.1,0.39
2901.7,0.39
2903.3,0.39
2904.8,0.42
2906.4,0.39
2907.9,0.42
2909.5,0.39
2911.1,0.39
2912.6,0.42
2914.2,0.39
2915.8,0.39
2917.3,0.42
2918.9,0.39
2920.5,0.39
2922.0,0.42
2923.6,0.39
2925.1,0.42
2926.6,0.42
2928.2,0.39
2929.7,0.42
2931.3,0.39
2932.8,0.42
2934.4,0.39
2936.0,0.39
2937.6,0.39
2939.2,0.39
2940.8,0.39
2942.4,0.39
2944.0,0.39
2945.6,0.39
2947.2,0.39
2948.9,0.37
2950.5,0.39
2952.1,0.39
2953.7,0.39
2955.2,0.42
2956.8,0.39
2958.4,0.39
2960.0,0.39
2961.6,0.39
2963.1,0.42
2964.7,0.39
2966.3,0.39
2967.9,0.39
2969.6,0.37
2971.3,0.37
2973.1,0.35
2974.9,0.35
2976.7,0.35
2978.5,0.35
2980.2,0.37
2982.0,0.35
2983.6,0.39
2985.3,0.37
2986.9,0.39
2988.6,0.37
2990.2,0.39
2991.8,0.39
2993.4,0.39
2994.9,0.42
2996.4,0.42
2998.0,0.39
2999.6,0.39
3001.1,0.42
3002.7,0.39
3004.3,0.39
3005.9,0.39
3007.4,0.42
3009.0,0.39
3010.5,0.42
3012.1,0.39
3013.6,0.42
3015.2,0.39
3016.8,0.39
3018.3,0.42
3019.8,0.42
3021.4,0.39
3022.9,0.42
3024.4,0.42
3025.9,0.42
3027.4,0.42
3029.0,0.39
3030.7,0.37
3032.2,0.42
3033.9,0.37
3035.5,0.39
3037.1,0.39
3038.7,0.39
3040.3,0.39
3041.8,0.42
3043.4,0.39
3044.9,0.42
3046.4,0.42
3048.0,0.39
3049.5,0.42
3051.0,0.42
3052.6,0.39
3054.1,0.42
3055.7,0.39
3057.3,0.39
3058.9,0.39
3060.5,0.39
3062.1,0.39
3063.7,0.39
3065.3,0.39
3066.8,0.42
3068.4,0.39
3070.0,0.39
3071.6,0.39
3073.1,0.42
3074.7,0.39
3076.3,0.39
3077.9,0.39
3079.5,0.39
3081.1,0.39
3082.7,0.39
3084.3,0.39
3085.8,0.42
3087.4,0.39
3089.0,0.39
3090.6,0.39
3092.2,0.39
3093.8,0.39
3095.4,0.39
3097.1,0.37
3098.7,0.39
3100.4,0.37
3102.0,0.39
3103.6,0.39
3105.1,0.42
3106.7,0.39
3108.2,0.42
3109.7,0.42
3111.3,0.39
3112.9,0.39
3114.5,0.39
3116.1,0.39
3117.8,0.37
3119.5,0.37
3121.2,0.37
3122.9,0.37
3124.6,0.37
3126.2,0.39
3127.9,0.37
3129.5,0.39
3131.1,0.39
3132.7,0.39
3134.3,0.39
3135.8,0.42
3137.4,0.39
3139.0,0.39
3140.6,0.39
3142.1,0.42
3143.6,0.42
3145.1,0.42
3146.5,0.45
3148.0,0.42
3149.6,0.39
3151.2,0.39
3152.7,0.42
3154.3,0.39
3155.9,0.39
3157.4,0.42
3158.9,0.42
3160.4,0.42
3161.9,0.42
3163.3,0.45
3164.8,0.42
3166.2,0.45
3167.6,0.45
3169.1,0.42
3170.6,0.42
3172.1,0.42
3173.7,0.39
3175.2,0.42
3176.7,0.42
3178.2,0.42
3179.7,0.42
3181.1,0.45
3182.6,0.42
3184.0,0.45
3185.4,0.45
3186.9,0.42
3188.3,0.45
3189.8,0.42
3191.3,0.42
3192.7,0.45
3194.2,0.42
3195.6,0.45
3197.1,0.42
3198.6,0.42
3200.0,0.45
3201.5,0.42
3202.9,0.45
3204.4,0.42
3205.8,0.45
3207.2,0.45
3208.7,0.42
3210.1,0.45
3211.6,0.42
3213.0,0.45
3214.4,0.45
3215.8,0.45
3217.1,0.48
3218.5,0.45
3219.8,0.48
3221.2,0.45
3222.7,0.42
3224.1,0.45
3225.6,0.42
3227.1,0.42
3228.6,0.42
3230.1,0.42
3231.7,0.39
3233.3,0.39
3234.9,0.39
3236.6,0.37
3238.2,0.39
3239.8,0.39
3241.4,0.39
3243.0,0.39
3244.6,0.39
3246.2,0.39
3247.8,0.39
3249.3,0.42
3250.9,0.39
3252.5,0.39
3254.1,0.39
3255.7,0.39
3257.2,0.42
3258.8,0.39
3260.4,0.39
3261.9,0.42
3263.4,0.42
3264.9,0.42
3266.5,0.39
3268.0,0.42
3269.6,0.39
3271.1,0.42
3272.7,0.39
3274.3,0.39
3275.9,0.39
3277.5,0.39
3279.1,0.39
3280.7,0.39
3282.3,0.39
3283.9,0.39
3285.5,0.39
3287.1,0.39
3288.6,0.42
3290.2,0.39
3291.8,0.39
3293.4,0.39
3295.1,0.37
3296.7,0.39
3298.3,0.39
3300.0,0.37
3301.5,0.42
3303.1,0.39
3304.7,0.39
3306.3,0.39
3307.9,0.39
3309.5,0.39
3311.2,0.37
3312.8,0.39
3314.4,0.39
3316.1,0.37
3317.7,0.39
3319.3,0.39
3320.9,0.39
3322.5,0.39
3324.1,0.39
3325.7,0.39
3327.3,0.39
3328.9,0.39
3330.6,0.37
3332.2,0.39
3333.9,0.37
3335.5,0.39
3337.2,0.37
3338.9,0.37
3340.6,0.37
3342.2,0.39
3343.9,0.37
3345.6,0.37
3347.3,0.37
3349.0,0.37
3350.7,0.37
3352.3,0.39
3354.0,0.37
3355.7,0.37
3357.3,0.39
3359.0,0.37
3360.5,0.42
3362.1,0.39
3363.7,0.39
3365.3,0.39
3367.0,0.37
3368.6,0.39
3370.1,0.42
3371.7,0.39
3373.4,0.37
3375.0,0.39
3376.6,0.39
3378.2,0.39
3379.8,0.39
3381.4,0.39
3383.0,0.39
3384.6,0.39
3386.2,0.39
3387.9,0.37
3389.5,0.39
3391.1,0.39
3392.8,0.37
3394.4,0.39
3396.0,0.39
3397.6,0.39
3399.2,0.39
3400.8,0.39
3402.4,0.39
3404.0,0.39
3405.6,0.39
3407.2,0.39
3408.8,0.39
3410.4,0.39
3412.0,0.39
3413.7,0.37
3415.4,0.37
3417.0,0.39
3418.7,0.37
3420.4,0.37
3422.0,0.39
3423.6,0.39
3425.1,0.42
3426.7,0.39
3428.3,0.39
3430.0,0.37
3431.6,0.39
3433.2,0.39
3434.8,0.39
3436.4,0.39
3438.0,0.39
3439.7,0.37
3441.3,0.39
3442.9,0.39
3444.6,0.37
3446.2,0.39
3447.7,0.42
3449.3,0.39
3450.9,0.39
3452.4,0.42
3454.0,0.39
3455.6,0.39
3457.2,0.39
3458.8,0.39
3460.4,0.39
3462.0,0.39
3463.6,0.39
3465.2,0.39
3466.8,0.39
3468.4,0.39
3470.0,0.39
3471.6,0.39
3473.2,0.39
3474.8,0.39
3476.4,0.39
3478.0,0.39
3479.6,0.39
3481.2,0.39
3482.8,0.39
3484.4,0.39
3486.0,0.39
3487.6,0.39
3489.3,0.37
3490.9,0.39
3492.6,0.37
3494.3,0.37
3495.9,0.39
3497.6,0.37
3499.2,0.39
3500.8,0.39
3502.4,0.39
3504.0,0.39
3505.6,0.39
3507.2,0.39
3508.9,0.37
3510.5,0.39
3512.2,0.37
3513.9,0.37
3515.6,0.37
3517.2,0.39
3518.9,0.37
3520.5,0.39
3522.1,0.39
3523.7,0.39
3525.3,0.39
3527.0,0.37
3528.7,0.37
3530.4,0.37
3532.1,0.37
3533.7,0.39
3535.3,0.39
3537.0,0.37
3538.6,0.39
3540.2,0.39
3541.8,0.39
3543.4,0.39
3545.0,0.39
3546.6,0.39
3548.2,0.39
3549.9,0.37
3551.5,0.39
3553.1,0.39
3554.7,0.39
3556.3,0.39
3558.0,0.37
3559.6,0.39
3561.3,0.37
3562.9,0.39
3564.4,0.42
3566.1,0.37
3567.7,0.39
3569.2,0.42
3570.9,0.37
3572.5,0.39
3574.2,0.37
3575.8,0.39
3577.4,0.39
3579.1,0.37
3580.7,0.39
3582.3,0.39
3584.0,0.37
3585.6,0.39
3587.3,0.37
3588.9,0.39
3590.4,0.42
3592.1,0.37
3593.7,0.39
3595.3,0.39
3596.9,0.39
3598.5,0.39
3600.1,0.39
3601.8,0.37
3603.4,0.39
3605.0,0.39
3606.6,0.39
3608.2,0.39
3609.8,0.39
3611.4,0.39
3613.0,0.39
3614.5,0.42
3616.1,0.39
3617.7,0.39
3619.2,0.42
3620.7,0.42
3622.3,0.39
3623.8,0.42
3625.4,0.39
3627.0,0.39
3628.6,0.39
3630.1,0.42
3631.8,0.37
3633.4,0.39
3635.0,0.39
3636.6,0.39
3638.3,0.37
3639.9,0.39
3641.6,0.37
3643.2,0.39
3644.8,0.39
3646.4,0.39
3648.1,0.37
3649.8,0.37
3651.5,0.37
3653.2,0.37
3654.9,0.37
3656.6,0.37
3658.2,0.39
3659.9,0.37
3661.4,0.42
3663.0,0.39
3664.6,0.39
3666.1,0.42
3667.7,0.39
3669.2,0.42
3670.8,0.39
3672.5,0.37
3674.1,0.39
3675.7,0.39
3677.3,0.39
3678.9,0.39
3680.5,0.39
3682.1,0.39
3683.7,0.39
3685.2,0.42
3686.8,0.39
3688.4,0.39
3690.0,0.39
3691.6,0.39
3693.3,0.37
3694.9,0.39
3696.6,0.37
3698.2,0.39
3699.8,0.39
3701.4,0.39
3703.0,0.39
3704.6,0.39
3706.2,0.39
3707.8,0.39
3709.4,0.39
3711.1,0.37
3712.7,0.39
3714.3,0.39
3716.0,0.37
3717.6,0.39
3719.2,0.39
3720.8,0.39
3722.4,0.39
3724.0,0.39
3725.6,0.39
3727.1,0.42
3728.7,0.39
3730.2,0.42
3731.8,0.39
3733.4,0.39
3735.0,0.39
3736.6,0.39
3738.2,0.39
3739.8,0.39
3741.4,0.39
3743.0,0.39
3744.5,0.42
3746.1,0.39
3747.7,0.39
3749.2,0.42
3750.8,0.39
3752.3,0.42
3753.9,0.39
3755.5,0.39
3757.1,0.39
3758.7,0.39
3760.2,0.42
3761.8,0.39
3763.3,0.42
3764.8,0.42
3766.3,0.42
3767.8,0.42
3769.4,0.39
3770.9,0.42
3772.5,0.39
3774.1,0.39
3775.7,0.39
3777.3,0.39
3778.8,0.42
3780.4,0.39
3781.9,0.42
3783.5,0.39
3785.0,0.42
3786.6,0.39
3788.2,0.39
3789.8,0.39
3791.4,0.39
3793.1,0.37
3794.7,0.39
3796.3,0.39
3797.9,0.39
3799.5,0.39
3801.1,0.39
3802.7,0.39
3804.3,0.39
3805.9,0.39
3807.5,0.39
3809.2,0.37
3810.8,0.39
3812.4,0.39
3814.0,0.39
3815.6,0.39
3817.2,0.39
3818.8,0.39
3820.4,0.39
3822.0,0.39
3823.6,0.39
3825.2,0.39
3826.8,0.39
3828.4,0.39
3830.0,0.39
3831.6,0.39
3833.2,0.39
3834.8,0.39
3836.4,0.39
3838.0,0.39
3839.6,0.39
3841.2,0.39
3842.8,0.39
3844.4,0.39
3846.0,0.39
3847.5,0.42
3849.1,0.39
3850.7,0.39
3852.3,0.39
3853.9,0.39
3855.6,0.37
3857.3,0.37
3858.9,0.39
3860.6,0.37
3862.2,0.39
3863.9,0.37
3865.6,0.37
3867.2,0.39
3868.8,0.39
3870.5,0.37
3872.1,0.39
3873.9,0.35
3875.6,0.37
3877.3,0.37
3879.0,0.37
3880.7,0.37
3882.3,0.39
3883.8,0.42
3885.3,0.42
3886.8,0.42
3888.2,0.45
3889.7,0.42
3891.2,0.42
3892.7,0.42
3894.2,0.42
3895.8,0.39
3897.3,0.42
3898.8,0.42
3900.3,0.42
3901.9,0.39
3903.4,0.42
3905.0,0.39
3906.5,0.42
3907.9,0.45
3909.3,0.45
3910.7,0.45
3912.0,0.48
3913.3,0.48
3914.7,0.45
3916.0,0.48
3917.3,0.48
3918.7,0.45
3920.1,0.45
3921.6,0.42
3923.0,0.45
3924.5,0.42
3926.0,0.42
3927.5,0.42
3929.0,0.42
3930.5,0.42
3932.1,0.39
3933.7,0.39
3935.1,0.45
3936.7,0.39
3938.3,0.39
3939.8,0.42
3941.3,0.42
3942.7,0.45
3944.2,0.42
3945.6,0.45
3947.1,0.42
3948.6,0.42
3950.1,0.42
3951.6,0.42
3953.2,0.39
3954.8,0.39
3956.5,0.37
3958.1,0.39
3959.8,0.37
3961.4,0.39
3963.1,0.37
3964.8,0.37
3966.5,0.37
3968.2,0.37
3969.8,0.39
3971.5,0.37
3973.2,0.37
3974.9,0.37
3976.6,0.37
3978.2,0.39
3979.9,0.37
3981.5,0.39
3983.1,0.39
3984.7,0.39
3986.4,0.37
3988.0,0.39
3989.7,0.37
3991.4,0.37
3993.0,0.39
3994.7,0.37
3996.4,0.37
3998.1,0.37
3999.8,0.37
4001.4,0.39
4003.1,0.37
4004.7,0.39
4006.4,0.37
4008.0,0.39
4009.6,0.39
4011.2,0.39
4012.8,0.39
4014.5,0.37
4016.2,0.37
4017.9,0.37
4019.6,0.37
4021.3,0.37
4023.0,0.37
4024.6,0.39
4026.3,0.37
4027.9,0.39
4029.5,0.39
4031.1,0.39
4032.7,0.39
4034.3,0.39
4035.9,0.39
4037.5,0.39
4039.1,0.39
4040.8,0.37
4042.5,0.37
4044.2,0.37
4045.9,0.37
4047.6,0.37
4049.2,0.39
4050.8,0.39
4052.4,0.39
4054.0,0.39
4055.6,0.39
4057.3,0.37
4058.9,0.39
4060.6,0.37
4062.2,0.39
4063.8,0.39
4065.3,0.42
4066.9,0.39
4068.5,0.39
4070.1,0.39
4071.7,0.39
4073.4,0.37
4075.0,0.39
4076.7,0.37
4078.4,0.37
4080.1,0.37
4081.8,0.37
4083.5,0.37
4085.2,0.37
4086.8,0.39
4088.4,0.39
4090.1,0.37
4091.7,0.39
4093.3,0.39
4095.0,0.37
4096.7,0.37
4098.4,0.37
4100.1,0.37
4101.7,0.39
4103.4,0.37
4105.0,0.39
4106.7,0.37
4108.4,0.37
4110.0,0.39
4111.7,0.37
4113.3,0.39
4114.9,0.39
4116.5,0.39
4118.1,0.39
4119.8,0.37
4121.4,0.39
4123.1,0.37
4124.8,0.37
4126.4,0.39
4128.1,0.37
4129.8,0.37
4131.5,0.37
4133.2,0.37
4134.9,0.37
4136.6,0.37
4138.4,0.35
4140.1,0.37
4141.8,0.37
4143.5,0.37
4145.2,0.37
4146.8,0.39
4148.5,0.37
4150.2,0.37
4151.8,0.39
4153.4,0.39
4155.1,0.37
4156.7,0.39
4158.4,0.37
4160.1,0.37
4161.9,0.35
4163.5,0.39
4165.2,0.37
4166.8,0.39
4168.5,0.37
4170.2,0.37
4171.9,0.37
4173.6,0.37
4175.3,0.37
4177.1,0.35
4178.7,0.39
4180.4,0.37
4182.0,0.39
4183.6,0.39
4185.3,0.37
4186.9,0.39
4188.6,0.37
4190.2,0.39
4191.8,0.39
4193.4,0.39
4195.0,0.39
4196.6,0.39
4198.2,0.39
4199.9,0.37
4201.5,0.39
4203.1,0.39
4204.7,0.39
4206.4,0.37
4207.9,0.42
4209.5,0.39
4211.1,0.39
4212.7,0.39
4214.3,0.39
4216.1,0.35
4217.8,0.37
4219.4,0.39
4221.1,0.37
4222.8,0.37
4224.4,0.39
4226.1,0.37
4227.7,0.39
4229.4,0.37
4231.1,0.37
4232.7,0.39
4234.4,0.37
4236.0,0.39
4237.7,0.37
4239.4,0.37
4241.0,0.39
4242.6,0.39
4244.2,0.39
4245.9,0.37
4247.5,0.39
4249.2,0.37
4250.8,0.39
4252.5,0.37
4254.2,0.37
4255.9,0.37
4257.6,0.37
4259.2,0.39
4260.9,0.37
4262.6,0.37
4264.2,0.39
4265.9,0.37
4267.6,0.37
4269.4,0.35
4271.1,0.37
4272.8,0.37
4274.5,0.37
4276.2,0.37
4277.9,0.37
4279.6,0.37
4281.2,0.39
4282.9,0.37
4284.6,0.37
4286.2,0.39
4287.8,0.39
4289.5,0.37
4291.2,0.37
4292.9,0.37
4294.6,0.37
4296.3,0.37
4298.0,0.37
4299.6,0.39
4301.3,0.37
4302.9,0.39
4304.5,0.39
4306.1,0.39
4307.8,0.37
4309.4,0.39
4311.0,0.39
4312.7,0.37
4314.3,0.39
4316.0,0.37
4317.6,0.39
4319.3,0.37
4320.9,0.39
4322.6,0.37
4324.2,0.39
4325.8,0.39
4327.4,0.39
4329.1,0.37
4330.7,0.39
4332.3,0.39
4333.9,0.39
4335.6,0.37
4337.3,0.37
4339.0,0.37
4340.7,0.37
4342.4,0.37
4344.0,0.39
4345.6,0.39
4347.2,0.39
4348.8,0.39
4350.4,0.39
4352.1,0.37
4353.8,0.37
4355.4,0.39
4357.1,0.37
4358.8,0.37
4360.5,0.37
4362.1,0.39
4363.7,0.39
4365.4,0.37
4367.1,0.37
4368.7,0.39
4370.3,0.39
4372.0,0.37
4373.7,0.37
4375.4,0.37
4377.1,0.37
4378.8,0.37
4380.4,0.39
4382.1,0.37
4383.7,0.39
4385.2,0.42
4386.9,0.37
4388.5,0.39
4390.2,0.37
4391.9,0.37
4393.6,0.37
4395.2,0.39
4396.9,0.37
4398.5,0.39
4400.2,0.37
4401.8,0.39
4403.4,0.39
4405.1,0.37
4406.7,0.39
4408.4,0.37
4410.0,0.39
4411.7,0.37
4413.3,0.39
4415.0,0.37
4416.6,0.39
4418.3,0.37
4419.9,0.39
4421.5,0.39
4423.0,0.42
4424.6,0.39
4426.1,0.42
4427.7,0.39
4429.3,0.39
4430.9,0.39
4432.5,0.39
4434.1,0.39
4435.8,0.37
4437.4,0.39
4439.1,0.37
4440.8,0.37
4442.4,0.39
4444.1,0.37
4445.6,0.42
4447.1,0.42
4448.7,0.39
4450.2,0.42
4451.9,0.37
4453.4,0.42
4455.0,0.39
4456.6,0.39
4458.2,0.39
4459.9,0.37
4461.4,0.42
4463.0,0.39
4464.6,0.39
4466.2,0.39
4467.7,0.42
4469.3,0.39
4470.9,0.39
4472.6,0.37
4474.2,0.39
4475.9,0.37
4477.5,0.39
4479.2,0.37
4480.8,0.39
4482.4,0.39
4484.0,0.39
4485.6,0.39
4487.2,0.39
4488.8,0.39
4490.4,0.39
4492.0,0.39
4493.7,0.37
4495.3,0.39
4496.9,0.39
4498.5,0.39
4500.2,0.37
4501.8,0.39
4503.5,0.37
4505.1,0.39
4506.7,0.39
4508.3,0.39
4510.0,0.37
4511.7,0.37
4513.4,0.37
4515.0,0.39
4516.6,0.39
4518.3,0.37
4519.9,0.39
4521.5,0.39
4523.1,0.39
4524.7,0.39
4526.3,0.39
4528.0,0.37
4529.6,0.39
4531.3,0.37
4532.9,0.39
4534.6,0.37
4536.3,0.37
4538.0,0.37
4539.7,0.37
4541.4,0.37
4543.0,0.39
4544.6,0.39
4546.2,0.39
4547.8,0.39
4549.5,0.37
4551.1,0.39
4552.7,0.39
4554.3,0.39
4556.0,0.37
4557.6,0.39
4559.2,0.39
4560.9,0.37
4562.5,0.39
4564.1,0.39
4565.8,0.37
4567.4,0.39
4569.0,0.39
4570.7,0.37
4572.4,0.37
4574.1,0.37
4575.7,0.39
4577.4,0.37
4579.1,0.37
4580.6,0.42
4582.2,0.39
4583.8,0.39
4585.4,0.39
4587.0,0.39
4588.6,0.39
4590.2,0.39
4591.8,0.39
4593.4,0.39
4595.0,0.39
4596.6,0.39
4598.2,0.39
4599.8,0.39
4601.4,0.39
4603.0,0.39
4604.6,0.39
4606.3,0.37
4607.9,0.39
4609.6,0.37
4611.3,0.37
4613.0,0.37
4614.8,0.35
4616.5,0.37
4618.2,0.37
4619.8,0.39
4621.3,0.42
4622.9,0.39
4624.5,0.39
4626.1,0.39
4627.6,0.42
4629.1,0.42
4630.7,0.39
4632.1,0.45
4633.5,0.45
4634.9,0.45
4636.2,0.48
4637.5,0.48
4638.8,0.48
4640.1,0.48
4641.4,0.48
4642.6,0.52
4643.9,0.48
4645.3,0.45
4646.9,0.39
4648.9,0.31
4651.4,0.25
4653.5,0.30
4655.4,0.33
4657.1,0.37
4658.8,0.37
4660.3,0.42
4661.8,0.42
4663.3,0.42
4664.8,0.42
4666.2,0.45
4667.7,0.42
4669.2,0.42
4670.7,0.42
4672.1,0.45
4673.6,0.42
4675.2,0.39
4676.7,0.42
4678.3,0.39
4679.9,0.39
4681.5,0.39
4683.1,0.39
4684.8,0.37
4686.4,0.39
4688.0,0.39
4689.7,0.37
4691.4,0.37
4693.1,0.37
4694.8,0.37
4696.5,0.37
4698.1,0.39
4699.7,0.39
4701.3,0.39
4702.9,0.39
4704.5,0.39
4706.1,0.39
4707.7,0.39
4709.4,0.37
4711.0,0.39
4712.6,0.39
4714.2,0.39
4715.9,0.37
4717.5,0.39
4719.2,0.37
4720.9,0.37
4722.5,0.39
4724.2,0.37
4725.8,0.39
4727.4,0.39
4729.0,0.39
4730.6,0.39
4732.3,0.37
4734.0,0.37
4735.7,0.37
4737.4,0.37
4739.2,0.35
4740.9,0.37
4742.6,0.37
4744.3,0.37
4746.0,0.37
4747.6,0.39
4749.2,0.39
4750.9,0.37
4752.5,0.39
4754.1,0.39
4755.7,0.39
4757.3,0.39
4759.0,0.37
4760.6,0.39
4762.2,0.39
4763.9,0.37
4765.6,0.37
4767.2,0.39
4768.9,0.37
4770.5,0.39
4772.2,0.37
4773.9,0.37
4775.6,0.37
4777.4,0.35
4779.1,0.37
4780.8,0.37
4782.4,0.39
4784.1,0.37
4785.8,0.37
4787.4,0.39
4789.1,0.37
4790.8,0.37
4792.5,0.37
4794.2,0.37
4796.0,0.35
4797.8,0.35
4799.5,0.37
4801.2,0.37
4802.9,0.37
4804.6,0.37
4806.4,0.35
4808.2,0.35
4810.0,0.35
4811.7,0.37
4813.4,0.37
4815.1,0.37
4816.8,0.37
4818.5,0.37
4820.2,0.37
4822.0,0.35
4823.6,0.39
4825.3,0.37
4827.0,0.37
4828.6,0.39
4830.2,0.39
4831.9,0.37
4833.6,0.37
4835.2,0.39
4837.0,0.35
4838.7,0.37
4840.4,0.37
4842.1,0.37
4843.8,0.37
4845.5,0.37
4847.2,0.37
4848.9,0.37
4850.6,0.37
4852.3,0.37
4854.0,0.37
4855.8,0.35
4857.5,0.37
4859.2,0.37
4860.9,0.37
4862.6,0.37
4864.3,0.37
4866.0,0.37
4867.8,0.35
4869.5,0.37
4871.2,0.37
4872.9,0.37
4874.6,0.37
4876.3,0.37
4878.0,0.37
4879.6,0.39
4881.4,0.35
4883.0,0.39
4884.7,0.37
4886.4,0.37
4888.1,0.37
4889.8,0.37
4891.5,0.37
4893.2,0.37
4894.9,0.37
4896.6,0.37
4898.3,0.37
4899.9,0.39
4901.6,0.37
4903.3,0.37
4904.9,0.39
4906.5,0.39
4908.1,0.39
4909.8,0.37
4911.4,0.39
4913.1,0.37
4914.8,0.37
4916.5,0.37
4918.2,0.37
4919.9,0.37
4921.6,0.37
4923.2,0.39
4924.9,0.37
4926.5,0.39
4928.2,0.37
4929.9,0.37
4931.6,0.37
4933.4,0.35
4935.1,0.37
4936.7,0.39
4938.4,0.37
4940.1,0.37
4941.7,0.39
4943.3,0.39
4944.9,0.39
4946.6,0.37
4948.2,0.39
4949.9,0.37
4951.6,0.37
4953.3,0.37
4955.0,0.37
4956.7,0.37
4958.4,0.37
4960.1,0.37
4961.9,0.35
4963.5,0.39
4965.2,0.37
4966.9,0.37
4968.5,0.39
4970.2,0.37
4971.9,0.37
4973.6,0.37
4975.3,0.37
4977.1,0.35
4978.8,0.37
4980.5,0.37
4982.2,0.37
4983.9,0.37
4985.6,0.37
4987.3,0.37
4989.0,0.37
4990.6,0.39
4992.4,0.35
4994.1,0.37
4995.8,0.37
4997.5,0.37
4999.1,0.39
5000.8,0.37
5002.4,0.39
5004.2,0.35
5005.9,0.37
5007.7,0.35
5009.5,0.35
5011.2,0.37
5013.0,0.35
5014.8,0.35
5016.6,0.35
5018.3,0.37
5020.0,0.37
5021.7,0.37
5023.3,0.39
5024.9,0.39
5026.6,0.37
5028.2,0.39
5029.9,0.37
5031.5,0.39
5033.1,0.39
5034.8,0.37
5036.4,0.39
5038.1,0.37
5039.9,0.35
5041.5,0.39
5043.2,0.37
5044.9,0.37
5046.5,0.39
5048.2,0.37
5049.8,0.39
5051.5,0.37
5053.2,0.37
5054.9,0.37
5056.7,0.35
5058.4,0.37
5060.1,0.37
5061.8,0.37
5063.5,0.37
5065.2,0.37
5066.8,0.39
5068.4,0.39
5070.1,0.37
5071.8,0.37
5073.6,0.35
5075.3,0.37
5077.1,0.35
5078.8,0.37
5080.6,0.35
5082.3,0.37
5084.0,0.37
5085.7,0.37
5087.3,0.39
5089.0,0.37
5090.7,0.37
5092.4,0.37
5094.1,0.37
5095.9,0.35
5097.6,0.37
5099.3,0.37
5101.0,0.37
5102.7,0.37
5104.3,0.39
5106.0,0.37
5107.6,0.39
5109.3,0.37
5111.0,0.37
5112.8,0.35
5114.6,0.35
5116.4,0.35
5118.2,0.35
5120.0,0.35
5121.7,0.37
5123.4,0.37
5125.1,0.37
5126.8,0.37
5128.5,0.37
5130.2,0.37
5132.0,0.35
5133.8,0.35
5135.6,0.35
5137.4,0.35
5139.2,0.35
5141.0,0.35
5142.7,0.37
5144.5,0.35
5146.3,0.35
5148.1,0.35
5149.8,0.37
5151.6,0.35
5153.3,0.37
5155.0,0.37
5156.8,0.35
5158.5,0.37
5160.3,0.35
5162.0,0.37
5163.7,0.37
5165.4,0.37
5167.1,0.37
5168.9,0.35
5170.6,0.37
5172.4,0.35
5174.1,0.37
5176.0,0.33
5177.7,0.37
5179.4,0.37
5181.1,0.37
5182.8,0.37
5184.5,0.37
5186.3,0.35
5188.1,0.35
5189.8,0.37
5191.6,0.35
5193.3,0.37
5195.0,0.37
5196.7,0.37
5198.5,0.35
5200.2,0.37
5201.9,0.37
5203.6,0.37
5205.3,0.37
5207.1,0.35
5208.9,0.35
5210.7,0.35
5212.5,0.35
5214.2,0.37
5216.0,0.35
5217.8,0.35
5219.6,0.35
5221.4,0.35
5223.1,0.37
5224.9,0.35
5226.6,0.37
5228.4,0.35
5230.2,0.35
5231.9,0.37
5233.7,0.35
5235.4,0.37
5237.1,0.37
5238.8,0.37
5240.5,0.37
5242.2,0.37
5243.8,0.39
5245.5,0.37
5247.1,0.39
5248.8,0.37
5250.4,0.39
5252.1,0.37
5253.8,0.37
5255.5,0.37
5257.3,0.35
5259.0,0.37
5260.7,0.37
5262.4,0.37
5264.1,0.37
5265.8,0.37
5267.6,0.35
5269.3,0.37
5271.0,0.37
5272.7,0.37
5274.4,0.37
5276.2,0.35
5277.9,0.37
5279.6,0.37
5281.2,0.39
5282.8,0.39
5284.3,0.42
5285.9,0.39
5287.4,0.42
5289.0,0.39
5290.4,0.45
5291.9,0.42
5293.4,0.42
5294.9,0.42
5296.4,0.42
5297.8,0.45
5299.2,0.45
5300.7,0.42
5302.1,0.45
5303.5,0.45
5304.9,0.45
5306.2,0.48
5307.6,0.45
5309.0,0.45
5310.4,0.45
5311.8,0.45
5313.2,0.45
5314.7,0.42
5316.1,0.45
5317.6,0.42
5319.1,0.42
5320.6,0.42
5322.1,0.42
5323.6,0.42
5325.1,0.42
5326.5,0.45
5328.0,0.42
5329.5,0.42
5331.0,0.42
5332.5,0.42
5334.0,0.42
5335.5,0.42
5337.0,0.42
5338.5,0.42
5340.0,0.42
5341.5,0.42
5343.0,0.42
5344.5,0.42
5345.9,0.45
5347.4,0.42
5348.9,0.42
5350.4,0.42
5351.8,0.45
5353.4,0.39
5354.9,0.42
5356.5,0.39
5358.0,0.42
5359.6,0.39
5361.1,0.42
5362.7,0.39
5364.3,0.39
5365.9,0.39
5367.4,0.42
5369.0,0.39
5370.5,0.42
5372.1,0.39
5373.7,0.39
5375.2,0.42
5376.8,0.39
5378.4,0.39
5380.0,0.39
5381.6,0.39
5383.1,0.42
5384.7,0.39
5386.3,0.39
5387.9,0.39
5389.4,0.42
5391.0,0.39
5392.6,0.39
5394.1,0.42
5395.7,0.39
5397.3,0.39
0.0,0.00
