4.0,0.27
5.5,0.42
7.1,0.39
8.9,0.35
10.4,0.42
11.8,0.45
13.0,0.52
14.2,0.52
15.4,0.52
16.6,0.52
17.8,0.52
18.9,0.57
20.1,0.52
21.2,0.57
22.4,0.52
23.5,0.57
24.7,0.52
25.8,0.57
26.9,0.57
28.1,0.52
29.2,0.57
30.3,0.57
31.4,0.57
32.5,0.57
33.6,0.57
34.7,0.57
35.8,0.57
36.9,0.57
38.0,0.57
39.1,0.57
40.2,0.57
41.3,0.57
42.4,0.57
43.5,0.57
44.6,0.57
45.7,0.57
46.9,0.52
48.0,0.57
49.2,0.52
50.3,0.57
51.5,0.52
52.7,0.52
53.7,0.63
54.9,0.52
56.0,0.57
57.1,0.57
58.3,0.52
59.5,0.52
60.6,0.57
61.8,0.52
63.0,0.52
64.2,0.52
65.5,0.48
66.8,0.48
68.1,0.48
69.4,0.48
70.6,0.52
71.9,0.48
73.3,0.45
74.6,0.48
75.9,0.48
77.2,0.48
78.4,0.52
79.7,0.48
81.1,0.45
82.5,0.45
83.7,0.52
84.9,0.52
86.2,0.48
87.3,0.57
88.6,0.48
89.8,0.52
91.1,0.48
92.3,0.52
93.6,0.48
94.8,0.52
96.2,0.45
97.5,0.48
98.7,0.52
100.0,0.48
101.4,0.45
102.7,0.48
104.0,0.48
105.4,0.45
106.7,0.48
108.1,0.45
109.5,0.45
110.9,0.45
112.2,0.48
113.5,0.48
114.8,0.48
116.0,0.52
117.2,0.52
118.5,0.48
119.7,0.52
121.1,0.45
122.6,0.42
124.1,0.42
125.5,0.45
127.0,0.42
128.4,0.45
129.8,0.45
131.1,0.48
132.4,0.48
133.6,0.52
134.9,0.48
136.1,0.52
137.3,0.52
138.5,0.52
139.7,0.52
140.8,0.57
142.0,0.52
143.2,0.52
144.4,0.52
145.4,0.63
146.6,0.52
147.9,0.48
149.4,0.42
150.7,0.48
152.0,0.48
153.3,0.48
154.6,0.48
155.8,0.52
157.2,0.45
158.5,0.48
159.8,0.48
161.1,0.48
162.4,0.48
163.7,0.48
165.0,0.48
166.3,0.48
167.5,0.52
168.8,0.48
170.1,0.48
171.3,0.52
172.6,0.48
173.8,0.52
175.1,0.48
176.4,0.48
177.6,0.52
178.8,0.52
180.0,0.52
181.2,0.52
182.4,0.52
183.7,0.48
185.0,0.48
186.2,0.52
187.5,0.48
188.8,0.48
190.0,0.52
191.2,0.52
192.5,0.48
193.7,0.52
195.0,0.48
196.2,0.52
197.5,0.48
198.7,0.52
200.0,0.48
201.2,0.52
202.4,0.52
203.7,0.48
204.9,0.52
206.2,0.48
207.5,0.48
208.8,0.48
210.2,0.45
211.6,0.45
212.9,0.48
214.2,0.48
215.6,0.45
216.8,0.52
218.1,0.48
219.4,0.48
220.7,0.48
221.9,0.52
223.2,0.48
224.4,0.52
225.7,0.48
226.9,0.52
228.2,0.48
229.6,0.45
230.9,0.48
232.2,0.48
233.5,0.48
234.8,0.48
236.2,0.45
237.5,0.48
238.8,0.48
240.2,0.45
241.5,0.48
242.8,0.48
244.1,0.48
245.4,0.48
246.6,0.52
247.9,0.48
249.2,0.48
250.4,0.52
251.7,0.48
253.0,0.48
254.4,0.45
255.7,0.48
257.0,0.48
258.3,0.48
259.6,0.48
260.8,0.52
262.1,0.48
263.3,0.52
264.6,0.48
265.9,0.48
267.2,0.48
268.5,0.48
269.8,0.48
271.2,0.45
272.6,0.45
273.9,0.48
275.2,0.48
276.5,0.48
277.8,0.48
279.1,0.48
280.4,0.48
281.7,0.48
283.0,0.48
284.3,0.48
285.6,0.48
286.9,0.48
288.2,0.48
289.5,0.48
290.7,0.52
292.0,0.48
293.2,0.52
294.5,0.48
295.8,0.48
297.1,0.48
298.4,0.48
299.7,0.48
301.1,0.45
302.4,0.48
303.8,0.45
305.1,0.48
306.4,0.48
307.8,0.45
309.1,0.48
310.4,0.48
311.7,0.48
313.0,0.48
314.3,0.48
315.6,0.48
317.0,0.45
318.3,0.48
319.6,0.48
320.9,0.48
322.3,0.45
323.6,0.48
324.9,0.48
326.3,0.45
327.7,0.45
329.0,0.48
330.3,0.48
331.6,0.48
333.0,0.45
334.3,0.48
335.6,0.48
336.9,0.48
338.3,0.45
339.7,0.45
341.0,0.48
342.4,0.45
343.8,0.45
345.2,0.45
346.7,0.42
348.2,0.42
349.6,0.45
351.0,0.45
352.4,0.45
353.7,0.48
355.1,0.45
356.5,0.45
357.9,0.45
359.2,0.48
360.6,0.45
362.0,0.45
363.4,0.45
364.7,0.48
366.1,0.45
367.3,0.52
368.6,0.48
369.9,0.48
371.2,0.48
372.5,0.48
373.9,0.45
375.2,0.48
376.5,0.48
377.8,0.48
379.1,0.48
380.4,0.48
381.8,0.45
383.2,0.45
384.6,0.45
385.9,0.48
387.3,0.45
388.6,0.48
390.0,0.45
391.3,0.48
392.7,0.45
394.1,0.45
395.4,0.48
396.8,0.45
398.2,0.45
399.5,0.48
400.9,0.45
402.2,0.48
403.6,0.45
404.9,0.48
406.4,0.42
407.9,0.42
409.4,0.42
410.9,0.42
412.2,0.48
413.6,0.45
415.0,0.45
420.5,0.11
433.9,0.48
436.7,0.22
438.1,0.45
439.4,0.48
440.8,0.45
442.1,0.48
443.4,0.48
444.7,0.48
446.1,0.45
447.5,0.45
448.9,0.45
450.3,0.45
451.8,0.42
453.2,0.45
454.7,0.42
456.1,0.45
457.6,0.42
459.0,0.45
460.4,0.45
461.8,0.45
463.2,0.45
464.6,0.45
466.0,0.45
467.4,0.45
468.7,0.48
470.1,0.45
471.4,0.48
472.8,0.45
474.1,0.48
475.4,0.48
476.8,0.45
478.1,0.48
479.5,0.45
480.9,0.45
482.2,0.48
483.6,0.45
485.0,0.45
486.3,0.48
487.6,0.48
489.0,0.45
490.4,0.45
491.7,0.48
493.1,0.45
494.5,0.45
495.9,0.45
497.2,0.48
498.6,0.45
500.0,0.45
501.3,0.48
502.7,0.45
504.1,0.45
505.4,0.48
506.8,0.45
508.2,0.45
509.5,0.48
510.8,0.48
512.2,0.45
513.5,0.48
514.9,0.45
516.3,0.45
517.6,0.48
519.0,0.45
520.4,0.45
521.7,0.48
523.1,0.45
524.5,0.45
525.9,0.45
527.3,0.45
528.7,0.45
530.1,0.45
531.6,0.42
533.0,0.45
534.4,0.45
535.8,0.45
537.2,0.45
538.5,0.48
539.9,0.45
541.3,0.45
542.7,0.45
544.1,0.45
545.5,0.45
547.0,0.42
548.4,0.45
549.8,0.45
551.1,0.48
552.5,0.45
553.8,0.48
555.2,0.45
556.5,0.48
557.9,0.45
559.2,0.48
560.5,0.48
561.9,0.45
563.3,0.45
564.7,0.45
566.1,0.45
567.4,0.48
568.8,0.45
570.1,0.48
571.5,0.45
572.8,0.48
574.1,0.48
575.5,0.45
576.9,0.45
578.3,0.45
579.7,0.45
581.1,0.45
582.5,0.45
583.8,0.48
585.2,0.45
586.5,0.48
587.9,0.45
589.4,0.42
590.9,0.42
592.4,0.42
593.8,0.45
595.2,0.45
596.6,0.45
598.0,0.45
599.4,0.45
600.7,0.48
602.1,0.45
603.6,0.42
605.0,0.45
606.4,0.45
607.9,0.42
609.4,0.42
610.9,0.42
612.4,0.42
614.0,0.39
615.7,0.37
617.4,0.37
619.1,0.37
620.8,0.37
622.5,0.37
624.1,0.39
625.7,0.39
627.4,0.37
629.0,0.39
630.7,0.37
632.3,0.39
633.9,0.39
635.5,0.39
637.1,0.39
638.7,0.39
640.4,0.37
642.0,0.39
643.7,0.37
645.2,0.42
646.8,0.39
648.4,0.39
650.0,0.39
651.6,0.39
653.3,0.37
655.0,0.37
656.7,0.37
658.3,0.39
660.1,0.35
661.8,0.37
663.5,0.37
665.1,0.39
666.8,0.37
668.5,0.37
670.1,0.39
671.8,0.37
673.3,0.42
674.9,0.39
676.5,0.39
678.0,0.42
679.5,0.42
681.0,0.42
682.6,0.39
684.1,0.42
685.7,0.39
687.1,0.45
688.6,0.42
690.2,0.39
691.9,0.37
693.5,0.39
695.1,0.39
696.9,0.35
698.6,0.37
700.2,0.39
701.9,0.37
703.6,0.37
705.2,0.39
706.9,0.37
708.5,0.39
710.2,0.37
711.9,0.37
713.6,0.37
715.3,0.37
717.0,0.37
718.8,0.35
720.5,0.37
722.2,0.37
723.9,0.37
725.6,0.37
727.3,0.37
729.1,0.35
730.8,0.37
732.5,0.37
734.1,0.39
735.6,0.42
737.2,0.39
738.7,0.42
740.2,0.42
741.8,0.39
743.4,0.39
745.0,0.39
746.6,0.39
748.1,0.42
749.7,0.39
751.3,0.39
752.8,0.42
754.4,0.39
756.0,0.39
757.5,0.42
759.1,0.39
760.9,0.35
762.5,0.39
764.1,0.39
765.6,0.42
767.1,0.42
768.8,0.37
770.4,0.39
772.0,0.39
773.6,0.39
775.2,0.39
776.9,0.37
778.6,0.37
780.2,0.39
781.9,0.37
783.5,0.39
785.2,0.37
786.8,0.39
788.5,0.37
790.0,0.42
791.7,0.37
793.3,0.39
795.0,0.37
796.6,0.39
798.1,0.42
799.8,0.37
801.4,0.39
802.9,0.42
804.5,0.39
806.2,0.37
807.9,0.37
809.6,0.37
811.2,0.39
812.7,0.42
814.2,0.42
815.9,0.37
817.5,0.39
819.1,0.39
820.7,0.39
822.3,0.39
823.9,0.39
825.4,0.42
826.9,0.42
828.5,0.39
830.1,0.39
831.7,0.39
833.2,0.42
834.7,0.42
836.2,0.42
837.7,0.42
839.3,0.39
840.9,0.39
842.5,0.39
844.0,0.42
845.6,0.39
847.1,0.42
848.6,0.42
850.1,0.42
851.6,0.42
853.1,0.42
854.7,0.39
856.2,0.42
857.7,0.42
859.1,0.45
860.6,0.42
862.0,0.45
863.5,0.42
864.9,0.45
866.3,0.45
867.8,0.42
869.3,0.42
870.8,0.42
872.4,0.39
874.0,0.39
875.5,0.42
877.1,0.39
878.7,0.39
880.3,0.39
881.8,0.42
883.3,0.42
884.9,0.39
886.5,0.39
888.0,0.42
889.6,0.39
891.2,0.39
892.8,0.39
894.4,0.39
896.0,0.39
897.5,0.42
899.0,0.42
900.5,0.42
902.1,0.39
903.6,0.42
905.3,0.37
907.2,0.33
908.9,0.37
910.5,0.39
911.9,0.45
913.3,0.45
914.7,0.45
916.0,0.48
917.4,0.45
918.8,0.45
920.2,0.45
921.6,0.45
923.0,0.45
924.3,0.48
925.7,0.45
927.1,0.45
928.5,0.45
929.9,0.45
931.3,0.45
932.6,0.48
934.0,0.45
935.3,0.48
936.5,0.52
937.8,0.48
939.1,0.48
940.5,0.45
941.8,0.48
943.1,0.48
944.4,0.48
945.7,0.48
947.0,0.48
948.3,0.48
949.7,0.45
951.0,0.48
952.3,0.48
953.6,0.48
955.0,0.45
956.2,0.52
957.6,0.45
959.0,0.45
960.4,0.45
961.8,0.45
963.2,0.45
964.5,0.48
965.9,0.45
967.2,0.48
968.5,0.48
969.9,0.45
971.3,0.45
972.6,0.48
974.0,0.45
975.2,0.52
976.7,0.42
978.1,0.45
979.5,0.45
980.9,0.45
982.4,0.42
983.9,0.42
985.2,0.48
986.7,0.42
988.1,0.45
989.5,0.45
990.9,0.45
992.3,0.45
993.6,0.48
994.9,0.48
996.2,0.48
997.6,0.45
999.0,0.45
1000.4,0.45
1001.8,0.45
1003.1,0.48
1004.5,0.45
1005.9,0.45
1007.3,0.45
1008.7,0.45
1010.1,0.45
1011.5,0.45
1013.0,0.42
1014.3,0.48
1015.7,0.45
1017.0,0.48
1018.3,0.48
1019.6,0.48
1021.0,0.45
1022.3,0.48
1023.6,0.48
1025.0,0.45
1026.4,0.45
1027.7,0.48
1029.1,0.45
1030.5,0.45
1031.8,0.48
1033.2,0.45
1034.6,0.45
1036.0,0.45
1037.4,0.45
1038.7,0.48
1040.1,0.45
1041.5,0.45
1043.0,0.42
1044.4,0.45
1045.8,0.45
1047.1,0.48
1048.5,0.45
1049.8,0.48
1051.2,0.45
1052.6,0.45
1054.0,0.45
1055.4,0.45
1056.8,0.45
1058.2,0.45
1059.6,0.45
1061.0,0.45
1062.5,0.42
1063.9,0.45
1065.4,0.42
1066.9,0.42
1068.5,0.39
1070.1,0.39
1071.7,0.39
1073.4,0.37
1075.0,0.39
1076.6,0.39
1078.2,0.39
1079.8,0.39
1081.3,0.42
1082.9,0.39
1084.5,0.39
1086.1,0.39
1087.6,0.42
1089.1,0.42
1090.6,0.42
1092.0,0.45
1093.5,0.42
1095.1,0.39
1096.7,0.39
1098.2,0.42
1099.8,0.39
1101.3,0.42
1102.8,0.42
1104.4,0.39
1105.9,0.42
1107.4,0.42
1108.9,0.42
1110.4,0.42
1111.9,0.42
1113.4,0.42
1115.0,0.39
1116.6,0.39
1118.2,0.39
1119.9,0.37
1121.6,0.37
1123.2,0.39
1124.8,0.39
1126.3,0.42
1127.9,0.39
1129.5,0.39
1131.1,0.39
1132.6,0.42
1134.2,0.39
1135.7,0.42
1137.2,0.42
1138.8,0.39
1140.3,0.42
1141.9,0.39
1143.5,0.39
1145.1,0.39
1146.7,0.39
1148.3,0.39
1149.9,0.39
1151.5,0.39
1153.1,0.39
1154.7,0.39
1156.3,0.39
1157.9,0.39
1159.5,0.39
1161.2,0.37
1162.8,0.39
1164.3,0.42
1165.9,0.39
1167.4,0.42
1168.9,0.42
1170.5,0.39
1172.1,0.39
1173.7,0.39
1175.3,0.39
1176.9,0.39
1178.5,0.39
1180.1,0.39
1181.8,0.37
1183.5,0.37
1185.1,0.39
1186.7,0.39
1188.3,0.39
1189.9,0.39
1191.6,0.37
1193.2,0.39
1194.7,0.42
1196.3,0.39
1198.0,0.37
1199.5,0.42
1201.1,0.39
1202.6,0.42
1204.2,0.39
1205.7,0.42
1207.3,0.39
1208.9,0.39
1210.5,0.39
1212.1,0.39
1213.7,0.39
1215.3,0.39
1216.8,0.42
1218.3,0.42
1219.8,0.42
1221.3,0.42
1222.8,0.42
1224.3,0.42
1225.9,0.39
1227.4,0.42
1229.0,0.39
1230.5,0.42
1232.1,0.39
1233.7,0.39
1235.3,0.39
1236.8,0.42
1238.3,0.42
1239.9,0.39
1241.5,0.39
1243.0,0.42
1244.6,0.39
1246.1,0.42
1247.7,0.39
1249.2,0.42
1250.9,0.37
1252.4,0.42
1253.9,0.42
1255.4,0.42
1256.8,0.45
1258.4,0.39
1259.9,0.42
1261.5,0.39
1263.1,0.39
1264.8,0.37
1266.4,0.39
1268.0,0.39
1269.5,0.42
1271.0,0.42
1272.5,0.42
1274.1,0.39
1275.7,0.39
1277.3,0.39
1278.9,0.39
1280.6,0.37
1282.2,0.39
1283.8,0.39
1285.5,0.37
1287.0,0.42
1288.6,0.39
1290.2,0.39
1291.7,0.42
1293.2,0.42
1294.8,0.39
1296.3,0.42
1297.9,0.39
1299.5,0.39
1300.9,0.45
1302.5,0.39
1304.0,0.42
1305.5,0.42
1307.0,0.42
1308.5,0.42
1310.0,0.42
1311.5,0.42
1313.0,0.42
1314.6,0.39
1316.2,0.39
1317.8,0.39
1319.4,0.39
1321.0,0.39
1322.6,0.39
1324.2,0.39
1325.8,0.39
1327.4,0.39
1329.0,0.39
1330.7,0.37
1332.2,0.42
1333.9,0.37
1335.6,0.37
1337.3,0.37
1338.9,0.39
1340.6,0.37
1342.2,0.39
1343.9,0.37
1345.5,0.39
1347.1,0.39
1348.7,0.39
1350.3,0.39
1351.8,0.42
1353.4,0.39
1355.1,0.37
1356.7,0.39
1358.2,0.42
1359.8,0.39
1361.4,0.39
1363.0,0.39
1364.6,0.39
1366.2,0.39
1367.8,0.39
1369.5,0.37
1371.1,0.39
1372.7,0.39
1374.4,0.37
1376.0,0.39
1377.7,0.37
1379.4,0.37
1381.1,0.37
1382.8,0.37
1384.4,0.39
1386.2,0.35
1387.8,0.39
1389.5,0.37
1391.0,0.42
1392.4,0.45
1393.8,0.45
1395.2,0.45
1396.6,0.45
1398.0,0.45
1399.5,0.42
1400.9,0.45
1402.3,0.45
1403.7,0.45
1405.0,0.48
1406.4,0.45
1407.7,0.48
1409.0,0.48
1410.3,0.48
1411.8,0.42
1413.3,0.42
1414.8,0.42
1416.3,0.42
1417.7,0.45
1419.1,0.45
1420.5,0.45
1421.8,0.48
1423.2,0.45
1424.5,0.48
1425.8,0.48
1427.1,0.48
1428.5,0.45
1429.9,0.45
1431.2,0.48
1432.6,0.45
1433.9,0.48
1435.3,0.45
1436.7,0.45
1438.1,0.45
1439.4,0.48
1440.8,0.45
1442.2,0.45
1443.5,0.48
1444.9,0.45
1446.3,0.45
1447.6,0.48
1449.0,0.45
1450.4,0.45
1451.8,0.45
1453.3,0.42
1454.7,0.45
1456.2,0.42
1457.7,0.42
1459.3,0.39
1460.8,0.42
1462.5,0.37
1464.1,0.39
1465.7,0.39
1467.2,0.42
1468.8,0.39
1470.4,0.39
1472.0,0.39
1473.5,0.42
1475.1,0.39
1476.6,0.42
1478.2,0.39
1479.8,0.39
1481.3,0.42
1482.9,0.39
1484.5,0.39
1486.1,0.39
1487.7,0.39
1489.4,0.37
1491.0,0.39
1492.5,0.42
1494.1,0.39
1495.7,0.39
1497.2,0.42
1498.7,0.42
1500.2,0.42
1501.7,0.42
1503.2,0.42
1504.6,0.45
1506.2,0.39
1507.7,0.42
1509.2,0.42
1510.6,0.45
1512.1,0.42
1513.6,0.42
1515.2,0.39
1516.7,0.42
1518.2,0.42
1519.8,0.39
1521.4,0.39
1523.0,0.39
1524.7,0.37
1526.4,0.37
1528.0,0.39
1529.5,0.42
1531.1,0.39
1532.7,0.39
1534.2,0.42
1535.7,0.42
1537.2,0.42
1538.7,0.42
1540.2,0.42
1541.7,0.42
1543.2,0.42
1544.8,0.39
1546.5,0.37
1548.1,0.39
1549.7,0.39
1551.4,0.37
1553.0,0.39
1554.7,0.37
1556.3,0.39
1557.8,0.42
1559.3,0.42
1560.8,0.42
1562.4,0.39
1563.9,0.42
1565.5,0.39
1567.0,0.42
1568.5,0.42
1570.0,0.42
1571.5,0.42
1573.1,0.39
1574.6,0.42
1576.2,0.39
1577.8,0.39
1579.3,0.42
1581.0,0.37
1582.5,0.42
1584.0,0.42
1585.6,0.39
1587.1,0.42
1588.7,0.39
1590.2,0.42
1591.7,0.42
1593.3,0.39
1594.8,0.42
1596.4,0.39
1597.9,0.42
1599.5,0.39
1601.0,0.42
1602.5,0.42
1604.1,0.39
1605.6,0.42
1607.1,0.42
1608.7,0.39
1610.2,0.42
1611.8,0.39
1613.5,0.37
1615.2,0.37
1616.8,0.39
1618.5,0.37
1620.1,0.39
1621.7,0.39
1623.3,0.39
1624.9,0.39
1626.5,0.39
1628.1,0.39
1629.8,0.37
1631.6,0.35
1633.2,0.39
1634.8,0.39
1636.5,0.37
1638.2,0.37
1639.9,0.37
1641.6,0.37
1643.2,0.39
1644.7,0.42
1646.3,0.39
1647.9,0.39
1649.5,0.39
1651.0,0.42
1652.5,0.42
1654.1,0.39
1655.7,0.39
1657.3,0.39
1659.0,0.37
1660.7,0.37
1662.4,0.37
1664.1,0.37
1665.8,0.37
1667.4,0.39
1669.0,0.39
1670.6,0.39
1672.3,0.37
1673.9,0.39
1675.6,0.37
1677.3,0.37
1679.0,0.37
1680.7,0.37
1682.4,0.37
1684.1,0.37
1685.8,0.37
1687.5,0.37
1689.2,0.37
1690.7,0.42
1692.2,0.42
1693.7,0.42
1695.2,0.42
1696.7,0.42
1698.2,0.42
1699.8,0.39
1701.4,0.39
1703.0,0.39
1704.6,0.39
1706.2,0.39
1707.8,0.39
1709.5,0.37
1711.1,0.39
1712.7,0.39
1714.2,0.42
1715.7,0.42
1717.3,0.39
1718.9,0.39
1720.5,0.39
1722.1,0.39
1723.7,0.39
1725.4,0.37
1727.1,0.37
1728.7,0.39
1730.3,0.39
1731.9,0.39
1733.6,0.37
1735.3,0.37
1737.0,0.37
1738.7,0.37
1740.4,0.37
1741.9,0.42
1743.5,0.39
1745.1,0.39
1746.7,0.39
1748.4,0.37
1750.1,0.37
1751.7,0.39
1753.2,0.42
1754.8,0.39
1756.4,0.39
1758.1,0.37
1759.6,0.42
1761.3,0.37
1762.9,0.39
1764.5,0.39
1766.1,0.39
1767.8,0.37
1769.4,0.39
1771.0,0.39
1772.7,0.37
1774.3,0.39
1775.8,0.42
1777.3,0.42
1778.8,0.42
1780.3,0.42
1781.8,0.42
1783.3,0.42
1784.9,0.39
1786.4,0.42
1787.9,0.42
1789.5,0.39
1791.2,0.37
1792.8,0.39
1794.5,0.37
1796.1,0.39
1797.7,0.39
1799.4,0.37
1801.0,0.39
1802.7,0.37
1804.3,0.39
1805.9,0.39
1807.4,0.42
1808.8,0.45
1810.2,0.45
1811.5,0.48
1812.9,0.45
1814.3,0.45
1815.7,0.45
1817.1,0.45
1818.5,0.45
1820.0,0.42
1821.4,0.45
1822.8,0.45
1824.2,0.45
1825.6,0.45
1827.0,0.45
1828.4,0.45
1829.8,0.45
1831.2,0.45
1832.5,0.48
1833.9,0.45
1835.2,0.48
1836.6,0.45
1837.9,0.48
1839.3,0.45
1840.6,0.48
1841.9,0.48
1843.3,0.45
1844.7,0.45
1846.1,0.45
1847.5,0.45
1848.9,0.45
1850.2,0.48
1851.6,0.45
1853.0,0.45
1854.4,0.45
1855.7,0.48
1857.0,0.48
1858.3,0.48
1859.6,0.48
1860.9,0.48
1862.3,0.45
1863.7,0.45
1865.1,0.45
1866.5,0.45
1867.8,0.48
1869.2,0.45
1870.5,0.48
1872.0,0.42
1873.5,0.42
1874.9,0.45
1876.3,0.45
1877.8,0.42
1879.2,0.45
1880.7,0.42
1882.2,0.42
1883.7,0.42
1885.1,0.45
1886.5,0.45
1888.0,0.42
1889.5,0.42
1890.9,0.45
1892.4,0.42
1893.8,0.45
1895.2,0.45
1896.6,0.45
1898.0,0.45
1899.5,0.42
1901.0,0.42
1902.5,0.42
1903.9,0.45
1905.3,0.45
1906.7,0.45
1908.2,0.42
1909.6,0.45
1911.0,0.45
1912.4,0.45
1913.8,0.45
1915.2,0.45
1916.6,0.45
1918.1,0.42
1919.5,0.45
1921.0,0.42
1922.5,0.42
1924.1,0.39
1925.8,0.37
1927.5,0.37
1929.1,0.39
1930.8,0.37
1932.5,0.37
1934.1,0.39
1935.8,0.37
1937.4,0.39
1939.1,0.37
1940.7,0.39
1942.3,0.39
1944.0,0.37
1945.7,0.37
1947.5,0.35
1949.2,0.37
1950.9,0.37
1952.6,0.37
1954.3,0.37
1956.1,0.35
1957.8,0.37
1959.4,0.39
1961.1,0.37
1962.8,0.37
1964.4,0.39
1966.0,0.39
1967.7,0.37
1969.3,0.39
1971.0,0.37
1972.6,0.39
1974.2,0.39
1975.9,0.37
1977.4,0.42
1979.1,0.37
1980.8,0.37
1982.6,0.35
1984.3,0.37
1986.0,0.37
1987.7,0.37
1989.3,0.39
1991.0,0.37
1992.7,0.37
1994.4,0.37
1996.2,0.35
1997.9,0.37
1999.7,0.35
2001.4,0.37
2003.1,0.37
2004.8,0.37
2006.4,0.39
2008.0,0.39
2009.6,0.39
2011.2,0.39
2012.9,0.37
2014.6,0.37
2016.2,0.39
2017.8,0.39
2019.5,0.37
2021.3,0.35
2023.1,0.35
2024.8,0.37
2026.4,0.39
2028.0,0.39
2029.6,0.39
2031.3,0.37
2032.9,0.39
2034.5,0.39
2036.2,0.37
2037.9,0.37
2039.7,0.35
2041.4,0.37
2043.1,0.37
2044.8,0.37
2046.6,0.35
2048.3,0.37
2050.0,0.37
2051.7,0.37
2053.5,0.35
2055.1,0.39
2056.8,0.37
2058.4,0.39
2060.1,0.37
2061.9,0.35
2063.7,0.35
2065.4,0.37
2067.2,0.35
2068.9,0.37
2070.5,0.39
2072.1,0.39
2073.7,0.39
2075.4,0.37
2077.1,0.37
2078.8,0.37
2080.3,0.42
2081.8,0.42
2083.3,0.42
2084.9,0.39
2086.6,0.37
2088.2,0.39
2089.9,0.37
2091.5,0.39
2093.2,0.37
2094.8,0.39
2096.5,0.37
2098.2,0.37
2100.0,0.35
2101.8,0.35
2103.5,0.37
2105.2,0.37
2106.9,0.37
2108.5,0.39
2110.1,0.39
2111.7,0.39
2113.3,0.39
2115.0,0.37
2116.7,0.37
2118.3,0.39
2120.0,0.37
2121.7,0.37
2123.2,0.42
2124.8,0.39
2126.3,0.42
2127.9,0.39
2129.5,0.39
2131.1,0.39
2132.7,0.39
2134.3,0.39
2135.9,0.39
2137.6,0.37
2139.2,0.39
2140.8,0.39
2142.3,0.42
2143.9,0.39
2145.5,0.39
2147.2,0.37
2148.8,0.39
2150.4,0.39
2152.1,0.37
2153.9,0.35
2155.7,0.35
2157.4,0.37
2159.1,0.37
2160.7,0.39
2162.4,0.37
2164.1,0.37
2165.8,0.37
2167.6,0.35
2169.3,0.37
2171.1,0.35
2172.8,0.37
2174.4,0.39
2176.1,0.37
2177.8,0.37
2179.4,0.39
2181.2,0.35
2182.9,0.37
2184.7,0.35
2186.5,0.35
2188.3,0.35
2190.1,0.35
2191.9,0.35
2193.6,0.37
2195.4,0.35
2197.1,0.37
2198.8,0.37
2200.5,0.37
2202.3,0.35
2204.0,0.37
2205.8,0.35
2207.5,0.37
2209.2,0.37
2211.0,0.35
2212.8,0.35
2214.4,0.39
2216.3,0.33
2218.1,0.35
2219.8,0.37
2221.4,0.39
2223.0,0.39
2224.6,0.39
2226.3,0.37
2227.9,0.39
2229.7,0.35
2231.4,0.37
2233.2,0.35
2234.9,0.37
2236.6,0.37
2238.2,0.39
2239.8,0.39
2241.5,0.37
2243.1,0.39
2244.8,0.37
2246.5,0.37
2248.1,0.39
2249.7,0.39
2251.3,0.39
2253.1,0.35
2254.7,0.39
2256.4,0.37
2258.2,0.35
2259.9,0.37
2261.6,0.37
2263.3,0.37
2265.1,0.35
2266.7,0.39
2268.3,0.39
2270.0,0.37
2271.7,0.37
2273.6,0.33
2275.5,0.33
2277.4,0.33
2279.1,0.37
2280.7,0.39
2282.4,0.37
2284.1,0.37
2285.6,0.42
2287.1,0.42
2288.6,0.42
2290.1,0.42
2291.5,0.45
2292.9,0.45
2294.3,0.45
2295.7,0.45
2297.2,0.42
2298.6,0.45
2300.0,0.45
2301.4,0.45
2302.7,0.48
2304.1,0.45
2305.6,0.42
2307.1,0.42
2308.8,0.37
2310.4,0.39
2312.0,0.39
2313.5,0.42
2315.0,0.42
2316.5,0.42
2318.0,0.42
2319.4,0.45
2320.9,0.42
2322.4,0.42
2323.8,0.45
2325.3,0.42
2326.7,0.45
2328.2,0.42
2329.7,0.42
2331.2,0.42
2332.7,0.42
2334.1,0.45
2335.6,0.42
2337.0,0.45
2338.5,0.42
2339.9,0.45
2341.3,0.45
2342.7,0.45
2344.2,0.42
2345.7,0.42
2347.1,0.45
2348.5,0.45
2349.9,0.45
2351.3,0.45
2352.6,0.48
2354.0,0.45
2355.4,0.45
2356.8,0.45
2358.3,0.42
2359.8,0.42
2361.2,0.45
2362.6,0.45
2364.1,0.42
2365.6,0.42
2367.1,0.42
2368.5,0.45
2369.9,0.45
2371.2,0.48
2372.6,0.45
2373.9,0.48
2375.4,0.42
2376.8,0.45
2378.3,0.42
2379.7,0.45
2381.2,0.42
2382.7,0.42
2384.1,0.45
2385.6,0.42
2387.0,0.45
2388.5,0.42
2389.9,0.45
2391.3,0.45
2392.8,0.42
2394.3,0.42
2395.7,0.45
2397.1,0.45
2398.6,0.42
2400.0,0.45
2401.5,0.42
2402.9,0.45
2404.3,0.45
2405.8,0.42
2407.2,0.45
2408.7,0.42
2410.1,0.45
2411.6,0.42
2413.2,0.39
2414.8,0.39
2416.3,0.42
2417.8,0.42
2419.4,0.39
2420.9,0.42
2422.4,0.42
2424.0,0.39
2425.4,0.45
2426.9,0.42
2428.4,0.42
2429.8,0.45
2431.2,0.45
2432.7,0.42
2434.1,0.45
2435.5,0.45
2436.9,0.45
2438.3,0.45
2439.8,0.42
2441.3,0.42
2442.7,0.45
2444.3,0.39
2445.9,0.39
2447.5,0.39
2449.1,0.39
2450.8,0.37
2452.5,0.37
2454.4,0.33
2456.1,0.37
2457.8,0.37
2459.5,0.37
2461.2,0.37
2463.0,0.35
2464.7,0.37
2466.5,0.35
2468.3,0.35
2470.1,0.35
2471.8,0.37
2473.6,0.35
2475.3,0.37
2477.0,0.37
2478.6,0.39
2480.2,0.39
2481.9,0.37
2483.5,0.39
2485.1,0.39
2486.6,0.42
2488.2,0.39
2489.9,0.37
2491.6,0.37
2493.3,0.37
2495.0,0.37
2496.8,0.35
2498.5,0.37
2500.2,0.37
2502.0,0.35
2503.7,0.37
2505.4,0.37
2507.2,0.35
2508.9,0.37
2510.6,0.37
2512.3,0.37
2514.1,0.35
2515.8,0.37
2517.5,0.37
2519.1,0.39
2520.8,0.37
2522.5,0.37
2524.2,0.37
2526.0,0.35
2527.8,0.35
2529.7,0.33
2531.6,0.33
2533.4,0.35
2535.2,0.35
2537.0,0.35
2538.7,0.37
2540.4,0.37
2542.0,0.39
2543.7,0.37
2545.5,0.35
2547.2,0.37
2548.9,0.37
2550.7,0.35
2552.5,0.35
2554.3,0.35
2556.1,0.35
2557.8,0.37
2559.4,0.39
2561.1,0.37
2562.8,0.37
2564.7,0.33
2566.6,0.33
2568.5,0.33
2570.4,0.33
2572.3,0.33
2573.9,0.39
2575.6,0.37
2577.3,0.37
2579.0,0.37
2580.6,0.39
2582.3,0.37
2584.0,0.37
2585.7,0.37
2587.5,0.35
2589.3,0.35
2591.0,0.37
2592.7,0.37
2594.4,0.37
2596.1,0.37
2597.8,0.37
2599.6,0.35
2601.5,0.33
2603.2,0.37
2604.9,0.37
2606.5,0.39
2608.2,0.37
2609.9,0.37
2611.6,0.37
2613.2,0.39
2614.8,0.39
2616.6,0.35
2618.3,0.37
2620.0,0.37
2621.7,0.37
2623.4,0.37
2625.1,0.37
2626.8,0.37
2628.4,0.39
2630.1,0.37
2631.9,0.35
2633.7,0.35
2635.5,0.35
2637.3,0.35
2639.0,0.37
2640.7,0.37
2642.5,0.35
2644.2,0.37
2645.9,0.37
2647.7,0.35
2649.4,0.37
2651.1,0.37
2652.8,0.37
2654.4,0.39
2656.1,0.37
2657.7,0.39
2659.4,0.37
2661.1,0.37
2662.7,0.39
2664.3,0.39
2666.1,0.35
2668.1,0.31
2670.0,0.33
2671.9,0.33
2673.7,0.35
2675.5,0.35
2677.3,0.35
2678.9,0.39
2680.6,0.37
2682.3,0.37
2684.0,0.37
2685.8,0.35
2687.6,0.35
2689.3,0.37
2691.0,0.37
2692.8,0.35
2694.5,0.37
2696.3,0.35
2698.0,0.37
2699.8,0.35
2701.5,0.37
2703.2,0.37
2704.8,0.39
2706.6,0.35
2708.3,0.37
2709.9,0.39
2711.6,0.37
2713.3,0.37
2715.1,0.35
2716.8,0.37
2718.6,0.35
2720.5,0.33
2722.3,0.35
2724.1,0.35
2725.8,0.37
2727.6,0.35
2729.4,0.35
2731.2,0.35
2733.0,0.35
2734.7,0.37
2736.4,0.37
2738.1,0.37
2739.7,0.39
2741.4,0.37
2743.0,0.39
2744.7,0.37
2746.4,0.37
2748.1,0.37
2749.7,0.39
2751.3,0.39
2752.9,0.39
2754.5,0.39
2756.2,0.37
2757.9,0.37
2759.7,0.35
2761.3,0.39
2762.9,0.39
2764.4,0.42
2765.8,0.45
2767.3,0.42
2768.8,0.42
2770.3,0.42
2771.9,0.39
2773.4,0.42
2774.8,0.45
2776.2,0.45
2777.7,0.42
2779.2,0.42
2780.6,0.45
2782.1,0.42
2783.6,0.42
2785.1,0.42
2786.6,0.42
2788.2,0.39
2789.7,0.42
2791.2,0.42
2792.8,0.39
2794.3,0.42
2795.8,0.42
2797.2,0.45
2798.7,0.42
2800.2,0.42
2801.7,0.42
2803.2,0.42
2804.8,0.39
2806.2,0.45
2807.8,0.39
2809.4,0.39
2811.0,0.39
2812.6,0.39
2814.1,0.42
2815.7,0.39
2817.3,0.39
2818.9,0.39
2820.5,0.39
2822.1,0.39
2823.7,0.39
2825.3,0.39
2826.8,0.42
2828.3,0.42
2829.9,0.39
2831.5,0.39
2833.1,0.39
2834.6,0.42
2836.0,0.45
2837.5,0.42
2839.0,0.42
2840.6,0.39
2842.1,0.42
2843.8,0.37
2845.5,0.37
2847.2,0.37
2848.9,0.37
2850.7,0.35
2852.5,0.35
2854.2,0.37
2856.0,0.35
2857.7,0.37
2859.4,0.37
2861.1,0.37
2862.7,0.39
2864.3,0.39
2865.9,0.39
2867.6,0.37
2869.2,0.39
2870.9,0.37
2872.7,0.35
2874.5,0.35
2876.2,0.37
2878.0,0.35
2879.9,0.33
2881.7,0.35
2883.4,0.37
2885.1,0.37
2886.7,0.39
2888.3,0.39
2890.0,0.37
2891.8,0.35
2893.6,0.35
2895.3,0.37
2897.1,0.35
2898.9,0.35
2900.7,0.35
2902.7,0.31
2904.6,0.33
2906.5,0.33
2908.3,0.35
2910.2,0.33
2912.1,0.33
2913.9,0.35
2915.8,0.33
2917.6,0.35
2919.4,0.35
2921.2,0.35
2923.0,0.35
2924.8,0.35
2926.5,0.37
2928.3,0.35
2930.1,0.35
2931.9,0.35
2933.8,0.33
2935.5,0.37
2937.2,0.37
2938.9,0.37
2940.6,0.37
2942.4,0.35
2944.1,0.37
2945.8,0.37
2947.7,0.33
2949.6,0.33
2951.4,0.35
2953.3,0.33
2955.2,0.33
2957.2,0.31
2959.2,0.31
2961.0,0.35
2962.9,0.33
2964.7,0.35
2966.5,0.35
2968.3,0.35
2970.1,0.35
2972.0,0.33
2973.8,0.35
2975.6,0.35
2977.4,0.35
2979.2,0.35
2981.1,0.33
2983.0,0.33
2984.9,0.33
2986.6,0.37
2988.3,0.37
2990.1,0.35
2991.9,0.35
2993.6,0.37
2995.3,0.37
2997.1,0.35
2998.8,0.37
3000.4,0.39
3002.1,0.37
3003.8,0.37
3005.5,0.37
3007.2,0.37
3009.0,0.35
3010.8,0.35
3012.5,0.37
3014.3,0.35
3016.1,0.35
3017.9,0.35
3019.7,0.35
3021.5,0.35
3023.2,0.37
3024.9,0.37
3026.7,0.35
3028.5,0.35
3030.2,0.37
3031.8,0.39
3033.5,0.37
3035.2,0.37
3036.9,0.37
3038.8,0.33
3040.7,0.33
3042.5,0.35
3044.4,0.33
3046.3,0.33
3048.2,0.33
3050.1,0.33
3052.0,0.33
3053.8,0.35
3055.6,0.35
3057.4,0.35
3059.2,0.35
3060.9,0.37
3062.6,0.37
3064.4,0.35
3066.2,0.35
3068.0,0.35
3069.8,0.35
3071.5,0.37
3073.4,0.33
3075.3,0.33
3077.2,0.33
3079.1,0.33
3080.8,0.37
3082.6,0.35
3084.2,0.39
3085.9,0.37
3087.7,0.35
3089.5,0.35
3091.3,0.35
3093.2,0.33
3094.9,0.37
3096.7,0.35
3098.4,0.37
3100.2,0.35
3101.8,0.39
3103.5,0.37
3105.1,0.39
3106.7,0.39
3108.4,0.37
3110.2,0.35
3112.2,0.31
3114.0,0.35
3115.8,0.35
3117.6,0.35
3119.4,0.35
3121.2,0.35
3123.0,0.35
3124.7,0.37
3126.3,0.39
3127.9,0.39
3129.6,0.37
3131.4,0.35
3133.1,0.37
3134.9,0.35
3136.7,0.35
3138.5,0.35
3140.4,0.33
3142.2,0.35
3143.9,0.37
3145.6,0.37
3147.2,0.39
3148.9,0.37
3150.6,0.37
3152.5,0.33
3154.3,0.35
3156.2,0.33
3158.0,0.35
3159.8,0.35
3161.6,0.35
3163.3,0.37
3165.2,0.33
3166.9,0.37
3168.7,0.35
3170.4,0.37
3172.3,0.33
3174.1,0.35
3175.8,0.37
3177.7,0.33
3179.4,0.37
3181.1,0.37
3182.9,0.35
3184.6,0.37
3186.2,0.39
3187.9,0.37
3189.5,0.39
3191.1,0.39
3192.9,0.35
3194.6,0.37
3196.2,0.39
3197.9,0.37
3199.6,0.37
3201.3,0.37
3203.1,0.35
3204.8,0.37
3206.4,0.39
3208.1,0.37
3209.6,0.42
3211.2,0.39
3212.6,0.45
3214.1,0.42
3215.5,0.45
3217.0,0.42
3218.5,0.42
3220.0,0.42
3221.6,0.39
3223.1,0.42
3224.6,0.42
3226.2,0.39
3227.8,0.39
3229.4,0.39
3230.9,0.42
3232.6,0.37
3234.4,0.35
3236.1,0.37
3237.9,0.35
3239.6,0.37
3241.3,0.37
3242.9,0.39
3244.6,0.37
3246.1,0.42
3247.6,0.42
3249.2,0.39
3250.8,0.39
3252.3,0.42
3253.9,0.39
3255.6,0.37
3257.4,0.35
3259.2,0.35
3261.0,0.35
3262.7,0.37
3264.4,0.37
3266.1,0.37
3267.8,0.37
3269.5,0.37
3271.2,0.37
3272.8,0.39
3274.6,0.35
3276.3,0.37
3277.9,0.39
3279.6,0.37
3281.2,0.39
3282.9,0.37
3284.5,0.39
3286.2,0.37
3287.9,0.37
3289.7,0.35
3291.4,0.37
3293.1,0.37
3294.8,0.37
3296.6,0.35
3298.4,0.35
3300.2,0.35
3302.0,0.35
3303.7,0.37
3305.4,0.37
3307.1,0.37
3308.8,0.37
3310.6,0.35
3312.4,0.35
3314.1,0.37
3315.7,0.39
3317.5,0.35
3319.3,0.35
3321.1,0.35
3322.8,0.37
3324.5,0.37
3326.2,0.37
3328.0,0.35
3329.8,0.35
3331.7,0.33
3333.5,0.35
3335.3,0.35
3337.2,0.33
3339.0,0.35
3340.8,0.35
3342.6,0.35
3344.4,0.35
3346.3,0.33
3348.2,0.33
3350.0,0.35
3351.8,0.35
3353.6,0.35
3355.5,0.33
3357.4,0.33
3359.2,0.35
3360.8,0.39
3362.5,0.37
3364.2,0.37
3365.9,0.37
3367.6,0.37
3369.3,0.37
3371.0,0.37
3372.7,0.37
3374.5,0.35
3376.2,0.37
3378.0,0.35
3379.8,0.35
3381.5,0.37
3383.3,0.35
3385.1,0.35
3387.0,0.33
3388.9,0.33
3390.7,0.35
3392.6,0.33
3394.4,0.35
3396.1,0.37
3397.8,0.37
3399.5,0.37
3401.2,0.37
3402.8,0.39
3404.4,0.39
3406.2,0.35
3408.0,0.35
3409.7,0.37
3411.4,0.37
3413.2,0.35
3415.1,0.33
3416.9,0.35
3418.8,0.33
3420.5,0.37
3422.2,0.37
3423.8,0.39
3425.5,0.37
3427.3,0.35
3429.1,0.35
3430.8,0.37
3432.6,0.35
3434.2,0.39
3435.9,0.37
3437.6,0.37
3439.3,0.37
3441.1,0.35
3442.9,0.35
3444.7,0.35
3446.5,0.35
3448.2,0.37
3450.0,0.35
3451.8,0.35
3453.6,0.35
3455.5,0.33
3457.3,0.35
3459.1,0.35
3461.0,0.33
3462.9,0.33
3464.8,0.33
3466.7,0.33
3468.6,0.33
3470.4,0.35
3472.3,0.33
3474.1,0.35
3475.8,0.37
3477.7,0.33
3479.7,0.31
3481.7,0.31
3483.5,0.35
3485.3,0.35
3487.1,0.35
3488.8,0.37
3490.7,0.33
3492.6,0.33
3494.5,0.33
3496.3,0.35
3498.2,0.33
3500.2,0.31
3502.0,0.35
3503.8,0.35
3505.6,0.35
3507.3,0.37
3509.1,0.35
3510.9,0.35
3512.8,0.33
3514.7,0.33
3516.4,0.37
3518.0,0.39
3519.7,0.37
3521.4,0.37
3523.2,0.35
3524.9,0.37
3526.5,0.39
3528.2,0.37
3529.9,0.37
3531.6,0.37
3533.4,0.35
3535.2,0.35
3537.1,0.33
3539.1,0.31
3540.9,0.35
3542.7,0.35
3544.5,0.35
3546.3,0.35
3548.0,0.37
3549.7,0.37
3551.4,0.37
3553.0,0.39
3554.7,0.37
3556.3,0.39
3557.9,0.39
3559.5,0.39
3561.1,0.39
3562.5,0.45
3563.9,0.45
3565.3,0.45
3566.7,0.45
3568.2,0.42
3569.6,0.45
3571.1,0.42
3572.6,0.42
3574.2,0.39
3575.8,0.39
3577.3,0.42
3578.9,0.39
3580.4,0.42
3581.9,0.42
3583.4,0.42
3584.8,0.45
3586.3,0.42
3587.7,0.45
3589.1,0.45
3590.7,0.39
3592.3,0.39
3594.0,0.37
3595.7,0.37
3597.2,0.42
0.0,0.00
