117.1,0.31
119.8,0.23
124.7,0.13
126.9,0.29
129.0,0.30
131.0,0.31
132.8,0.35
134.9,0.30
136.8,0.33
138.4,0.39
140.1,0.37
142.0,0.33
143.9,0.33
145.9,0.31
147.8,0.33
149.4,0.39
151.3,0.33
153.1,0.35
154.9,0.35
157.0,0.30
159.1,0.30
161.1,0.31
163.3,0.29
165.7,0.26
168.1,0.26
170.6,0.25
172.8,0.29
174.9,0.30
176.7,0.35
178.6,0.33
180.6,0.31
182.6,0.31
184.7,0.30
186.9,0.29
189.1,0.29
191.3,0.29
193.5,0.29
195.8,0.27
198.1,0.27
200.4,0.27
202.6,0.29
204.9,0.27
207.2,0.27
209.7,0.25
212.0,0.27
214.4,0.26
216.7,0.27
219.0,0.27
221.2,0.29
223.4,0.29
225.4,0.31
227.3,0.33
229.4,0.30
231.5,0.30
233.9,0.26
237.5,0.17
239.9,0.26
242.0,0.30
244.1,0.30
246.1,0.31
248.0,0.33
249.9,0.33
251.7,0.35
253.5,0.35
255.3,0.35
257.1,0.35
259.0,0.33
261.1,0.30
263.2,0.30
265.4,0.29
267.5,0.30
269.6,0.30
271.8,0.29
273.8,0.31
275.9,0.30
277.9,0.31
280.0,0.30
282.1,0.30
284.1,0.31
286.1,0.31
288.2,0.30
290.2,0.31
292.2,0.31
294.2,0.31
296.2,0.31
298.2,0.31
300.2,0.31
302.2,0.31
304.2,0.31
306.2,0.31
308.1,0.33
310.1,0.31
312.0,0.33
314.1,0.30
316.1,0.31
318.2,0.30
320.2,0.31
322.3,0.30
324.3,0.31
326.4,0.30
328.5,0.30
330.7,0.29
333.0,0.27
335.3,0.27
337.5,0.29
339.8,0.27
342.1,0.27
344.4,0.27
346.5,0.30
348.5,0.31
350.6,0.30
352.8,0.29
354.9,0.30
357.0,0.30
359.1,0.30
361.2,0.30
363.3,0.30
365.4,0.30
367.5,0.30
369.6,0.30
371.7,0.30
373.8,0.30
375.9,0.30
378.0,0.30
380.1,0.30
382.2,0.30
384.3,0.30
386.4,0.30
388.5,0.30
390.6,0.30
392.7,0.30
394.8,0.30
397.0,0.29
399.2,0.29
401.3,0.30
403.4,0.30
405.5,0.30
407.6,0.30
409.7,0.30
411.7,0.31
413.7,0.31
415.7,0.31
417.7,0.31
419.7,0.31
421.7,0.31
423.7,0.31
425.8,0.30
427.9,0.30
429.9,0.31
432.0,0.30
434.1,0.30
436.2,0.30
438.4,0.29
440.4,0.31
442.5,0.30
444.5,0.31
446.6,0.30
448.7,0.30
450.7,0.31
452.7,0.31
454.8,0.30
456.8,0.31
458.9,0.30
460.9,0.31
462.9,0.31
464.9,0.31
466.9,0.31
468.9,0.31
471.0,0.30
473.0,0.31
475.0,0.31
477.0,0.31
479.0,0.31
481.1,0.30
483.1,0.31
485.2,0.30
487.3,0.30
489.4,0.30
491.5,0.30
493.6,0.30
495.7,0.30
497.8,0.30
499.9,0.30
501.8,0.33
503.8,0.31
505.9,0.30
507.9,0.31
509.9,0.31
511.9,0.31
513.9,0.31
515.8,0.33
517.7,0.33
519.6,0.33
521.5,0.33
523.5,0.31
525.4,0.33
527.3,0.33
529.2,0.33
531.1,0.33
533.0,0.33
534.8,0.35
536.7,0.33
538.5,0.35
540.4,0.33
542.3,0.33
544.2,0.33
546.1,0.33
548.1,0.31
550.0,0.33
552.0,0.31
554.0,0.31
555.9,0.33
557.8,0.33
559.8,0.31
561.7,0.33
563.7,0.31
565.7,0.31
567.7,0.31
569.9,0.29
572.0,0.30
574.1,0.30
576.1,0.31
578.0,0.33
579.9,0.33
581.7,0.35
583.5,0.35
585.4,0.33
587.4,0.31
589.3,0.33
591.3,0.31
593.2,0.33
595.1,0.33
597.1,0.31
599.0,0.33
601.0,0.31
602.9,0.33
604.8,0.33
606.8,0.31
608.8,0.31
610.7,0.33
612.6,0.33
614.5,0.33
616.4,0.33
618.3,0.33
620.3,0.31
622.2,0.33
624.1,0.33
626.0,0.33
628.0,0.31
629.9,0.33
631.7,0.35
633.7,0.31
635.6,0.33
637.6,0.31
639.6,0.31
641.6,0.31
643.5,0.33
645.5,0.31
647.4,0.33
649.3,0.33
651.3,0.31
653.2,0.33
655.3,0.30
657.4,0.30
659.4,0.31
661.5,0.30
663.5,0.31
665.5,0.31
667.5,0.31
669.5,0.31
671.5,0.31
673.5,0.31
675.4,0.33
677.3,0.33
679.2,0.33
681.2,0.31
683.1,0.33
685.0,0.33
687.0,0.31
688.9,0.33
690.9,0.31
692.9,0.31
694.8,0.33
696.9,0.30
698.9,0.31
700.8,0.33
702.7,0.33
704.6,0.33
706.4,0.35
708.1,0.37
709.8,0.37
711.4,0.39
713.0,0.39
714.6,0.39
716.2,0.39
717.8,0.39
719.4,0.39
721.0,0.39
722.6,0.39
724.2,0.39
725.9,0.37
727.6,0.37
729.2,0.39
730.8,0.39
732.5,0.37
734.3,0.35
736.0,0.37
737.6,0.39
739.2,0.39
740.8,0.39
742.4,0.39
744.0,0.39
745.7,0.37
747.5,0.35
749.2,0.37
751.1,0.33
753.0,0.33
754.9,0.33
756.8,0.33
758.6,0.35
760.4,0.35
762.2,0.35
763.9,0.37
765.6,0.37
767.3,0.37
768.9,0.39
770.6,0.37
772.4,0.35
774.1,0.37
775.9,0.35
777.6,0.37
779.5,0.33
781.4,0.33
783.1,0.37
784.9,0.35
786.8,0.33
788.9,0.30
791.1,0.29
793.3,0.29
795.5,0.29
797.5,0.31
799.6,0.30
801.7,0.30
803.7,0.31
805.7,0.31
807.7,0.31
809.8,0.30
811.9,0.30
814.0,0.30
816.1,0.30
818.5,0.26
820.7,0.29
822.7,0.31
825.1,0.26
827.6,0.25
830.0,0.26
832.1,0.30
834.1,0.31
836.0,0.33
837.8,0.35
839.7,0.33
841.6,0.33
843.3,0.37
845.1,0.35
847.1,0.31
849.0,0.33
850.9,0.33
852.7,0.35
854.4,0.37
856.1,0.37
857.9,0.35
859.8,0.33
861.7,0.33
863.5,0.35
865.5,0.31
867.5,0.31
869.6,0.30
871.8,0.29
874.0,0.29
876.2,0.29
878.2,0.31
880.4,0.29
882.5,0.30
884.6,0.30
886.8,0.29
888.9,0.30
891.0,0.30
893.0,0.31
895.0,0.31
897.1,0.30
899.2,0.30
901.3,0.30
903.4,0.30
905.5,0.30
907.7,0.29
909.9,0.29
912.2,0.27
914.5,0.27
916.8,0.27
918.9,0.30
921.0,0.30
923.1,0.30
925.3,0.29
927.4,0.30
929.6,0.29
931.9,0.27
934.1,0.29
936.2,0.30
938.3,0.30
940.4,0.30
942.4,0.31
944.5,0.30
946.6,0.30
948.7,0.30
950.7,0.31
952.7,0.31
954.8,0.30
956.7,0.33
958.6,0.33
960.6,0.31
962.6,0.31
964.7,0.30
966.9,0.29
969.0,0.30
971.2,0.29
973.4,0.29
975.7,0.27
978.0,0.27
980.2,0.29
982.4,0.29
984.6,0.29
986.8,0.29
989.0,0.29
991.2,0.29
993.4,0.29
995.5,0.30
997.6,0.30
999.8,0.29
1002.0,0.29
1004.1,0.30
1006.3,0.29
1008.5,0.29
1010.6,0.30
1012.7,0.30
1014.9,0.29
1017.1,0.29
1019.2,0.30
1021.4,0.29
1023.6,0.29
1025.8,0.29
1028.0,0.29
1030.2,0.29
1032.3,0.30
1034.4,0.30
1036.6,0.29
1038.8,0.29
1041.1,0.27
1043.3,0.29
1045.5,0.29
1047.7,0.29
1050.0,0.27
1052.2,0.29
1054.4,0.29
1056.5,0.30
1058.5,0.31
1060.6,0.30
1062.7,0.30
1064.9,0.29
1067.1,0.29
1069.4,0.27
1071.7,0.27
1073.9,0.29
1076.2,0.27
1078.4,0.29
1080.7,0.27
1082.9,0.29
1085.0,0.30
1087.2,0.29
1089.4,0.29
1091.5,0.30
1093.6,0.30
1095.7,0.30
1097.8,0.30
1100.1,0.27
1102.3,0.29
1104.5,0.29
1106.7,0.29
1109.1,0.26
1111.4,0.27
1113.8,0.26
1116.0,0.29
1118.2,0.29
1120.4,0.29
1122.6,0.29
1124.9,0.27
1127.2,0.27
1129.5,0.27
1131.8,0.27
1133.9,0.30
1136.1,0.29
1138.2,0.30
1140.3,0.30
1142.4,0.30
1144.6,0.29
1146.8,0.29
1149.0,0.29
1151.3,0.27
1153.5,0.29
1155.8,0.27
1158.1,0.27
1160.4,0.27
1162.5,0.30
1164.7,0.29
1167.0,0.27
1169.3,0.27
1171.6,0.27
1173.9,0.27
1176.1,0.29
1178.4,0.27
1180.8,0.26
1183.1,0.27
1185.4,0.27
1188.0,0.24
1190.3,0.27
1192.4,0.30
1194.4,0.31
1196.3,0.33
1198.3,0.31
1200.3,0.31
1202.2,0.33
1204.0,0.35
1205.8,0.35
1207.7,0.33
1209.6,0.33
1211.6,0.31
1213.7,0.30
1215.7,0.31
1217.6,0.33
1219.4,0.35
1221.3,0.33
1223.2,0.33
1225.1,0.33
1227.2,0.30
1229.3,0.30
1231.5,0.29
1233.7,0.29
1235.9,0.29
1238.1,0.29
1240.2,0.30
1242.3,0.30
1244.5,0.29
1246.5,0.31
1248.5,0.31
1250.6,0.30
1252.7,0.30
1254.8,0.30
1256.9,0.30
1259.1,0.29
1261.4,0.27
1263.8,0.26
1266.2,0.26
1268.8,0.24
1271.3,0.25
1273.7,0.26
1276.1,0.26
1278.5,0.26
1280.8,0.27
1283.1,0.27
1285.3,0.29
1287.5,0.29
1289.8,0.27
1292.1,0.27
1294.3,0.29
1296.6,0.27
1298.9,0.27
1301.2,0.27
1303.4,0.29
1305.6,0.29
1307.8,0.29
1310.2,0.26
1312.6,0.26
1315.1,0.25
1317.5,0.26
1320.1,0.24
1323.0,0.22
1325.8,0.22
1328.5,0.23
1331.0,0.25
1333.5,0.25
1336.0,0.25
1338.4,0.26
1340.8,0.26
1343.2,0.26
1345.8,0.24
1348.4,0.24
1351.0,0.24
1353.5,0.25
1356.0,0.25
1358.4,0.26
1360.8,0.26
1363.2,0.26
1365.5,0.27
1367.8,0.27
1370.1,0.27
1372.3,0.29
1374.6,0.27
1376.9,0.27
1379.3,0.26
1381.7,0.26
1384.0,0.27
1386.5,0.25
1389.0,0.25
1391.4,0.26
1394.2,0.22
1397.2,0.21
1400.2,0.21
1402.9,0.23
1405.3,0.26
1407.7,0.26
1410.0,0.27
1412.3,0.27
1414.6,0.27
1416.8,0.29
1419.1,0.27
1421.4,0.27
1423.8,0.26
1426.1,0.27
1428.4,0.27
1430.9,0.25
1433.3,0.26
1435.7,0.26
1438.0,0.27
1440.5,0.25
1443.0,0.25
1445.4,0.26
1447.7,0.27
1450.1,0.26
1452.4,0.27
1454.7,0.27
1457.0,0.27
1459.3,0.27
1461.6,0.27
1463.9,0.27
1466.3,0.26
1468.8,0.25
1471.2,0.26
1473.5,0.27
1475.8,0.27
1478.1,0.27
1480.4,0.27
1482.7,0.27
1485.0,0.27
1487.2,0.29
1489.5,0.27
1491.9,0.26
1494.3,0.26
1496.6,0.27
1498.9,0.27
1501.2,0.27
1503.5,0.27
1505.8,0.27
1508.2,0.26
1510.5,0.27
1512.7,0.29
1514.9,0.29
1517.0,0.30
1519.2,0.29
1521.3,0.30
1523.2,0.33
1525.1,0.33
1527.2,0.30
1529.5,0.27
1531.8,0.27
1534.0,0.29
1536.4,0.26
1538.7,0.27
1541.0,0.27
1543.4,0.26
1545.8,0.26
1548.2,0.26
1550.7,0.25
1553.2,0.25
1555.7,0.25
1558.2,0.25
1560.6,0.26
1563.0,0.26
1565.4,0.26
1567.8,0.26
1570.3,0.25
1572.8,0.25
1575.0,0.29
1577.2,0.29
1579.5,0.27
1581.7,0.29
1583.9,0.29
1586.2,0.27
1588.4,0.29
1590.7,0.27
1592.8,0.30
1594.9,0.30
1597.0,0.30
1599.1,0.30
1601.1,0.31
1603.0,0.33
1604.9,0.33
1606.9,0.31
1609.0,0.30
1611.1,0.30
1613.2,0.30
1615.2,0.31
1617.3,0.30
1619.6,0.27
1621.9,0.27
1624.3,0.26
1626.8,0.25
1629.3,0.25
1631.7,0.26
1633.9,0.29
1636.0,0.30
1638.0,0.31
1640.2,0.29
1642.3,0.30
1644.6,0.27
1647.0,0.26
1649.4,0.26
1651.9,0.25
1654.5,0.24
1656.8,0.27
1659.2,0.26
1661.6,0.26
1664.1,0.25
1666.6,0.25
1669.1,0.25
1671.7,0.24
1674.1,0.26
1676.5,0.26
1678.8,0.27
1681.1,0.27
1683.4,0.27
1685.6,0.29
1688.0,0.26
1690.3,0.27
1692.8,0.25
1695.2,0.26
1697.5,0.27
1700.4,0.24
1703.2,0.22
1706.2,0.21
1709.2,0.21
1712.1,0.22
1714.8,0.23
1717.5,0.23
1720.1,0.24
1722.9,0.22
1725.5,0.24
1728.2,0.23
1730.8,0.24
1733.2,0.26
1735.7,0.25
1738.2,0.25
1740.9,0.23
1743.6,0.23
1746.2,0.24
1749.2,0.21
1752.0,0.22
1754.8,0.22
1757.6,0.22
1760.5,0.22
1763.2,0.23
1765.9,0.23
1768.7,0.22
1771.6,0.22
1774.5,0.22
1777.3,0.22
1780.1,0.22
1782.9,0.22
1785.8,0.22
1788.7,0.22
1791.5,0.22
1794.4,0.22
1797.1,0.23
1799.9,0.22
1801.6,0.37
1804.1,0.25
1806.6,0.25
1809.3,0.23
1811.9,0.24
1814.7,0.22
1817.5,0.22
1820.4,0.22
1823.1,0.23
1825.8,0.23
1828.4,0.24
1831.0,0.24
1833.5,0.25
1836.2,0.23
1838.7,0.25
1841.1,0.26
1843.6,0.25
1846.0,0.26
1848.5,0.25
1850.8,0.27
1853.2,0.26
1855.6,0.26
1858.0,0.26
1860.4,0.26
1862.7,0.27
1865.1,0.26
1867.3,0.29
1869.6,0.27
1871.9,0.27
1874.1,0.29
1876.4,0.27
1878.7,0.27
1881.0,0.27
1883.3,0.27
1885.7,0.26
1888.0,0.27
1890.3,0.27
1892.8,0.25
1895.3,0.25
1897.9,0.24
1900.4,0.25
1902.8,0.26
1905.3,0.25
1907.6,0.27
1910.0,0.26
1912.5,0.25
1915.0,0.25
1917.5,0.25
1920.0,0.25
1922.5,0.25
1924.9,0.26
1927.2,0.27
1929.5,0.27
1931.7,0.29
1933.9,0.29
1936.2,0.27
1938.3,0.30
1940.7,0.26
1943.2,0.25
1945.7,0.25
1948.3,0.24
1951.0,0.23
1953.7,0.23
1956.3,0.24
1959.0,0.23
1961.7,0.23
1964.5,0.22
1967.2,0.23
1969.9,0.23
1972.5,0.24
1975.1,0.24
1977.9,0.22
1980.7,0.22
1983.6,0.22
1986.6,0.21
1989.5,0.22
1992.3,0.22
1995.0,0.23
1997.8,0.22
2000.5,0.23
2003.2,0.23
2005.7,0.25
2008.2,0.25
2010.8,0.24
2013.3,0.25
2015.9,0.24
2018.5,0.24
2021.0,0.25
2023.7,0.23
2026.4,0.23
2029.1,0.23
2031.8,0.23
2034.6,0.22
2037.4,0.22
2040.0,0.24
2042.7,0.23
2045.3,0.24
2048.0,0.23
2050.7,0.23
2053.3,0.24
2055.9,0.24
2058.6,0.23
2061.6,0.21
2064.8,0.20
2067.9,0.20
2070.8,0.22
2073.8,0.21
2076.8,0.21
2079.8,0.21
2082.8,0.21
2085.7,0.22
2088.6,0.22
2091.6,0.21
2094.4,0.22
2097.3,0.22
2100.2,0.22
2103.2,0.21
2106.4,0.20
2109.6,0.20
2112.6,0.21
2115.5,0.22
2118.5,0.21
2121.5,0.21
2124.4,0.22
2127.3,0.22
2130.2,0.22
2133.2,0.21
2136.2,0.21
2139.1,0.22
2142.0,0.22
2144.8,0.22
2147.8,0.21
2150.8,0.21
2153.9,0.20
2156.7,0.22
2159.5,0.22
2162.3,0.22
2165.0,0.23
2167.8,0.22
2170.7,0.22
2173.5,0.22
2176.2,0.23
2179.0,0.22
2182.0,0.21
2184.8,0.22
2187.5,0.23
2190.2,0.23
2193.1,0.22
2196.0,0.22
2199.0,0.21
2201.9,0.22
2204.9,0.21
2207.8,0.22
2210.6,0.22
2213.5,0.22
2216.5,0.21
2219.8,0.19
2222.8,0.21
2225.7,0.22
2228.3,0.24
2231.0,0.23
2233.7,0.23
2236.2,0.25
2238.7,0.25
2241.3,0.24
2244.3,0.21
2247.2,0.22
2250.3,0.20
2253.5,0.20
2256.8,0.19
2260.1,0.19
2263.4,0.19
2266.7,0.19
2269.9,0.20
2272.8,0.22
2275.4,0.24
2277.8,0.26
2280.1,0.27
2282.4,0.27
2284.6,0.29
2286.6,0.31
2288.6,0.31
2290.8,0.29
2292.9,0.30
2295.1,0.29
2297.6,0.25
2300.1,0.25
2302.9,0.22
2305.6,0.23
2308.4,0.22
2311.5,0.20
2314.9,0.18
2318.4,0.18
2321.9,0.18
2325.0,0.20
2328.2,0.20
2331.3,0.20
2334.5,0.20
2337.6,0.20
2340.7,0.20
2343.6,0.22
2346.5,0.22
2349.5,0.21
2352.6,0.20
2355.8,0.20
2359.1,0.19
2362.3,0.20
2365.6,0.19
2369.1,0.18
2372.2,0.20
2375.3,0.20
2378.3,0.21
2381.4,0.20
2384.4,0.21
2387.3,0.22
2390.3,0.21
2393.4,0.20
2396.6,0.20
2399.6,0.21
2402.5,0.22
2405.5,0.21
2408.3,0.22
2411.3,0.21
2414.2,0.22
2417.3,0.20
2420.4,0.20
2423.6,0.20
2426.7,0.20
2429.6,0.22
2432.7,0.20
2435.7,0.21
2438.9,0.20
2442.3,0.18
2445.8,0.18
2448.9,0.20
2451.9,0.21
2455.1,0.20
2458.3,0.20
2461.6,0.19
2465.1,0.18
2468.5,0.18
2471.9,0.18
2475.4,0.18
2479.1,0.17
2482.7,0.17
2485.9,0.20
2489.0,0.20
2492.2,0.20
2495.4,0.20
2498.6,0.20
2501.9,0.19
2505.1,0.20
2508.1,0.21
2511.2,0.20
2514.2,0.21
2517.2,0.21
2520.3,0.20
2523.4,0.20
2526.6,0.20
2529.4,0.22
2532.3,0.22
2535.1,0.22
2538.0,0.22
2540.9,0.22
2543.7,0.22
2546.6,0.22
2549.4,0.22
2552.3,0.22
2555.2,0.22
2558.3,0.20
2561.7,0.18
2565.5,0.17
2569.1,0.17
2572.4,0.19
2575.4,0.21
2578.5,0.20
2581.7,0.20
2585.0,0.19
2588.1,0.20
2591.1,0.21
2594.1,0.21
2597.1,0.21
2600.3,0.20
2603.3,0.21
2606.3,0.21
2609.1,0.22
2612.0,0.22
2615.0,0.21
2618.4,0.18
2621.5,0.20
2624.4,0.22
2627.1,0.23
2629.9,0.22
2632.9,0.21
2636.1,0.20
2639.5,0.18
2642.8,0.19
2645.9,0.20
2649.1,0.20
2652.2,0.20
2655.5,0.19
2659.0,0.18
2661.8,0.22
2664.5,0.23
2667.0,0.25
2669.5,0.25
2672.1,0.24
2675.2,0.20
2678.8,0.17
2682.9,0.15
2686.8,0.16
2689.6,0.22
2692.3,0.23
2695.1,0.22
2698.1,0.21
2701.2,0.20
2704.6,0.18
2707.9,0.19
2711.2,0.19
2714.5,0.19
2717.7,0.20
2721.0,0.19
2724.1,0.20
2727.2,0.20
2730.5,0.19
2733.7,0.20
2737.0,0.19
2740.4,0.18
2743.6,0.20
2746.9,0.19
2750.3,0.18
2754.1,0.17
2757.9,0.17
2761.8,0.16
2765.4,0.17
2768.8,0.18
2772.4,0.17
2776.0,0.17
2779.7,0.17
2783.3,0.17
2786.9,0.17
2790.6,0.17
2794.5,0.16
2798.2,0.17
2801.8,0.17
2805.3,0.18
2808.6,0.19
2811.7,0.20
2815.0,0.19
2818.5,0.18
2822.3,0.17
2826.1,0.17
2829.6,0.18
2832.9,0.19
2836.4,0.18
2840.2,0.17
2843.9,0.17
2847.7,0.17
2851.7,0.16
2855.6,0.16
2859.1,0.18
2862.7,0.17
2866.4,0.17
2870.0,0.17
2873.5,0.18
2877.0,0.18
2880.7,0.17
2884.2,0.18
2887.7,0.18
2891.0,0.19
2894.4,0.18
2898.0,0.17
2901.5,0.18
2904.8,0.19
2908.4,0.17
2912.1,0.17
2915.6,0.18
2919.0,0.18
2922.5,0.18
2925.7,0.20
2929.1,0.18
2932.4,0.19
2935.7,0.19
2939.1,0.18
2942.4,0.19
2945.9,0.18
2949.3,0.18
2952.7,0.18
2956.2,0.18
2959.6,0.18
2962.9,0.19
2966.3,0.18
2969.9,0.17
2973.4,0.18
2976.7,0.19
2980.0,0.19
2983.4,0.18
2986.6,0.20
2989.8,0.20
2993.1,0.19
2996.5,0.18
2999.8,0.19
3003.0,0.20
3006.2,0.20
3009.2,0.21
3012.3,0.20
3015.7,0.18
3019.2,0.18
3022.6,0.18
3026.2,0.17
3029.4,0.20
3032.5,0.20
3035.1,0.24
3037.6,0.25
3040.0,0.26
3042.5,0.25
3045.1,0.24
3047.9,0.22
3050.8,0.22
3053.7,0.22
3056.8,0.20
3060.0,0.20
3063.5,0.18
3066.8,0.19
3070.0,0.20
3073.3,0.19
3076.7,0.18
3080.2,0.18
3083.4,0.20
3086.2,0.22
3088.7,0.25
3091.3,0.24
3093.8,0.25
3096.6,0.22
3099.3,0.23
3102.3,0.21
3105.6,0.19
3108.7,0.20
3112.1,0.18
3115.3,0.20
3118.7,0.18
3122.1,0.18
3125.5,0.18
3128.7,0.20
3131.8,0.20
3135.1,0.19
3138.4,0.19
3141.8,0.18
3145.4,0.17
3148.8,0.18
3152.2,0.18
3155.6,0.18
3159.3,0.17
3162.8,0.18
3166.2,0.18
3169.4,0.20
3172.7,0.19
3176.4,0.17
3179.9,0.18
3183.4,0.18
3186.7,0.19
3190.1,0.18
3193.5,0.18
3197.0,0.18
3200.4,0.18
3203.9,0.18
3207.1,0.20
3210.3,0.20
3213.3,0.21
3216.7,0.18
3220.5,0.17
3224.6,0.15
3228.5,0.16
3232.1,0.17
3235.6,0.18
3239.3,0.17
3242.9,0.17
3246.4,0.18
3249.8,0.18
3253.1,0.19
3256.6,0.18
3260.2,0.17
3263.6,0.18
3267.0,0.18
3270.6,0.17
3274.3,0.17
3277.8,0.18
3281.4,0.17
3285.0,0.17
3288.5,0.18
3291.9,0.18
3295.5,0.17
3299.4,0.16
3303.2,0.17
3306.9,0.17
3310.3,0.18
3313.8,0.18
3317.7,0.16
3321.3,0.17
3324.8,0.18
3328.3,0.18
3331.7,0.18
3335.1,0.18
3338.6,0.18
3342.1,0.18
3345.4,0.19
3349.0,0.17
3352.4,0.18
3355.8,0.18
3359.3,0.18
3362.9,0.17
3366.4,0.18
3370.0,0.17
3373.7,0.17
3377.6,0.16
3381.3,0.17
3385.1,0.17
3388.7,0.17
3392.4,0.17
3396.2,0.17
3399.8,0.17
3402.9,0.20
3405.9,0.21
3408.8,0.22
3411.8,0.21
3414.8,0.21
3417.8,0.21
3421.3,0.18
3425.3,0.16
3429.1,0.17
3433.0,0.16
3436.3,0.19
3439.3,0.21
3442.5,0.20
3445.6,0.20
3448.8,0.20
3452.0,0.20
3455.3,0.19
3458.2,0.22
3461.2,0.21
3464.2,0.21
3466.9,0.23
3469.7,0.22
3472.6,0.22
3475.5,0.22
3478.3,0.22
3481.1,0.22
3484.1,0.21
3487.4,0.19
3490.5,0.20
3493.6,0.20
3496.7,0.20
3500.2,0.18
3503.8,0.17
3507.1,0.19
3510.3,0.20
3513.5,0.20
3516.6,0.20
3519.9,0.19
3523.6,0.17
3527.1,0.18
3530.9,0.17
3534.6,0.17
3538.1,0.18
3542.1,0.16
3546.6,0.14
3550.6,0.16
3554.4,0.17
3558.2,0.17
3562.3,0.15
3566.4,0.15
3570.5,0.15
3574.9,0.14
3581.1,0.10
0.0,0.00
