1250.9,0.25
1252.8,0.33
1254.5,0.37
1256.1,0.39
1257.6,0.42
1259.1,0.42
1260.6,0.42
1262.0,0.45
1263.4,0.45
1264.8,0.45
1266.1,0.48
1267.4,0.48
1268.7,0.48
1269.9,0.52
1271.2,0.48
1272.4,0.52
1273.6,0.52
1274.8,0.52
1276.1,0.48
1277.3,0.52
1278.5,0.52
1279.7,0.52
1280.9,0.52
1282.1,0.52
1283.3,0.52
1284.6,0.48
1285.8,0.52
1287.0,0.52
1288.3,0.48
1289.5,0.52
1290.8,0.48
1292.0,0.52
1293.4,0.45
1294.8,0.45
1296.1,0.48
1297.5,0.45
1298.9,0.45
1300.3,0.45
1301.6,0.48
1303.0,0.45
1304.4,0.45
1305.8,0.45
1307.2,0.45
1308.7,0.42
1310.1,0.45
1311.6,0.42
1313.2,0.39
1314.7,0.42
1316.3,0.39
1317.8,0.42
1319.3,0.42
1320.8,0.42
1322.3,0.42
1323.8,0.42
1325.3,0.42
1326.8,0.42
1328.4,0.39
1329.9,0.42
1331.5,0.39
1333.1,0.39
1334.8,0.37
1336.5,0.37
1338.6,0.30
1340.7,0.30
1342.7,0.31
1344.6,0.33
1346.4,0.35
1348.2,0.35
1349.9,0.37
1351.7,0.35
1353.4,0.37
1355.1,0.37
1356.8,0.37
1358.4,0.39
1360.0,0.39
1361.7,0.37
1363.4,0.37
1365.0,0.39
1366.8,0.35
1368.4,0.39
1370.0,0.39
1371.5,0.42
1373.1,0.39
1374.7,0.39
1376.3,0.39
1378.0,0.37
1379.6,0.39
1381.2,0.39
1382.8,0.39
1384.3,0.42
1385.9,0.39
1387.5,0.39
1389.0,0.42
1390.9,0.33
1393.1,0.29
1395.1,0.31
1397.0,0.33
1398.8,0.35
1400.7,0.33
1402.5,0.35
1404.2,0.37
1405.8,0.39
1407.5,0.37
1409.1,0.39
1410.7,0.39
1412.4,0.37
1414.1,0.37
1415.7,0.39
1417.2,0.42
1418.8,0.39
1420.4,0.39
1422.0,0.39
1423.5,0.42
1425.0,0.42
1426.6,0.39
1428.2,0.39
1429.8,0.39
1431.4,0.39
1432.9,0.42
1434.4,0.42
1435.9,0.42
1437.5,0.39
1439.0,0.42
1441.0,0.31
1443.5,0.25
1447.0,0.18
1459.8,0.31
1461.7,0.33
1463.5,0.35
1465.2,0.37
1466.9,0.37
1468.5,0.39
1470.0,0.42
1471.6,0.39
1473.0,0.45
1474.6,0.39
1476.1,0.42
1477.6,0.42
1479.1,0.42
1480.5,0.45
1482.0,0.42
1483.5,0.42
1485.0,0.42
1486.5,0.42
1488.1,0.39
1489.8,0.37
1491.4,0.39
1493.0,0.39
1494.6,0.39
1496.2,0.39
1497.6,0.45
1499.0,0.45
1500.3,0.48
1501.7,0.45
1503.0,0.48
1504.2,0.52
1505.5,0.48
1506.8,0.48
1508.2,0.45
1509.5,0.48
1510.8,0.48
1512.1,0.48
1513.4,0.48
1514.6,0.52
1515.9,0.48
1517.1,0.52
1518.4,0.48
1519.6,0.52
1520.8,0.52
1522.1,0.48
1523.3,0.52
1524.5,0.52
1525.7,0.52
1526.9,0.52
1528.1,0.52
1529.3,0.52
1530.5,0.52
1531.7,0.52
1532.9,0.52
1534.1,0.52
1535.3,0.52
1536.5,0.52
1537.8,0.48
1539.0,0.52
1540.3,0.48
1541.6,0.48
1542.8,0.52
1544.1,0.48
1545.4,0.48
1546.6,0.52
1547.9,0.48
1549.2,0.48
1550.5,0.48
1551.8,0.48
1553.2,0.45
1554.5,0.48
1555.9,0.45
1557.3,0.45
1558.8,0.42
1560.2,0.45
1561.6,0.45
1563.0,0.45
1564.5,0.42
1565.9,0.45
1567.4,0.42
1568.9,0.42
1570.4,0.42
1571.9,0.42
1573.4,0.42
1574.9,0.42
1576.4,0.42
1577.9,0.42
1579.4,0.42
1580.9,0.42
1582.4,0.42
1583.8,0.45
1585.3,0.42
1586.8,0.42
1588.4,0.39
1590.0,0.39
1591.7,0.37
1593.3,0.39
1594.9,0.39
1596.5,0.39
1598.0,0.42
1599.6,0.39
1601.1,0.42
1602.7,0.39
1604.2,0.42
1605.7,0.42
1607.2,0.42
1608.7,0.42
1610.2,0.42
1611.7,0.42
1613.1,0.45
1614.6,0.42
1616.1,0.42
1617.5,0.45
1619.0,0.42
1620.4,0.45
1621.8,0.45
1623.3,0.42
1624.7,0.45
1626.2,0.42
1627.6,0.45
1629.0,0.45
1630.5,0.42
1631.9,0.45
1633.5,0.39
1635.0,0.42
1636.4,0.45
1637.8,0.45
1639.2,0.45
1640.7,0.42
1642.1,0.45
1643.5,0.45
1645.0,0.42
1646.5,0.42
1647.9,0.45
1649.4,0.42
1650.9,0.42
1652.4,0.42
1653.9,0.42
1655.5,0.39
1657.0,0.42
1658.6,0.39
1660.2,0.39
1661.9,0.37
1663.5,0.39
1665.0,0.42
1666.6,0.39
1668.1,0.42
1669.7,0.39
1671.1,0.45
1672.6,0.42
1674.1,0.42
1675.7,0.39
1677.2,0.42
1678.7,0.42
1680.2,0.42
1681.7,0.42
1683.2,0.42
1684.7,0.42
1686.2,0.42
1687.7,0.42
1689.2,0.42
1690.7,0.42
1692.2,0.42
1693.8,0.39
1695.4,0.39
1697.0,0.39
1698.6,0.39
1700.2,0.39
1701.7,0.42
1703.3,0.39
1704.8,0.42
1706.4,0.39
1708.1,0.37
1709.8,0.37
1711.6,0.35
1713.3,0.37
1714.9,0.39
1716.5,0.39
1717.9,0.45
1719.4,0.42
1720.9,0.42
1722.4,0.42
1724.0,0.39
1725.7,0.37
1727.3,0.39
1728.9,0.39
1730.5,0.39
1732.0,0.42
1733.6,0.39
1735.2,0.39
1736.7,0.42
1738.2,0.42
1739.8,0.39
1741.3,0.42
1743.0,0.37
1744.8,0.35
1746.6,0.35
1748.3,0.37
1749.9,0.39
1751.5,0.39
1753.1,0.39
1754.7,0.39
1756.2,0.42
1757.8,0.39
1759.5,0.37
1761.6,0.30
1765.0,0.18
1769.4,0.14
1773.5,0.15
1776.0,0.25
1778.2,0.29
1780.0,0.35
1781.8,0.35
1783.5,0.37
1785.2,0.37
1786.8,0.39
1788.4,0.39
1790.0,0.39
1791.7,0.37
1793.3,0.39
1794.9,0.39
1796.5,0.39
1798.0,0.42
0.0,0.00
