1.4,0.45
2.8,0.45
4.0,0.52
5.2,0.52
6.5,0.48
7.7,0.52
8.9,0.52
10.1,0.52
11.3,0.52
12.5,0.52
13.7,0.52
14.9,0.52
16.0,0.57
17.2,0.52
18.4,0.52
19.5,0.57
20.6,0.57
21.8,0.52
22.9,0.57
24.1,0.52
25.2,0.57
26.4,0.52
27.5,0.57
28.7,0.52
29.8,0.57
31.0,0.52
32.2,0.52
33.4,0.52
34.8,0.45
36.4,0.39
38.4,0.31
40.9,0.25
44.0,0.20
48.3,0.15
54.5,0.10
55.5,0.00
88.7,0.00
89.7,0.33
91.4,0.37
93.1,0.37
94.5,0.45
95.8,0.48
97.1,0.48
98.4,0.48
99.7,0.48
100.9,0.52
102.2,0.48
103.4,0.52
104.6,0.52
105.9,0.48
107.1,0.52
108.3,0.52
109.6,0.48
110.8,0.52
112.2,0.45
113.6,0.45
114.9,0.48
116.2,0.48
117.5,0.48
118.8,0.48
120.1,0.48
121.3,0.52
122.5,0.52
123.7,0.52
124.9,0.52
126.2,0.48
127.4,0.52
128.6,0.52
129.8,0.52
131.1,0.48
132.3,0.52
133.5,0.52
134.7,0.52
135.9,0.52
137.1,0.52
138.3,0.52
139.5,0.52
140.7,0.52
141.9,0.52
143.1,0.52
144.2,0.57
145.3,0.57
146.5,0.52
147.6,0.57
148.7,0.57
149.8,0.57
150.9,0.57
152.1,0.52
153.2,0.57
154.3,0.57
155.4,0.57
156.5,0.57
157.6,0.57
158.7,0.57
159.8,0.57
160.9,0.57
162.0,0.57
163.1,0.57
164.2,0.57
165.2,0.63
166.3,0.57
167.4,0.57
168.5,0.57
169.6,0.57
170.7,0.57
171.8,0.57
172.9,0.57
174.0,0.57
175.1,0.57
176.2,0.57
177.3,0.57
178.4,0.57
179.5,0.57
180.6,0.57
181.7,0.57
182.8,0.57
183.9,0.57
185.0,0.57
186.1,0.57
187.2,0.57
188.2,0.63
189.3,0.57
190.4,0.57
191.4,0.63
192.5,0.57
193.6,0.57
194.7,0.57
195.8,0.57
196.9,0.57
197.9,0.63
199.0,0.57
200.1,0.57
201.2,0.57
202.2,0.63
203.3,0.57
204.4,0.57
205.5,0.57
206.6,0.57
207.6,0.63
208.7,0.57
209.8,0.57
210.8,0.63
211.9,0.57
213.0,0.57
214.0,0.63
215.0,0.63
216.1,0.57
217.1,0.63
218.2,0.57
219.2,0.63
220.3,0.57
221.4,0.57
222.4,0.63
223.5,0.57
224.6,0.57
225.7,0.57
226.7,0.63
227.8,0.57
228.8,0.63
229.9,0.57
230.9,0.63
232.0,0.57
233.0,0.63
234.1,0.57
235.2,0.57
236.2,0.63
237.3,0.57
238.3,0.63
239.4,0.57
240.4,0.63
241.4,0.63
242.5,0.57
243.5,0.63
244.6,0.57
245.6,0.63
246.7,0.57
247.7,0.63
248.8,0.57
249.8,0.63
250.9,0.57
251.9,0.63
252.9,0.63
253.9,0.63
254.9,0.63
256.0,0.57
257.0,0.63
258.0,0.63
259.0,0.63
260.0,0.63
261.0,0.63
262.1,0.57
263.1,0.63
264.1,0.63
265.1,0.63
266.2,0.57
267.2,0.63
268.2,0.63
269.2,0.63
270.3,0.57
271.3,0.63
272.3,0.63
273.4,0.57
274.4,0.63
275.4,0.63
276.5,0.57
277.5,0.63
278.5,0.63
279.5,0.63
280.6,0.57
281.6,0.63
282.6,0.63
283.6,0.63
284.7,0.57
285.7,0.63
286.8,0.57
287.8,0.63
288.9,0.57
289.9,0.63
290.9,0.63
292.0,0.57
293.0,0.63
294.0,0.63
295.1,0.57
296.1,0.63
297.2,0.57
298.2,0.63
299.3,0.57
300.3,0.63
301.4,0.57
302.4,0.63
303.4,0.63
304.5,0.57
305.5,0.63
306.6,0.57
307.6,0.63
308.7,0.57
309.7,0.63
310.8,0.57
311.9,0.57
312.9,0.63
314.0,0.57
315.0,0.63
316.1,0.57
317.1,0.63
318.2,0.57
319.2,0.63
320.3,0.57
321.4,0.57
322.4,0.63
323.4,0.63
324.5,0.57
325.5,0.63
326.5,0.63
327.6,0.57
328.6,0.63
329.7,0.57
330.7,0.63
331.8,0.57
332.9,0.57
333.9,0.63
335.0,0.57
336.0,0.63
337.1,0.57
338.1,0.63
339.1,0.63
340.2,0.57
341.2,0.63
342.3,0.57
343.4,0.57
344.4,0.63
345.5,0.57
346.6,0.57
347.6,0.63
348.7,0.57
349.8,0.57
350.8,0.63
351.9,0.57
353.0,0.57
354.0,0.63
355.1,0.57
356.2,0.57
357.2,0.63
358.3,0.57
359.4,0.57
360.5,0.57
361.5,0.63
362.6,0.57
363.7,0.57
364.8,0.57
365.9,0.57
366.9,0.63
368.0,0.57
369.1,0.57
370.2,0.57
371.3,0.57
372.3,0.63
373.4,0.57
374.5,0.57
375.6,0.57
376.7,0.57
377.7,0.63
378.8,0.57
379.9,0.57
380.9,0.63
382.0,0.57
383.1,0.57
384.1,0.63
385.2,0.57
386.3,0.57
387.4,0.57
388.5,0.57
389.6,0.57
390.7,0.57
391.7,0.63
392.8,0.57
393.9,0.57
395.0,0.57
396.0,0.63
397.1,0.57
398.2,0.57
399.3,0.57
400.4,0.57
401.4,0.63
402.5,0.57
403.6,0.57
404.7,0.57
405.8,0.57
406.8,0.63
407.9,0.57
409.0,0.57
410.0,0.63
411.1,0.57
412.2,0.57
413.2,0.63
414.3,0.57
415.4,0.57
416.5,0.57
417.6,0.57
418.6,0.63
419.7,0.57
420.8,0.57
421.9,0.57
422.9,0.63
424.0,0.57
425.1,0.57
426.1,0.63
427.2,0.57
428.3,0.57
429.3,0.63
430.4,0.57
431.5,0.57
432.5,0.63
433.6,0.57
434.7,0.57
435.8,0.57
436.9,0.57
437.9,0.63
439.0,0.57
440.1,0.57
441.2,0.57
442.3,0.57
443.4,0.57
444.4,0.63
445.5,0.57
446.6,0.57
447.7,0.57
448.8,0.57
449.8,0.63
450.9,0.57
452.0,0.57
453.1,0.57
454.2,0.57
455.3,0.57
456.4,0.57
457.5,0.57
458.6,0.57
459.7,0.57
460.9,0.52
462.0,0.57
463.1,0.57
464.2,0.57
465.3,0.57
466.4,0.57
467.5,0.57
468.7,0.52
469.8,0.57
470.9,0.57
472.1,0.52
473.3,0.52
474.5,0.52
475.8,0.48
477.0,0.52
478.2,0.52
479.4,0.52
480.6,0.52
481.7,0.57
482.9,0.52
484.1,0.52
485.2,0.57
486.3,0.57
487.5,0.52
488.6,0.57
489.7,0.57
490.8,0.57
491.9,0.57
492.9,0.63
494.0,0.57
495.1,0.57
496.1,0.63
497.2,0.57
498.3,0.57
499.4,0.57
500.4,0.63
501.5,0.57
502.6,0.57
503.7,0.57
504.8,0.57
505.9,0.57
506.9,0.63
508.0,0.57
509.1,0.57
510.2,0.57
511.3,0.57
512.3,0.63
513.4,0.57
514.4,0.63
515.5,0.57
516.5,0.63
517.6,0.57
518.6,0.63
519.7,0.57
520.7,0.63
521.8,0.57
522.9,0.57
523.9,0.63
525.0,0.57
526.1,0.57
527.2,0.57
528.3,0.57
529.4,0.57
530.5,0.57
531.6,0.57
532.7,0.57
533.8,0.57
534.9,0.57
536.0,0.57
537.1,0.57
538.2,0.57
539.3,0.57
540.5,0.52
541.6,0.57
542.7,0.57
543.8,0.57
544.9,0.57
546.0,0.57
547.1,0.57
548.2,0.57
549.3,0.57
550.4,0.57
551.5,0.57
552.6,0.57
553.7,0.57
554.8,0.57
555.9,0.57
557.0,0.57
558.1,0.57
559.2,0.57
560.4,0.52
561.5,0.57
562.6,0.57
563.7,0.57
564.9,0.52
566.0,0.57
567.1,0.57
568.2,0.57
569.3,0.57
570.4,0.57
571.5,0.57
572.7,0.52
573.8,0.57
574.9,0.57
576.0,0.57
577.1,0.57
578.3,0.52
579.4,0.57
580.5,0.57
581.6,0.57
582.8,0.52
583.9,0.57
585.0,0.57
586.1,0.57
587.3,0.52
588.4,0.57
589.5,0.57
590.7,0.52
591.8,0.57
593.0,0.52
594.1,0.57
595.2,0.57
596.4,0.52
597.5,0.57
598.7,0.52
599.9,0.52
601.0,0.57
602.2,0.52
603.3,0.57
604.5,0.52
605.7,0.52
606.8,0.57
608.0,0.52
609.2,0.52
610.3,0.57
611.5,0.52
612.7,0.52
613.8,0.57
615.0,0.52
616.2,0.52
617.3,0.57
618.5,0.52
619.7,0.52
620.8,0.57
622.0,0.52
623.2,0.52
624.3,0.57
625.5,0.52
626.6,0.57
627.8,0.52
628.9,0.57
630.0,0.57
631.2,0.52
632.3,0.57
633.4,0.57
634.6,0.52
635.7,0.57
636.9,0.52
638.0,0.57
639.2,0.52
640.3,0.57
641.5,0.52
642.7,0.52
643.8,0.57
645.0,0.52
646.2,0.52
647.4,0.52
648.5,0.57
649.7,0.52
650.9,0.52
652.0,0.57
653.2,0.52
654.4,0.52
655.6,0.52
656.7,0.57
657.9,0.52
659.0,0.57
660.2,0.52
661.3,0.57
662.5,0.52
663.6,0.57
664.8,0.52
666.0,0.52
667.1,0.57
668.3,0.52
669.4,0.57
670.6,0.52
671.8,0.52
673.0,0.52
674.2,0.52
675.4,0.52
676.6,0.52
677.8,0.52
678.9,0.57
680.1,0.52
681.3,0.52
682.5,0.52
683.6,0.57
684.8,0.52
686.0,0.52
687.2,0.52
688.4,0.52
689.6,0.52
690.8,0.52
692.0,0.52
693.2,0.52
694.3,0.57
695.5,0.52
696.7,0.52
697.8,0.57
699.0,0.52
700.1,0.57
701.3,0.52
702.5,0.52
703.6,0.57
704.8,0.52
706.0,0.52
707.2,0.52
708.4,0.52
709.5,0.57
710.7,0.52
711.9,0.52
713.1,0.52
714.3,0.52
715.4,0.57
716.6,0.52
717.8,0.52
719.0,0.52
720.2,0.52
721.4,0.52
722.6,0.52
723.8,0.52
725.0,0.52
726.2,0.52
727.4,0.52
728.6,0.52
729.9,0.48
731.1,0.52
732.3,0.52
733.5,0.52
734.7,0.52
735.9,0.52
737.2,0.48
738.4,0.52
739.6,0.52
740.8,0.52
742.0,0.52
743.2,0.52
744.5,0.48
745.7,0.52
746.9,0.52
748.1,0.52
749.3,0.52
750.5,0.52
751.7,0.52
752.9,0.52
754.1,0.52
755.3,0.52
756.5,0.52
757.7,0.52
759.0,0.48
760.2,0.52
761.4,0.52
762.6,0.52
763.8,0.52
765.1,0.48
766.3,0.52
767.5,0.52
768.8,0.48
770.0,0.52
771.3,0.48
772.5,0.52
773.7,0.52
775.0,0.48
776.2,0.52
777.4,0.52
778.6,0.52
779.9,0.48
781.1,0.52
782.3,0.52
783.6,0.48
784.8,0.52
786.0,0.52
787.2,0.52
788.4,0.52
789.6,0.52
790.8,0.52
792.0,0.52
793.2,0.52
794.4,0.52
795.6,0.52
796.9,0.48
798.1,0.52
799.4,0.48
800.6,0.52
801.8,0.52
803.1,0.48
804.3,0.52
805.5,0.52
806.8,0.48
808.0,0.52
809.2,0.52
810.5,0.48
811.7,0.52
812.9,0.52
814.2,0.48
815.4,0.52
816.6,0.52
817.9,0.48
819.1,0.52
820.3,0.52
821.5,0.52
822.8,0.48
824.0,0.52
825.3,0.48
826.5,0.52
827.8,0.48
829.0,0.52
830.3,0.48
831.6,0.48
832.8,0.52
834.1,0.48
835.3,0.52
836.6,0.48
837.9,0.48
839.1,0.52
840.4,0.48
841.6,0.52
842.9,0.48
844.2,0.48
845.5,0.48
846.8,0.48
848.1,0.48
849.4,0.48
850.6,0.52
851.9,0.48
853.1,0.52
854.4,0.48
855.6,0.52
856.8,0.52
858.0,0.52
859.2,0.52
860.4,0.52
861.6,0.52
862.8,0.52
863.9,0.57
865.1,0.52
866.3,0.52
867.5,0.52
868.7,0.52
869.9,0.52
871.0,0.57
872.2,0.52
873.4,0.52
874.5,0.57
875.7,0.52
876.9,0.52
878.1,0.52
879.3,0.52
880.5,0.52
881.6,0.57
882.8,0.52
884.0,0.52
885.2,0.52
886.4,0.52
887.5,0.57
888.7,0.52
889.9,0.52
891.0,0.57
892.2,0.52
893.4,0.52
894.5,0.57
895.7,0.52
896.9,0.52
898.1,0.52
899.3,0.52
900.5,0.52
901.7,0.52
902.9,0.52
904.1,0.52
905.3,0.52
906.6,0.48
907.8,0.52
909.0,0.52
910.2,0.52
911.4,0.52
912.7,0.48
913.9,0.52
915.2,0.48
916.4,0.52
917.7,0.48
918.9,0.52
920.2,0.48
921.4,0.52
922.6,0.52
923.9,0.48
925.2,0.48
926.4,0.52
927.6,0.52
928.9,0.48
930.1,0.52
931.3,0.52
932.5,0.52
933.8,0.48
935.0,0.52
936.3,0.48
937.5,0.52
938.8,0.48
940.0,0.52
941.3,0.48
942.6,0.48
943.8,0.52
945.1,0.48
946.4,0.48
947.6,0.52
948.9,0.48
950.1,0.52
951.4,0.48
952.6,0.52
953.9,0.48
955.1,0.52
956.4,0.48
957.6,0.52
958.9,0.48
960.1,0.52
961.4,0.48
962.6,0.52
963.9,0.48
965.1,0.52
966.4,0.48
967.6,0.52
968.9,0.48
970.1,0.52
971.4,0.48
972.6,0.52
973.9,0.48
975.1,0.52
976.4,0.48
977.6,0.52
978.9,0.48
980.1,0.52
981.4,0.48
982.6,0.52
983.9,0.48
985.1,0.52
986.4,0.48
987.6,0.52
988.9,0.48
990.1,0.52
991.4,0.48
992.6,0.52
993.9,0.48
995.1,0.52
996.3,0.52
997.6,0.48
998.8,0.52
1000.1,0.48
1001.3,0.52
1002.6,0.48
1003.8,0.52
1005.0,0.52
1006.3,0.48
1007.5,0.52
1008.7,0.52
1010.0,0.48
1011.2,0.52
1012.5,0.48
1013.7,0.52
1015.0,0.48
1016.2,0.52
1017.5,0.48
1018.7,0.52
1019.9,0.52
1021.1,0.52
1022.4,0.48
1023.6,0.52
1024.8,0.52
1026.0,0.52
1027.3,0.48
1028.5,0.52
1029.8,0.48
1031.0,0.52
1032.2,0.52
1033.5,0.48
1034.7,0.52
1036.0,0.48
1037.2,0.52
1038.5,0.48
1039.7,0.52
1040.9,0.52
1042.2,0.48
1043.4,0.52
1044.7,0.48
1045.9,0.52
1047.1,0.52
1048.3,0.52
1049.6,0.48
1050.8,0.52
1052.0,0.52
1053.3,0.48
1054.5,0.52
1055.8,0.48
1057.0,0.52
1058.2,0.52
1059.4,0.52
1060.7,0.48
1061.9,0.52
1063.2,0.48
1064.4,0.52
1065.7,0.48
1067.0,0.48
1068.2,0.52
1069.5,0.48
1070.7,0.52
1072.0,0.48
1073.2,0.52
1074.5,0.48
1075.7,0.52
1077.0,0.48
1078.2,0.52
1079.4,0.52
1080.6,0.52
1081.9,0.48
1083.1,0.52
1084.3,0.52
1085.6,0.48
1086.8,0.52
1088.1,0.48
1089.3,0.52
1090.5,0.52
1091.8,0.48
1093.0,0.52
1094.2,0.52
1095.5,0.48
1096.7,0.52
1097.9,0.52
1099.2,0.48
1100.4,0.52
1101.7,0.48
1102.9,0.52
1104.2,0.48
1105.4,0.52
1106.7,0.48
1107.9,0.52
1109.2,0.48
1110.4,0.52
1111.7,0.48
1112.9,0.52
1114.2,0.48
1115.4,0.52
1116.6,0.52
1117.8,0.52
1119.0,0.52
1120.2,0.52
1121.5,0.48
1122.7,0.52
1123.9,0.52
1125.1,0.52
1126.4,0.48
1127.6,0.52
1128.8,0.52
1130.1,0.48
1131.3,0.52
1132.5,0.52
1133.7,0.52
1135.0,0.48
1136.2,0.52
1137.4,0.52
1138.6,0.52
1139.8,0.52
1141.0,0.52
1142.2,0.52
1143.4,0.52
1144.6,0.52
1145.8,0.52
1147.1,0.48
1148.3,0.52
1149.5,0.52
1150.8,0.48
1152.0,0.52
1153.3,0.48
1154.5,0.52
1155.8,0.48
1157.0,0.52
1158.3,0.48
1159.6,0.48
1160.8,0.52
1162.1,0.48
1163.4,0.48
1164.6,0.52
1165.9,0.48
1167.1,0.52
1168.4,0.48
1169.6,0.52
1170.9,0.48
1172.1,0.52
1173.3,0.52
1174.6,0.48
1175.8,0.52
1177.1,0.48
1178.3,0.52
1179.6,0.48
1180.9,0.48
1182.2,0.48
1183.4,0.52
1184.7,0.48
1186.0,0.48
1187.4,0.45
1188.7,0.48
1189.9,0.52
1191.2,0.48
1192.4,0.52
1193.7,0.48
1195.0,0.48
1196.2,0.52
1197.5,0.48
1198.7,0.52
1200.0,0.48
1201.2,0.52
1202.4,0.52
1203.6,0.52
1204.8,0.52
1206.1,0.48
1207.3,0.52
1208.5,0.52
1209.7,0.52
1211.0,0.48
1212.2,0.52
1213.5,0.48
1214.7,0.52
1216.0,0.48
1217.3,0.48
1218.6,0.48
1219.9,0.48
1221.2,0.48
1222.5,0.48
1223.7,0.52
1225.0,0.48
1226.2,0.52
1227.4,0.52
1228.6,0.52
1229.8,0.52
1231.1,0.48
1232.3,0.52
1233.5,0.52
1234.7,0.52
1235.9,0.52
1237.1,0.52
1238.3,0.52
1239.6,0.48
1240.8,0.52
1242.0,0.52
1243.3,0.48
1244.6,0.48
1245.8,0.52
1247.1,0.48
1248.3,0.52
1249.6,0.48
1250.9,0.48
1252.2,0.48
1253.5,0.48
1254.8,0.48
1256.0,0.52
1257.3,0.48
1258.6,0.48
1259.8,0.52
1261.1,0.48
1262.3,0.52
1263.6,0.48
1264.8,0.52
1266.0,0.52
1267.3,0.48
1268.5,0.52
1269.7,0.52
1270.9,0.52
1272.2,0.48
1273.4,0.52
1274.7,0.48
1276.0,0.48
1277.3,0.48
1278.6,0.48
1279.9,0.48
1281.2,0.48
1282.5,0.48
1283.8,0.48
1285.1,0.48
1286.4,0.48
1287.7,0.48
1289.0,0.48
1290.2,0.52
1291.5,0.48
1292.8,0.48
1294.1,0.48
1295.4,0.48
1296.8,0.45
1298.1,0.48
1299.4,0.48
1300.7,0.48
1302.0,0.48
1303.3,0.48
1304.6,0.48
1305.8,0.52
1307.1,0.48
1308.3,0.52
1309.6,0.48
1310.9,0.48
1312.3,0.45
1313.6,0.48
1314.9,0.48
1316.3,0.45
1317.6,0.48
1318.9,0.48
1320.2,0.48
1321.6,0.45
1322.9,0.48
1324.2,0.48
1325.6,0.45
1326.9,0.48
1328.2,0.48
1329.5,0.48
1330.9,0.45
1332.2,0.48
1333.4,0.52
1334.7,0.48
1336.0,0.48
1337.3,0.48
1338.7,0.45
1340.0,0.48
1341.3,0.48
1342.6,0.48
1343.9,0.48
1345.2,0.48
1346.5,0.48
1347.8,0.48
1349.1,0.48
1350.5,0.45
1351.8,0.48
1353.1,0.48
1354.4,0.48
1355.8,0.45
1357.1,0.48
1358.5,0.45
1359.8,0.48
1361.1,0.48
1362.5,0.45
1363.8,0.48
1365.1,0.48
1366.4,0.48
1367.8,0.45
1369.1,0.48
1370.4,0.48
1371.7,0.48
1373.0,0.48
1374.3,0.48
1375.6,0.48
1376.9,0.48
1378.3,0.45
1379.6,0.48
1381.0,0.45
1382.3,0.48
1383.6,0.48
1385.0,0.45
1386.3,0.48
1387.7,0.45
1389.0,0.48
1390.4,0.45
1391.7,0.48
1393.0,0.48
1394.4,0.45
1395.7,0.48
1397.0,0.48
1398.3,0.48
1399.7,0.45
1401.0,0.48
1402.3,0.48
1403.7,0.45
1405.0,0.48
1406.4,0.45
1407.8,0.45
1409.1,0.48
1410.5,0.45
1411.8,0.48
1413.1,0.48
1414.5,0.45
1415.8,0.48
1417.2,0.45
1418.6,0.45
1419.9,0.48
1421.3,0.45
1422.6,0.48
1424.0,0.45
1425.3,0.48
1426.6,0.48
1428.0,0.45
1429.3,0.48
1430.7,0.45
1432.0,0.48
1433.4,0.45
1434.8,0.45
1436.2,0.45
1437.5,0.48
1438.9,0.45
1440.2,0.48
1441.6,0.45
1443.0,0.45
1444.4,0.45
1445.7,0.48
1447.1,0.45
1448.4,0.48
1449.8,0.45
1451.2,0.45
1452.5,0.48
1453.9,0.45
1455.2,0.48
1456.6,0.45
1458.0,0.45
1459.3,0.48
1460.7,0.45
1462.1,0.45
1463.4,0.48
1464.8,0.45
1466.2,0.45
1467.6,0.45
1469.0,0.45
1470.4,0.45
1471.8,0.45
1473.2,0.45
1474.6,0.45
1476.0,0.45
1477.4,0.45
1478.8,0.45
1480.2,0.45
1481.5,0.48
1482.9,0.45
1484.3,0.45
1485.6,0.48
1487.0,0.45
1488.3,0.48
1489.7,0.45
1491.0,0.48
1492.4,0.45
1493.7,0.48
1495.0,0.48
1496.3,0.48
1497.7,0.45
1499.0,0.48
1500.3,0.48
1501.6,0.48
1502.9,0.48
1504.2,0.48
1505.5,0.48
1506.8,0.48
1508.1,0.48
1509.4,0.48
1510.8,0.45
1512.1,0.48
1513.4,0.48
1514.8,0.45
1516.1,0.48
1517.4,0.48
1518.7,0.48
1520.0,0.48
1521.3,0.48
1522.6,0.48
1523.9,0.48
1525.2,0.48
1526.5,0.48
1527.8,0.48
1529.1,0.48
1530.4,0.48
1531.7,0.48
1533.1,0.45
1534.4,0.48
1535.7,0.48
1537.0,0.48
1538.3,0.48
1539.6,0.48
1540.9,0.48
1542.2,0.48
1543.4,0.52
1544.7,0.48
1546.0,0.48
1547.2,0.52
1548.5,0.48
1549.8,0.48
1551.2,0.45
1552.5,0.48
1553.8,0.48
1555.1,0.48
1556.5,0.45
1557.8,0.48
1559.1,0.48
1560.4,0.48
1561.8,0.45
1563.1,0.48
1564.4,0.48
1565.8,0.45
1567.1,0.48
1568.5,0.45
1569.8,0.48
1571.2,0.45
1572.7,0.42
1574.2,0.42
1575.6,0.45
1577.0,0.45
1578.5,0.42
1579.9,0.45
1581.3,0.45
1582.8,0.42
1584.1,0.48
1585.5,0.45
1586.8,0.48
1588.1,0.48
1589.5,0.45
1590.8,0.48
1592.1,0.48
1593.5,0.45
1594.8,0.48
1596.1,0.48
1597.4,0.48
1598.7,0.48
1600.0,0.48
1601.3,0.48
1602.6,0.48
1603.9,0.48
1605.2,0.48
1606.5,0.48
1607.8,0.48
1609.0,0.52
1610.3,0.48
1611.6,0.48
1612.9,0.48
1614.2,0.48
1615.5,0.48
1616.8,0.48
1618.2,0.45
1619.5,0.48
1620.8,0.48
1622.1,0.48
1623.5,0.45
1624.8,0.48
1626.2,0.45
1627.5,0.48
1628.8,0.48
1630.1,0.48
1631.4,0.48
1632.8,0.45
1634.1,0.48
1635.5,0.45
1636.8,0.48
1638.1,0.48
1639.4,0.48
1640.7,0.48
1642.0,0.48
1643.3,0.48
1644.6,0.48
1645.9,0.48
1647.3,0.45
1648.6,0.48
1650.0,0.45
1651.3,0.48
1652.7,0.45
1654.1,0.45
1655.5,0.45
1656.9,0.45
1658.3,0.45
1659.7,0.45
1661.1,0.45
1662.6,0.42
1664.0,0.45
1665.5,0.42
1667.0,0.42
1668.6,0.39
1670.1,0.42
1671.6,0.42
1673.0,0.45
1674.5,0.42
1676.0,0.42
1677.5,0.42
1679.0,0.42
1680.5,0.42
1681.9,0.45
1683.4,0.42
1684.8,0.45
1686.3,0.42
1687.8,0.42
1689.2,0.45
1690.7,0.42
1692.2,0.42
1693.7,0.42
1695.2,0.42
1696.7,0.42
1698.2,0.42
1699.7,0.42
1701.2,0.42
1702.7,0.42
1704.2,0.42
1705.6,0.45
1707.1,0.42
1708.5,0.45
1710.0,0.42
1711.4,0.45
1712.8,0.45
1714.3,0.42
1715.7,0.45
1717.2,0.42
1718.6,0.45
1720.0,0.45
1721.5,0.42
1723.0,0.42
1724.4,0.45
1725.8,0.45
1727.2,0.45
1728.6,0.45
1730.0,0.45
1731.4,0.45
1732.8,0.45
1734.3,0.42
1735.7,0.45
1737.1,0.45
1738.6,0.42
1740.1,0.42
1741.6,0.42
1743.1,0.42
1744.6,0.42
1746.0,0.45
1747.5,0.42
1749.0,0.42
1750.5,0.42
1752.0,0.42
1753.4,0.45
1754.9,0.42
1756.4,0.42
1757.8,0.45
1759.3,0.42
1760.8,0.42
1762.2,0.45
1763.7,0.42
1765.2,0.42
1766.6,0.45
1768.1,0.42
1769.6,0.42
1771.0,0.45
1772.5,0.42
1774.0,0.42
1775.4,0.45
1776.9,0.42
1778.3,0.45
1779.8,0.42
1781.2,0.45
1782.7,0.42
1784.2,0.42
1785.7,0.42
1787.1,0.45
1788.6,0.42
1790.0,0.45
1791.5,0.42
1792.9,0.45
1794.3,0.45
1795.8,0.42
1797.3,0.42
1798.8,0.42
1800.2,0.45
1801.7,0.42
1803.2,0.42
1804.6,0.45
1806.1,0.42
1807.5,0.45
1809.0,0.42
1810.4,0.45
1811.9,0.42
1813.3,0.45
1814.7,0.45
1816.1,0.45
1817.5,0.45
1818.9,0.45
1820.2,0.48
1821.6,0.45
1823.0,0.45
1824.5,0.42
1825.9,0.45
1827.3,0.45
1828.8,0.42
1830.2,0.45
1831.7,0.42
1833.1,0.45
1834.6,0.42
1836.0,0.45
1837.5,0.42
1838.9,0.45
1840.4,0.42
1841.8,0.45
1843.3,0.42
1844.8,0.42
1846.2,0.45
1847.7,0.42
1849.1,0.45
1850.5,0.45
1852.0,0.42
1853.4,0.45
1854.9,0.42
1856.3,0.45
1857.8,0.42
1859.2,0.45
1860.6,0.45
1862.0,0.45
1863.4,0.45
1864.9,0.42
1866.3,0.45
1867.7,0.45
1869.2,0.42
1870.7,0.42
1872.1,0.45
1873.6,0.42
1875.1,0.42
1876.6,0.42
1878.1,0.42
1879.6,0.42
1881.2,0.39
1882.7,0.42
1884.2,0.42
1885.7,0.42
1887.2,0.42
1888.7,0.42
1890.2,0.42
1891.8,0.39
1893.3,0.42
1894.8,0.42
1896.4,0.39
1898.0,0.39
1899.8,0.35
1901.5,0.37
1903.1,0.39
1904.6,0.42
1906.1,0.42
1907.5,0.45
1908.9,0.45
1910.3,0.45
1911.7,0.45
1913.1,0.45
1914.5,0.45
1915.9,0.45
1917.3,0.45
1918.7,0.45
1920.1,0.45
1921.6,0.42
1923.1,0.42
1924.7,0.39
1926.2,0.42
1927.8,0.39
1929.3,0.42
1930.8,0.42
1932.3,0.42
1933.9,0.39
1935.4,0.42
1936.9,0.42
1938.4,0.42
1940.0,0.39
1941.4,0.45
1942.9,0.42
1944.4,0.42
1945.9,0.42
1947.4,0.42
1948.9,0.42
1950.4,0.42
1951.9,0.42
1953.4,0.42
1954.9,0.42
1956.4,0.42
1957.9,0.42
1959.4,0.42
1960.9,0.42
1962.4,0.42
1963.9,0.42
1965.4,0.42
1967.0,0.39
1968.5,0.42
1970.0,0.42
1971.4,0.45
1972.9,0.42
1974.4,0.42
1975.8,0.45
1977.3,0.42
1978.7,0.45
1980.1,0.45
1981.6,0.42
1983.0,0.45
1984.5,0.42
1985.9,0.45
1987.3,0.45
1988.8,0.42
1990.2,0.45
1991.7,0.42
1993.1,0.45
1994.5,0.45
1996.0,0.42
1997.5,0.42
1998.9,0.45
2000.3,0.45
2001.8,0.42
2003.3,0.42
2004.7,0.45
2006.2,0.42
2007.6,0.45
2009.1,0.42
2010.5,0.45
2012.0,0.42
2013.4,0.45
2014.9,0.42
2016.4,0.42
2017.8,0.45
2019.3,0.42
2020.8,0.42
2022.2,0.45
2023.7,0.42
2025.2,0.42
2026.7,0.42
2028.2,0.42
2029.6,0.45
2031.1,0.42
2032.6,0.42
2034.1,0.42
2035.6,0.42
2037.1,0.42
2038.6,0.42
2040.1,0.42
2041.5,0.45
2043.0,0.42
2044.5,0.42
2046.0,0.42
2047.5,0.42
2049.0,0.42
2050.5,0.42
2052.1,0.39
2053.7,0.39
2055.2,0.42
2056.8,0.39
2058.4,0.39
2059.9,0.42
2061.5,0.39
2063.1,0.39
2064.7,0.39
2066.3,0.39
2067.8,0.42
2069.4,0.39
2070.9,0.42
2072.4,0.42
2073.9,0.42
2075.4,0.42
2076.9,0.42
2078.4,0.42
2080.0,0.39
2081.5,0.42
2083.1,0.39
2084.6,0.42
2086.1,0.42
2087.5,0.45
2089.0,0.42
2090.4,0.45
2091.9,0.42
2093.3,0.45
2094.8,0.42
2096.3,0.42
2097.8,0.42
2099.3,0.42
2100.9,0.39
2102.4,0.42
2104.0,0.39
2105.5,0.42
2107.1,0.39
2108.6,0.42
2110.1,0.42
2111.6,0.42
2113.2,0.39
2114.7,0.42
2116.2,0.42
2117.7,0.42
2119.2,0.42
2120.7,0.42
2122.3,0.39
2123.8,0.42
2125.4,0.39
2126.9,0.42
2128.4,0.42
2129.9,0.42
2131.4,0.42
2133.0,0.39
2134.5,0.42
2136.1,0.39
2137.7,0.39
2139.2,0.42
2140.8,0.39
2142.3,0.42
2143.9,0.39
2145.5,0.39
2147.0,0.42
2148.5,0.42
2150.0,0.42
2151.6,0.39
2153.1,0.42
2154.6,0.42
2156.1,0.42
2157.7,0.39
2159.3,0.39
2160.9,0.39
2162.5,0.39
2164.2,0.37
2165.8,0.39
2167.4,0.39
2169.1,0.37
2170.7,0.39
2172.4,0.37
2174.0,0.39
2175.7,0.37
2177.3,0.39
2178.8,0.42
2180.4,0.39
2182.0,0.39
2183.5,0.42
2185.1,0.39
2186.6,0.42
2188.2,0.39
2189.8,0.39
2191.3,0.42
2192.9,0.39
2194.6,0.37
2196.2,0.39
2197.8,0.39
2199.4,0.39
2200.9,0.42
2202.5,0.39
2204.1,0.39
2205.6,0.42
2207.2,0.39
2208.7,0.42
2210.3,0.39
2211.8,0.42
2213.4,0.39
2215.0,0.39
2216.5,0.42
2218.1,0.39
2219.6,0.42
2221.1,0.42
2222.6,0.42
2224.1,0.42
2225.6,0.42
2227.1,0.42
2228.6,0.42
2230.1,0.42
2231.6,0.42
2233.1,0.42
2234.7,0.39
2236.3,0.39
2237.9,0.39
2239.5,0.39
2241.0,0.42
2242.6,0.39
2244.1,0.42
2245.6,0.42
2247.2,0.39
2248.6,0.45
2250.1,0.42
2251.6,0.42
2253.0,0.45
2254.5,0.42
2256.0,0.42
2257.6,0.39
2259.1,0.42
2260.7,0.39
2262.2,0.42
2263.8,0.39
2265.3,0.42
2266.8,0.42
2268.4,0.39
2270.0,0.39
2271.5,0.42
2273.1,0.39
2274.7,0.39
2276.2,0.42
2277.8,0.39
2279.3,0.42
2280.9,0.39
2282.6,0.37
2284.2,0.39
2285.8,0.39
2287.3,0.42
2288.8,0.42
2290.2,0.45
2291.7,0.42
2293.2,0.42
2294.7,0.42
2296.2,0.42
2297.8,0.39
2299.3,0.42
2300.8,0.42
2302.4,0.39
2303.9,0.42
2305.4,0.42
2306.9,0.42
2308.4,0.42
2309.9,0.42
2311.3,0.45
2312.8,0.42
2314.3,0.42
2315.7,0.45
2317.2,0.42
2318.7,0.42
2320.1,0.45
2321.5,0.45
2323.0,0.42
2324.4,0.45
2325.9,0.42
2327.3,0.45
2328.8,0.42
2330.2,0.45
2331.7,0.42
2333.2,0.42
2334.7,0.42
2336.2,0.42
2337.7,0.42
2339.2,0.42
2340.8,0.39
2342.3,0.42
2343.9,0.39
2345.5,0.39
2347.1,0.39
2348.7,0.39
2350.3,0.39
2351.9,0.39
2353.5,0.39
2355.1,0.39
2356.6,0.42
2358.2,0.39
2359.7,0.42
2361.2,0.42
2362.8,0.39
2364.3,0.42
2365.9,0.39
2367.4,0.42
2369.0,0.39
2370.6,0.39
2372.1,0.42
2373.7,0.39
2375.3,0.39
2376.9,0.39
2378.5,0.39
2380.2,0.37
2381.8,0.39
2383.4,0.39
2385.1,0.37
2386.6,0.42
2388.2,0.39
2389.8,0.39
2391.3,0.42
2392.9,0.39
2394.4,0.42
2396.0,0.39
2397.6,0.39
2399.2,0.39
2400.8,0.39
2402.3,0.42
2403.9,0.39
2405.5,0.39
2407.0,0.42
2408.6,0.39
2410.2,0.39
2411.7,0.42
2413.3,0.39
2415.0,0.37
2416.6,0.39
2418.2,0.39
2419.8,0.39
2421.4,0.39
2423.0,0.39
2424.6,0.39
2426.1,0.42
2427.7,0.39
2429.2,0.42
2430.8,0.39
2432.3,0.42
2433.9,0.39
2435.4,0.42
2437.0,0.39
2438.5,0.42
2440.1,0.39
2441.6,0.42
2443.1,0.42
2444.6,0.42
2446.1,0.42
2447.6,0.42
2449.2,0.39
2450.7,0.42
2452.2,0.42
2453.8,0.39
2455.4,0.39
2457.0,0.39
2458.6,0.39
2460.2,0.39
2461.8,0.39
2463.4,0.39
2465.1,0.37
2466.7,0.39
2468.2,0.42
2469.8,0.39
2471.4,0.39
2473.0,0.39
2474.6,0.39
2476.1,0.42
2477.7,0.39
2479.3,0.39
2480.9,0.39
2482.5,0.39
2484.1,0.39
2485.7,0.39
2487.3,0.39
2488.9,0.39
2490.6,0.37
2492.2,0.39
2493.9,0.37
2495.5,0.39
2497.2,0.37
2498.8,0.39
2500.4,0.39
2501.9,0.42
2503.5,0.39
2505.1,0.39
2506.6,0.42
2508.1,0.42
2509.7,0.39
2511.2,0.42
2512.8,0.39
2514.3,0.42
2515.8,0.42
2517.2,0.45
2518.7,0.42
2520.2,0.42
2521.6,0.45
2523.1,0.42
2524.6,0.42
2526.1,0.42
2527.6,0.42
2529.1,0.42
2530.7,0.39
2532.2,0.42
2533.8,0.39
2535.4,0.39
2537.0,0.39
2538.6,0.39
2540.1,0.42
2541.7,0.39
2543.3,0.39
2544.8,0.42
2546.3,0.42
2547.9,0.39
2549.4,0.42
2551.0,0.39
2552.5,0.42
2554.1,0.39
2555.7,0.39
2557.3,0.39
2558.9,0.39
2560.6,0.37
2562.3,0.37
2564.0,0.37
2565.7,0.37
2567.4,0.37
2569.1,0.37
2570.8,0.37
2572.5,0.37
2574.3,0.35
2576.0,0.37
2577.7,0.37
2579.4,0.37
2581.1,0.37
2582.8,0.37
2584.5,0.37
2586.2,0.37
2587.8,0.39
2589.4,0.39
2591.1,0.37
2592.7,0.39
2594.3,0.39
2595.9,0.39
2597.5,0.39
2599.2,0.37
2600.8,0.39
2602.4,0.39
2604.0,0.39
2605.7,0.37
2607.3,0.39
2609.0,0.37
2610.7,0.37
2612.4,0.37
2614.1,0.37
2615.8,0.37
2617.5,0.37
2619.1,0.39
2620.8,0.37
2622.5,0.37
2624.1,0.39
2625.8,0.37
2627.4,0.39
2629.1,0.37
2630.8,0.37
2632.4,0.39
2634.0,0.39
2635.6,0.39
2637.3,0.37
2638.9,0.39
2640.6,0.37
2642.3,0.37
2644.0,0.37
2645.6,0.39
2647.3,0.37
2648.9,0.39
2650.5,0.39
2652.2,0.37
2653.8,0.39
2655.3,0.42
2656.9,0.39
2658.5,0.39
2660.1,0.39
2661.6,0.42
2663.2,0.39
2664.8,0.39
2666.3,0.42
2667.9,0.39
2669.4,0.42
2671.0,0.39
2672.6,0.39
2674.2,0.39
2675.8,0.39
2677.5,0.37
2679.1,0.39
2680.8,0.37
2682.4,0.39
2684.0,0.39
2685.6,0.39
2687.1,0.42
2688.7,0.39
2690.2,0.42
2691.7,0.42
2693.2,0.42
2694.7,0.42
2696.3,0.39
2697.8,0.42
2699.3,0.42
2700.9,0.39
2702.4,0.42
2703.9,0.42
2705.4,0.42
2706.9,0.42
2708.4,0.42
2710.0,0.39
2711.5,0.42
2713.1,0.39
2714.6,0.42
2716.2,0.39
2717.7,0.42
2719.3,0.39
2720.9,0.39
2722.4,0.42
2724.0,0.39
2725.6,0.39
2727.3,0.37
2728.9,0.39
2730.3,0.45
2731.8,0.42
2733.2,0.45
2734.6,0.45
2736.0,0.45
2737.4,0.45
2738.8,0.45
2740.3,0.42
2741.8,0.42
2743.2,0.45
2744.7,0.42
2746.1,0.45
2747.6,0.42
2748.9,0.48
2750.3,0.45
2751.7,0.45
2753.1,0.45
2754.6,0.42
2755.9,0.48
2757.3,0.45
2758.7,0.45
2760.1,0.45
2761.4,0.48
2762.8,0.45
2764.2,0.45
2765.5,0.48
2766.9,0.45
2768.2,0.48
2769.6,0.45
2771.0,0.45
2772.4,0.45
2773.8,0.45
2775.2,0.45
2776.7,0.42
2778.1,0.45
2779.6,0.42
2781.0,0.45
2782.5,0.42
2784.0,0.42
2785.4,0.45
2786.9,0.42
2788.3,0.45
2789.8,0.42
2791.2,0.45
2792.7,0.42
2794.1,0.45
2795.6,0.42
2797.0,0.45
2798.4,0.45
2799.9,0.42
2801.3,0.45
2802.8,0.42
2804.2,0.45
2805.6,0.45
2807.0,0.45
2808.4,0.45
2809.8,0.45
2811.2,0.45
2812.6,0.45
2814.0,0.45
2815.4,0.45
2816.8,0.45
2818.2,0.45
2819.6,0.45
2821.0,0.45
2822.4,0.45
2823.9,0.42
2825.3,0.45
2826.8,0.42
2828.3,0.42
2829.8,0.42
2831.2,0.45
2832.7,0.42
2834.2,0.42
2835.8,0.39
2837.3,0.42
2838.8,0.42
2840.4,0.39
2841.9,0.42
2843.5,0.39
2845.0,0.42
2846.5,0.42
2848.1,0.39
2849.6,0.42
2851.1,0.42
2852.6,0.42
2854.1,0.42
2855.5,0.45
2857.0,0.42
2858.5,0.42
2859.9,0.45
2861.3,0.45
2862.8,0.42
2864.2,0.45
2865.7,0.42
2867.1,0.45
2868.6,0.42
2870.1,0.42
2871.6,0.42
2873.1,0.42
2874.6,0.42
2876.1,0.42
2877.7,0.39
2879.3,0.39
2880.8,0.42
2882.3,0.42
2883.8,0.42
2885.3,0.42
2886.8,0.42
2888.4,0.39
2889.9,0.42
2891.4,0.42
2892.9,0.42
2894.4,0.42
2895.9,0.42
2897.4,0.42
2898.9,0.42
2900.4,0.42
2902.0,0.39
2903.5,0.42
2905.0,0.42
2906.5,0.42
2908.0,0.42
2909.5,0.42
2911.0,0.42
2912.6,0.39
2914.1,0.42
2915.7,0.39
2917.2,0.42
2918.8,0.39
2920.4,0.39
2921.9,0.42
2923.5,0.39
2925.1,0.39
2926.7,0.39
2928.3,0.39
2929.9,0.39
2931.5,0.39
2933.1,0.39
2934.6,0.42
2936.2,0.39
2937.7,0.42
2939.3,0.39
2940.8,0.42
2942.3,0.42
2943.8,0.42
2945.3,0.42
2946.9,0.39
2948.4,0.42
2950.0,0.39
2951.6,0.39
2953.2,0.39
2954.8,0.39
2956.4,0.39
2958.0,0.39
2959.6,0.39
2961.2,0.39
2962.8,0.39
2964.4,0.39
2966.0,0.39
2967.7,0.37
2969.3,0.39
2970.9,0.39
2972.6,0.37
2974.2,0.39
2975.8,0.39
2977.4,0.39
2979.0,0.39
2980.7,0.37
2982.2,0.42
2983.8,0.39
2985.3,0.42
2986.9,0.39
2988.4,0.42
2989.9,0.42
2991.5,0.39
2993.0,0.42
2994.6,0.39
2996.2,0.39
2997.8,0.39
2999.4,0.39
3001.1,0.37
3002.7,0.39
3004.3,0.39
3005.9,0.39
3007.5,0.39
3009.1,0.39
3010.7,0.39
3012.3,0.39
3013.8,0.42
3015.5,0.37
3017.1,0.39
3018.7,0.39
3020.4,0.37
3022.1,0.37
3023.8,0.37
3025.4,0.39
3027.0,0.39
3028.7,0.37
3030.3,0.39
3032.0,0.37
3033.6,0.39
3035.3,0.37
3036.9,0.39
3038.6,0.37
3040.3,0.37
3042.0,0.37
3043.7,0.37
3045.3,0.39
3046.9,0.39
3048.5,0.39
3050.1,0.39
3051.7,0.39
3053.3,0.39
3054.9,0.39
3056.5,0.39
3058.1,0.39
3059.8,0.37
3061.4,0.39
3063.1,0.37
3064.9,0.35
3066.6,0.37
3068.3,0.37
3070.0,0.37
3071.7,0.37
3073.3,0.39
3074.9,0.39
3076.5,0.39
3078.0,0.42
3079.5,0.42
3081.0,0.42
3082.5,0.42
3084.0,0.42
3085.5,0.42
3086.9,0.45
3088.4,0.42
3089.9,0.42
3091.5,0.39
3093.1,0.39
3094.6,0.42
3096.2,0.39
3097.8,0.39
3099.4,0.39
3101.0,0.39
3102.6,0.39
3104.1,0.42
3105.7,0.39
3107.2,0.42
3108.8,0.39
3110.3,0.42
3111.9,0.39
3113.4,0.42
3115.0,0.39
3116.6,0.39
3118.1,0.42
3119.6,0.42
3121.1,0.42
3122.6,0.42
3124.0,0.45
3125.5,0.42
3127.0,0.42
3128.4,0.45
3129.9,0.42
3131.3,0.45
3132.7,0.45
3134.2,0.42
3135.6,0.45
3137.1,0.42
3138.6,0.42
3140.1,0.42
3141.6,0.42
3143.1,0.42
3144.7,0.39
3146.2,0.42
3147.8,0.39
3149.4,0.39
3151.0,0.39
3152.6,0.39
3154.2,0.39
3155.8,0.39
3157.4,0.39
3159.0,0.39
3160.6,0.39
3162.2,0.39
3163.8,0.39
3165.3,0.42
3166.9,0.39
3168.5,0.39
3170.1,0.39
3171.7,0.39
3173.2,0.42
3174.8,0.39
3176.3,0.42
3177.9,0.39
3179.4,0.42
3181.0,0.39
3182.5,0.42
3184.1,0.39
3185.6,0.42
3187.2,0.39
3188.8,0.39
3190.3,0.42
3191.9,0.39
3193.5,0.39
3195.2,0.37
3196.8,0.39
3198.4,0.39
3200.1,0.37
3201.7,0.39
3203.2,0.42
3204.8,0.39
3206.3,0.42
3207.8,0.42
3209.4,0.39
3210.9,0.42
3212.3,0.45
3213.8,0.42
3215.3,0.42
3216.9,0.39
3218.4,0.42
3219.9,0.42
3221.5,0.39
3223.0,0.42
3224.5,0.42
3226.0,0.42
3227.5,0.42
3229.0,0.42
3230.5,0.42
3232.1,0.39
3233.6,0.42
3235.1,0.42
3236.5,0.45
3238.0,0.42
3239.5,0.42
3241.0,0.42
3242.5,0.42
3244.1,0.39
3245.6,0.42
3247.1,0.42
3248.6,0.42
3250.1,0.42
3251.6,0.42
3253.2,0.39
3254.7,0.42
3256.3,0.39
3257.8,0.42
3259.3,0.42
3260.9,0.39
3262.4,0.42
3264.0,0.39
3265.5,0.42
3267.1,0.39
3268.7,0.39
3270.2,0.42
3271.8,0.39
3273.4,0.39
3275.0,0.39
3276.6,0.39
3278.2,0.39
3279.9,0.37
3281.5,0.39
3283.2,0.37
3284.8,0.39
3286.4,0.39
3288.0,0.39
3289.5,0.42
3291.1,0.39
3292.6,0.42
3294.1,0.42
3295.7,0.39
3297.2,0.42
3298.9,0.37
3300.5,0.39
3302.1,0.39
3303.7,0.39
3305.3,0.39
3306.9,0.39
3308.4,0.42
3310.0,0.39
3311.6,0.39
3313.2,0.39
3314.8,0.39
3316.4,0.39
3318.0,0.39
3319.6,0.39
3321.2,0.39
3322.8,0.39
3324.3,0.42
3325.9,0.39
3327.5,0.39
3329.0,0.42
3330.6,0.39
3332.2,0.39
3333.8,0.39
3335.3,0.42
3336.9,0.39
3338.4,0.42
3340.0,0.39
3341.5,0.42
3343.0,0.42
3344.5,0.42
3346.0,0.42
3347.6,0.39
3349.1,0.42
3350.6,0.42
3352.2,0.39
3353.7,0.42
3355.3,0.39
3356.9,0.39
3358.4,0.42
3360.0,0.39
3361.6,0.39
3363.2,0.39
3364.8,0.39
3366.4,0.39
3368.0,0.39
3369.7,0.37
3371.3,0.39
3372.9,0.39
3374.6,0.37
3376.2,0.39
3377.8,0.39
3379.4,0.39
3381.0,0.39
3382.6,0.39
3384.2,0.39
3385.8,0.39
3387.4,0.39
3389.1,0.37
3390.7,0.39
3392.3,0.39
3393.9,0.39
3395.5,0.39
3397.3,0.35
3399.1,0.35
3400.8,0.37
3402.5,0.37
3404.2,0.37
3405.9,0.37
3407.5,0.39
3409.1,0.39
3410.7,0.39
3412.3,0.39
3413.9,0.39
3415.5,0.39
3417.1,0.39
3418.7,0.39
3420.3,0.39
3421.9,0.39
3423.5,0.39
3425.1,0.39
3426.7,0.39
3428.2,0.42
3429.8,0.39
3431.4,0.39
3433.0,0.39
3434.6,0.39
3436.2,0.39
3437.8,0.39
3439.5,0.37
3441.1,0.39
3442.8,0.37
3444.4,0.39
3446.1,0.37
3447.7,0.39
3449.3,0.39
3451.0,0.37
3452.6,0.39
3454.2,0.39
3455.9,0.37
3457.5,0.39
3459.2,0.37
3460.9,0.37
3462.6,0.37
3464.3,0.37
3466.0,0.37
3467.8,0.35
3469.6,0.35
3471.5,0.33
3473.5,0.31
3475.6,0.30
3477.7,0.30
3479.8,0.30
3481.8,0.31
3483.9,0.30
3485.9,0.31
3487.9,0.31
3489.8,0.33
3491.6,0.35
3493.4,0.35
3495.1,0.37
3496.7,0.39
3498.3,0.39
3499.9,0.39
3501.4,0.42
3503.0,0.39
3504.5,0.42
3506.0,0.42
3507.5,0.42
3508.9,0.45
3510.4,0.42
3511.9,0.42
3513.4,0.42
3514.9,0.42
3516.3,0.45
3517.8,0.42
3519.3,0.42
3520.9,0.39
3522.4,0.42
3524.0,0.39
3525.6,0.39
3527.2,0.39
3528.8,0.39
3530.4,0.39
3531.9,0.42
3533.5,0.39
3535.0,0.42
3536.6,0.39
3538.1,0.42
3539.6,0.42
3541.1,0.42
3542.7,0.39
3544.2,0.42
3545.7,0.42
3547.2,0.42
3548.7,0.42
3550.3,0.39
3551.8,0.42
3553.3,0.42
3554.8,0.42
3556.2,0.45
3557.7,0.42
3559.2,0.42
3560.7,0.42
3562.2,0.42
3563.7,0.42
3565.2,0.42
3566.6,0.45
3568.1,0.42
3569.6,0.42
3571.1,0.42
3572.6,0.42
3574.1,0.42
3575.6,0.42
3577.2,0.39
3578.7,0.42
3580.2,0.42
3581.8,0.39
3583.3,0.42
3584.9,0.39
3586.5,0.39
3588.2,0.37
3589.8,0.39
3591.4,0.39
3593.0,0.39
3594.6,0.39
3596.2,0.39
3597.8,0.39
0.0,0.00
