10037.4,0.30
10039.4,0.31
10041.3,0.33
10043.1,0.35
10044.8,0.37
10046.5,0.37
10048.2,0.37
10049.8,0.39
10051.5,0.37
10053.1,0.39
10054.7,0.39
10056.3,0.39
10057.9,0.39
10059.5,0.39
10061.1,0.39
10062.8,0.37
10064.4,0.39
10066.0,0.39
10067.7,0.37
10069.3,0.39
10071.0,0.37
10072.6,0.39
10074.2,0.39
10075.9,0.37
10077.5,0.39
10079.1,0.39
10080.8,0.37
10082.5,0.37
10084.2,0.37
10085.9,0.37
10087.6,0.37
10089.2,0.39
10090.9,0.37
10092.6,0.37
10094.3,0.37
10095.9,0.39
10097.5,0.39
10099.2,0.37
10100.8,0.39
10102.5,0.37
10104.2,0.37
10105.8,0.39
10107.5,0.37
10109.1,0.39
10110.8,0.37
10112.5,0.37
10114.2,0.37
10116.0,0.35
10117.8,0.35
10119.5,0.37
10121.2,0.37
10123.0,0.35
10124.8,0.35
10126.6,0.35
10128.4,0.35
10130.1,0.37
10131.8,0.37
10133.6,0.35
10135.3,0.37
10137.1,0.35
10138.9,0.35
10140.6,0.37
10142.4,0.35
10144.2,0.35
10146.0,0.35
10147.9,0.33
10149.7,0.35
10151.5,0.35
10153.4,0.33
10155.2,0.35
10157.0,0.35
10158.8,0.35
10160.6,0.35
10162.4,0.35
10164.3,0.33
10166.1,0.35
10168.0,0.33
10169.7,0.37
10171.5,0.35
10173.4,0.33
10175.1,0.37
10176.9,0.35
10178.6,0.37
10180.4,0.35
10182.2,0.35
10184.0,0.35
10185.9,0.33
10187.9,0.31
10189.8,0.33
10191.8,0.31
10193.7,0.33
10195.6,0.33
10197.5,0.33
10199.5,0.31
10201.4,0.33
10203.3,0.33
10205.2,0.33
10207.1,0.33
10209.0,0.33
10210.9,0.33
10212.8,0.33
10214.7,0.33
10216.6,0.33
10218.4,0.35
10220.2,0.35
10222.1,0.33
10224.0,0.33
10225.9,0.33
10227.7,0.35
10229.5,0.35
10231.3,0.35
10233.2,0.33
10235.1,0.33
10237.0,0.33
10238.8,0.35
10240.7,0.33
10242.5,0.35
10244.5,0.31
10246.5,0.31
10248.5,0.31
10250.5,0.31
10252.5,0.31
10254.4,0.33
10256.3,0.33
10258.2,0.33
10260.0,0.35
10261.8,0.35
10263.5,0.37
10265.2,0.37
10267.0,0.35
10268.7,0.37
10270.5,0.35
10272.2,0.37
10274.0,0.35
10275.7,0.37
10277.5,0.35
10279.2,0.37
10281.0,0.35
10282.7,0.37
10284.6,0.33
10286.4,0.35
10288.2,0.35
10290.0,0.35
10291.7,0.37
10293.5,0.35
10295.3,0.35
10297.0,0.37
10298.7,0.37
10300.4,0.37
10302.0,0.39
10303.7,0.37
10305.5,0.35
10307.3,0.35
10309.1,0.35
10310.9,0.35
10312.6,0.37
10314.4,0.35
10316.1,0.37
10317.9,0.35
10319.7,0.35
10321.5,0.35
10323.3,0.35
10325.2,0.33
10327.0,0.35
10328.9,0.33
10330.8,0.33
10332.7,0.33
10334.6,0.33
10336.5,0.33
10338.3,0.35
10340.2,0.33
10342.1,0.33
10344.0,0.33
10345.8,0.35
10347.6,0.35
10349.3,0.37
10351.0,0.37
10352.8,0.35
10354.6,0.35
10356.3,0.37
10358.1,0.35
10359.8,0.37
10361.5,0.37
10363.3,0.35
10365.0,0.37
10366.8,0.35
10368.5,0.37
10370.3,0.35
10372.0,0.37
10373.8,0.35
10375.6,0.35
10377.3,0.37
10379.1,0.35
10380.8,0.37
10382.6,0.35
10384.3,0.37
10386.1,0.35
10388.0,0.33
10389.8,0.35
10391.6,0.35
10393.5,0.33
10395.3,0.35
10397.0,0.37
10398.8,0.35
10400.6,0.35
10402.3,0.37
10404.1,0.35
10405.8,0.37
10407.6,0.35
10409.4,0.35
10411.2,0.35
10412.9,0.37
10414.6,0.37
10416.4,0.35
10418.2,0.35
10420.0,0.35
10421.8,0.35
10423.6,0.35
10425.4,0.35
10427.2,0.35
10429.0,0.35
10430.8,0.35
10432.5,0.37
10434.3,0.35
10436.0,0.37
10437.8,0.35
10439.5,0.37
10441.2,0.37
10443.0,0.35
10444.7,0.37
10446.4,0.37
10448.1,0.37
10449.8,0.37
10451.5,0.37
10453.2,0.37
10455.0,0.35
10456.7,0.37
10458.4,0.37
10460.1,0.37
10461.8,0.37
10463.4,0.39
10465.0,0.39
10466.6,0.39
10468.3,0.37
10469.9,0.39
10471.6,0.37
10473.2,0.39
10474.9,0.37
10476.5,0.39
10478.2,0.37
10479.8,0.39
10481.6,0.35
10483.4,0.35
10485.1,0.37
10486.8,0.37
10488.6,0.35
10490.4,0.35
10492.1,0.37
10493.9,0.35
10495.6,0.37
10497.4,0.35
10499.2,0.35
10501.0,0.35
10502.8,0.35
10504.5,0.37
10506.4,0.33
10508.2,0.35
10510.0,0.35
10511.7,0.37
10513.5,0.35
10515.1,0.39
10516.9,0.35
10518.6,0.37
10520.3,0.37
10522.1,0.35
10523.9,0.35
10525.8,0.33
10527.6,0.35
10529.5,0.33
10531.3,0.35
10533.1,0.35
10534.9,0.35
10536.5,0.39
10538.2,0.37
10540.0,0.35
10541.6,0.39
10543.4,0.35
10545.1,0.37
10546.9,0.35
10548.7,0.35
10550.4,0.37
10552.1,0.37
10553.7,0.39
10555.4,0.37
10557.0,0.39
10558.7,0.37
10560.5,0.35
10562.2,0.37
10564.0,0.35
10565.7,0.37
10567.4,0.37
10569.1,0.37
10570.8,0.37
10572.6,0.35
10574.3,0.37
10576.0,0.37
10577.8,0.35
10579.5,0.37
10581.3,0.35
10583.1,0.35
10584.8,0.37
10586.5,0.37
10588.2,0.37
10590.0,0.35
10591.7,0.37
10593.4,0.37
10595.1,0.37
10596.8,0.37
10598.4,0.39
10600.1,0.37
10601.8,0.37
10603.5,0.37
10605.2,0.37
10606.9,0.37
10608.6,0.37
10610.3,0.37
10612.1,0.35
10613.8,0.37
10615.5,0.37
10617.2,0.37
10619.0,0.35
10620.6,0.39
10622.3,0.37
10624.0,0.37
10625.6,0.39
10627.3,0.37
10629.0,0.37
10630.6,0.39
10632.3,0.37
10634.0,0.37
10635.8,0.35
10637.5,0.37
10639.2,0.37
10641.0,0.35
10642.6,0.39
10644.3,0.37
10646.0,0.37
10647.8,0.35
10649.5,0.37
10651.2,0.37
10652.9,0.37
10654.5,0.39
10656.2,0.37
10657.8,0.39
10659.5,0.37
10661.2,0.37
10662.9,0.37
10664.7,0.35
10666.4,0.37
10668.1,0.37
10669.8,0.37
10671.5,0.37
10673.1,0.39
10674.8,0.37
10676.4,0.39
10678.0,0.39
10679.7,0.37
10681.4,0.37
10683.1,0.37
10684.8,0.37
10686.5,0.37
10688.2,0.37
10689.9,0.37
10691.6,0.37
10693.4,0.35
10695.0,0.39
10696.7,0.37
10698.4,0.37
10700.1,0.37
10701.8,0.37
10703.5,0.37
10705.2,0.37
10707.0,0.35
10708.7,0.37
10710.4,0.37
10712.2,0.35
10713.9,0.37
10715.7,0.35
10717.4,0.37
10719.2,0.35
10720.9,0.37
10722.6,0.37
10724.4,0.35
10726.2,0.35
10728.0,0.35
10729.7,0.37
10731.4,0.37
10733.2,0.35
10734.9,0.37
10736.7,0.35
10738.5,0.35
10740.4,0.33
10742.2,0.35
10744.0,0.35
10745.7,0.37
10747.5,0.35
10749.2,0.37
10751.0,0.35
10752.7,0.37
10754.4,0.37
10756.0,0.39
10757.7,0.37
10759.3,0.39
10761.0,0.37
10762.6,0.39
10764.2,0.39
10766.0,0.35
10767.6,0.39
10769.3,0.37
10771.0,0.37
10772.7,0.37
10774.5,0.35
10776.2,0.37
10778.0,0.35
10779.8,0.35
10781.6,0.35
10783.5,0.33
10785.2,0.37
10787.1,0.33
10789.0,0.33
10791.0,0.31
10792.8,0.35
10794.6,0.35
10796.5,0.33
10798.3,0.35
10800.0,0.37
10801.7,0.37
10803.4,0.37
10805.1,0.37
10806.9,0.35
10808.6,0.37
10810.3,0.37
10811.9,0.39
10813.5,0.39
10815.0,0.42
10816.5,0.42
10818.1,0.39
10819.7,0.39
10821.3,0.39
10823.0,0.37
10824.6,0.39
10826.4,0.35
10828.2,0.35
10830.0,0.35
10831.7,0.37
10833.5,0.35
10835.1,0.39
10836.9,0.35
10838.6,0.37
10840.4,0.35
10842.3,0.33
10844.1,0.35
10846.0,0.33
10848.0,0.31
10850.0,0.31
10852.0,0.31
10854.1,0.30
10856.2,0.30
10858.5,0.27
10860.9,0.26
10863.5,0.24
10866.0,0.25
10868.4,0.26
10870.7,0.27
10872.9,0.29
10875.0,0.30
10877.1,0.30
10879.1,0.31
10881.2,0.30
10883.2,0.31
10885.3,0.30
10887.4,0.30
10889.3,0.33
10891.3,0.31
10893.3,0.31
10895.2,0.33
10897.1,0.33
10899.0,0.33
10901.0,0.31
10903.0,0.31
10905.0,0.31
10907.0,0.31
10908.9,0.33
10910.9,0.31
10912.8,0.33
10914.6,0.35
10916.6,0.31
10918.5,0.33
10920.4,0.33
10922.3,0.33
10924.2,0.33
10926.2,0.31
10928.1,0.33
10930.1,0.31
10932.1,0.31
10934.0,0.33
10936.0,0.31
10937.9,0.33
10939.9,0.31
10941.9,0.31
10943.8,0.33
10945.8,0.31
10947.8,0.31
10949.7,0.33
10951.6,0.33
10953.5,0.33
10955.3,0.35
10957.1,0.35
10959.1,0.31
10961.1,0.31
10963.1,0.31
10965.1,0.31
10967.1,0.31
10969.0,0.33
10971.0,0.31
10973.0,0.31
10975.0,0.31
10977.0,0.31
10979.0,0.31
10980.9,0.33
10982.8,0.33
10984.9,0.30
10986.9,0.31
10988.8,0.33
10990.8,0.31
10992.8,0.31
10994.7,0.33
10996.7,0.31
10998.6,0.33
11000.5,0.33
11002.5,0.31
11004.3,0.35
11006.3,0.31
11008.3,0.31
11010.3,0.31
11012.3,0.31
11014.2,0.33
11016.2,0.31
11018.2,0.31
11020.3,0.30
11022.2,0.33
11024.1,0.33
11026.1,0.31
11028.0,0.33
11029.9,0.33
11031.8,0.33
11033.7,0.33
11035.6,0.33
11037.6,0.31
11039.5,0.33
11041.3,0.35
11043.1,0.35
11045.0,0.33
11047.0,0.31
11048.9,0.33
11050.9,0.31
11052.8,0.33
11054.7,0.33
11056.6,0.33
11058.6,0.31
11060.5,0.33
11062.5,0.31
11064.4,0.33
11066.5,0.30
11068.5,0.31
11070.5,0.31
11072.5,0.31
11074.4,0.33
11076.3,0.33
11078.2,0.33
11080.2,0.31
11082.2,0.31
11084.2,0.31
11086.2,0.31
11088.2,0.31
11090.1,0.33
11092.1,0.31
11094.1,0.31
11096.1,0.31
11098.1,0.31
11100.1,0.31
11102.1,0.31
11104.1,0.31
11106.0,0.33
11108.1,0.30
11110.1,0.31
11112.1,0.31
11114.1,0.31
11116.1,0.31
11118.2,0.30
11120.1,0.33
11122.2,0.30
11124.3,0.30
11126.5,0.29
11128.7,0.29
11130.8,0.30
11132.9,0.30
11134.9,0.31
11137.1,0.29
11139.3,0.29
11141.4,0.30
11143.5,0.30
11145.5,0.31
11147.6,0.30
11149.5,0.33
11151.6,0.30
11153.7,0.30
11155.7,0.31
11157.8,0.30
11159.8,0.31
11161.8,0.31
11163.8,0.31
11165.9,0.30
11167.9,0.31
11169.9,0.31
11171.9,0.31
11174.0,0.30
11176.0,0.31
11178.0,0.31
11180.0,0.31
11182.0,0.31
11183.9,0.33
11185.9,0.31
11187.9,0.31
11189.9,0.31
11191.9,0.31
11193.9,0.31
11195.9,0.31
11197.8,0.33
11199.7,0.33
11201.6,0.33
11203.7,0.30
11205.7,0.31
11207.7,0.31
11209.8,0.30
11211.9,0.30
11213.9,0.31
11216.0,0.30
11218.0,0.31
11220.1,0.30
11222.1,0.31
11224.1,0.31
11226.1,0.31
11228.2,0.30
11230.3,0.30
11232.3,0.31
11234.4,0.30
11236.5,0.30
11238.7,0.29
11240.8,0.30
11242.8,0.31
11244.8,0.31
11246.8,0.31
11248.8,0.31
11250.8,0.31
11252.8,0.31
11254.8,0.31
11256.9,0.30
11258.9,0.31
11260.9,0.31
11263.0,0.30
11265.0,0.31
11267.0,0.31
11269.1,0.30
11271.2,0.30
11273.4,0.29
11275.5,0.30
11277.5,0.31
11279.4,0.33
11281.4,0.31
11283.3,0.33
11285.2,0.33
11287.3,0.30
11289.3,0.31
11291.4,0.30
11293.5,0.30
11295.5,0.31
11297.6,0.30
11299.5,0.33
11301.5,0.31
11303.4,0.33
11305.3,0.33
11307.2,0.33
11309.2,0.31
11311.1,0.33
11313.0,0.33
11314.8,0.35
11316.7,0.33
11318.5,0.35
11320.5,0.31
11322.5,0.31
11324.5,0.31
11326.6,0.30
11328.7,0.30
11330.8,0.30
11332.8,0.31
11334.8,0.31
11336.8,0.31
11338.8,0.31
11340.7,0.33
11342.7,0.31
11344.7,0.31
11346.7,0.31
11348.7,0.31
11350.8,0.30
11352.8,0.31
11354.7,0.33
11356.8,0.30
11358.9,0.30
11360.9,0.31
11362.9,0.31
11364.9,0.31
11366.8,0.33
11368.8,0.31
11370.9,0.30
11372.9,0.31
11375.0,0.30
11377.0,0.31
11379.0,0.31
11380.9,0.33
11382.9,0.31
11385.0,0.30
11387.1,0.30
11389.2,0.30
11391.3,0.30
11393.4,0.30
11395.4,0.31
11397.5,0.30
11399.7,0.29
11401.8,0.30
11403.9,0.30
11405.9,0.31
11407.9,0.31
11410.0,0.30
11412.0,0.31
11414.1,0.30
11416.2,0.30
11418.4,0.29
11420.6,0.29
11422.8,0.29
11424.9,0.30
11427.0,0.30
11429.2,0.29
11431.3,0.30
11433.2,0.33
11435.2,0.31
11437.4,0.29
11439.6,0.29
11441.8,0.29
11443.9,0.30
11446.1,0.29
11448.2,0.30
11450.4,0.29
11452.5,0.30
11454.7,0.29
11456.8,0.30
11458.9,0.30
11461.1,0.29
11463.1,0.31
11465.2,0.30
11467.2,0.31
11469.3,0.30
11471.3,0.31
11473.2,0.33
11475.1,0.33
11477.0,0.33
11479.0,0.31
11480.9,0.33
11482.8,0.33
11484.7,0.33
11486.6,0.33
11488.6,0.31
11490.5,0.33
11492.5,0.31
11494.5,0.31
11496.5,0.31
11498.5,0.31
11500.4,0.33
11502.3,0.33
11504.3,0.31
11506.2,0.33
11508.1,0.33
11510.1,0.31
11512.1,0.31
11514.1,0.31
11516.1,0.31
11518.0,0.33
11520.0,0.31
11522.0,0.31
11524.0,0.31
11526.0,0.31
11528.0,0.31
11530.0,0.31
11532.0,0.31
11534.0,0.31
11536.1,0.30
11538.1,0.31
11540.1,0.31
11542.1,0.31
11544.1,0.31
11546.1,0.31
11548.0,0.33
11549.9,0.33
11551.8,0.33
11553.6,0.35
11555.5,0.33
11557.4,0.33
11559.4,0.31
11561.4,0.31
11563.4,0.31
11565.4,0.31
11567.4,0.31
11569.4,0.31
11571.3,0.33
11573.3,0.31
11575.3,0.31
11577.3,0.31
11579.5,0.29
11581.6,0.30
11583.7,0.30
11585.8,0.30
11588.0,0.29
11590.1,0.30
11592.1,0.31
11594.0,0.33
11595.9,0.33
11597.9,0.31
11599.9,0.31
11601.9,0.31
11603.9,0.31
11605.9,0.31
11607.9,0.31
11609.9,0.31
11611.9,0.31
11614.1,0.29
11616.2,0.30
11618.1,0.33
11620.0,0.33
11622.0,0.31
11624.0,0.31
11626.0,0.31
11628.1,0.30
11630.2,0.30
11632.3,0.30
11634.5,0.29
11636.6,0.30
11638.8,0.29
11640.9,0.30
11643.0,0.30
11645.2,0.29
11647.4,0.29
11649.7,0.27
11652.0,0.27
11654.3,0.27
11656.5,0.29
11658.8,0.27
11661.0,0.29
11663.3,0.27
11665.5,0.29
11667.7,0.29
11669.9,0.29
11672.0,0.30
11674.2,0.29
11676.4,0.29
11678.6,0.29
11681.0,0.26
11683.3,0.27
11685.7,0.26
11688.0,0.27
11690.2,0.29
11692.6,0.26
11694.9,0.27
11697.2,0.27
11699.5,0.27
11701.8,0.27
11704.2,0.26
11706.7,0.25
11709.2,0.25
11711.7,0.25
11714.1,0.26
11716.6,0.25
11719.0,0.26
11721.4,0.26
11723.7,0.27
11726.0,0.27
11728.4,0.26
11730.7,0.27
11733.0,0.27
11735.5,0.25
11738.0,0.25
11740.5,0.25
11743.1,0.24
11745.5,0.26
11748.0,0.25
11750.3,0.27
11752.7,0.26
11755.0,0.27
11757.5,0.25
11759.8,0.27
11762.0,0.29
11764.4,0.26
11766.8,0.26
11769.2,0.26
11771.5,0.27
11773.7,0.29
11776.0,0.27
11778.3,0.27
11780.5,0.29
11782.8,0.27
11785.0,0.29
11787.3,0.27
11789.6,0.27
11792.0,0.26
11794.4,0.26
11796.9,0.25
11799.3,0.26
11801.7,0.26
11804.0,0.27
11806.4,0.26
11808.8,0.26
11811.2,0.26
11813.8,0.24
11816.3,0.25
11818.8,0.25
11821.2,0.26
11823.6,0.26
11826.0,0.26
11828.4,0.26
11830.8,0.26
11833.1,0.27
11835.4,0.27
11837.7,0.27
11840.1,0.26
11842.6,0.25
11845.0,0.26
11847.5,0.25
11849.8,0.27
11852.2,0.26
11854.6,0.26
11857.0,0.26
11859.3,0.27
11861.7,0.26
11864.3,0.24
11866.8,0.25
11869.4,0.24
11871.9,0.25
11874.3,0.26
11876.6,0.27
11879.1,0.25
11881.6,0.25
11884.1,0.25
11886.5,0.26
11888.9,0.26
11891.3,0.26
11893.5,0.29
11895.8,0.27
11898.1,0.27
11900.4,0.27
11902.7,0.27
11905.1,0.26
11907.4,0.27
11909.8,0.26
11912.2,0.26
11914.5,0.27
11917.0,0.25
11919.4,0.26
11921.8,0.26
11924.2,0.26
11926.6,0.26
11929.0,0.26
11931.4,0.26
11933.8,0.26
11936.1,0.27
11938.4,0.27
11940.8,0.26
11943.2,0.26
11945.6,0.26
11948.0,0.26
11950.4,0.26
11952.6,0.29
11954.8,0.29
11956.9,0.30
11959.1,0.29
11961.2,0.30
11963.3,0.30
11965.5,0.29
11967.7,0.29
11970.0,0.27
11972.3,0.27
11974.6,0.27
11976.7,0.30
11978.8,0.30
11980.9,0.30
11983.1,0.29
11985.2,0.30
11987.4,0.29
11989.5,0.30
11991.6,0.30
11993.6,0.31
11995.7,0.30
11997.8,0.30
12000.1,0.27
12002.3,0.29
12004.5,0.29
12006.7,0.29
12008.9,0.29
12011.1,0.29
12013.1,0.31
12015.2,0.30
12017.4,0.29
12019.5,0.30
12021.6,0.30
12023.8,0.29
12026.0,0.29
12028.3,0.27
12030.6,0.27
12032.8,0.29
12035.0,0.29
12037.2,0.29
12039.5,0.27
12041.8,0.27
12044.0,0.29
12046.1,0.30
12048.3,0.29
12050.5,0.29
12052.6,0.30
12054.8,0.29
12056.9,0.30
12059.0,0.30
12061.1,0.30
12063.2,0.30
12065.3,0.30
12067.4,0.30
12069.5,0.30
12071.6,0.30
12073.8,0.29
12075.8,0.31
12078.0,0.29
12080.1,0.30
12082.3,0.29
12084.4,0.30
12086.5,0.30
12088.6,0.30
12090.8,0.29
12092.9,0.30
12095.0,0.30
12097.1,0.30
12099.2,0.30
12101.3,0.30
12103.4,0.30
12105.6,0.29
12107.7,0.30
12109.9,0.29
12112.1,0.29
12114.3,0.29
12116.6,0.27
12118.9,0.27
12121.1,0.29
12123.3,0.29
12125.5,0.29
12127.7,0.29
12129.9,0.29
12132.1,0.29
12134.3,0.29
12136.4,0.30
12138.5,0.30
12140.8,0.27
12143.0,0.29
12145.2,0.29
12147.3,0.30
12149.5,0.29
12151.7,0.29
12153.8,0.30
12155.9,0.30
12157.9,0.31
12160.0,0.30
12162.2,0.29
12164.4,0.29
12166.5,0.30
12168.8,0.27
12171.0,0.29
12173.3,0.27
12175.6,0.27
12177.8,0.29
12180.0,0.29
12182.2,0.29
12184.4,0.29
12186.7,0.27
12188.9,0.29
12191.1,0.29
12193.3,0.29
12195.5,0.29
12197.9,0.26
12200.2,0.27
12202.4,0.29
12204.7,0.27
12206.9,0.29
12209.1,0.29
12211.2,0.30
12213.4,0.29
12215.7,0.27
12217.9,0.29
12220.2,0.27
12222.5,0.27
12224.9,0.26
12227.2,0.27
12229.5,0.27
12231.7,0.29
12233.8,0.30
12236.0,0.29
12238.2,0.29
12240.3,0.30
12242.5,0.29
12244.8,0.27
12247.2,0.26
12249.5,0.27
12251.9,0.26
12254.3,0.26
12256.6,0.27
12259.0,0.26
12261.3,0.27
12263.7,0.26
12266.2,0.25
12268.7,0.25
12271.2,0.25
12273.6,0.26
12276.0,0.26
12278.4,0.26
12280.8,0.26
12283.2,0.26
12285.5,0.27
12287.8,0.27
12290.1,0.27
12292.3,0.29
12294.5,0.29
12296.7,0.29
12298.9,0.29
12301.2,0.27
12303.5,0.27
12306.0,0.25
12308.3,0.27
12310.5,0.29
12312.8,0.27
12315.0,0.29
12317.1,0.30
12319.3,0.29
12321.5,0.29
12323.8,0.27
12326.0,0.29
12328.3,0.27
12330.6,0.27
12332.8,0.29
12335.1,0.27
12337.2,0.30
12339.4,0.29
12341.7,0.27
12344.0,0.27
12346.4,0.26
12348.8,0.26
12351.3,0.25
12353.6,0.27
12355.9,0.27
12358.2,0.27
12360.5,0.27
12362.9,0.26
12365.3,0.26
12367.6,0.27
12369.9,0.27
12372.2,0.27
12374.5,0.27
12376.6,0.30
12378.6,0.31
12380.7,0.30
12382.9,0.29
12385.2,0.27
12387.5,0.27
12389.9,0.26
12392.2,0.27
12394.6,0.26
12396.8,0.29
12399.0,0.29
12401.2,0.29
12403.4,0.29
12405.6,0.29
12407.9,0.27
12410.1,0.29
12412.3,0.29
12414.3,0.31
12416.2,0.33
12418.2,0.31
12420.1,0.33
12422.1,0.31
12424.2,0.30
12426.3,0.30
12428.4,0.30
12430.5,0.30
12432.6,0.30
12434.8,0.29
12436.9,0.30
12439.1,0.29
12441.4,0.27
12443.6,0.29
12445.8,0.29
12448.1,0.27
12450.4,0.27
12452.6,0.29
12454.9,0.27
12457.2,0.27
12459.4,0.29
12461.6,0.29
12463.7,0.30
12465.8,0.30
12467.9,0.30
12470.1,0.29
12472.4,0.27
12474.5,0.30
12476.7,0.29
12478.7,0.31
12480.9,0.29
12483.0,0.30
12485.1,0.30
12487.2,0.30
12489.5,0.27
12491.7,0.29
12494.0,0.27
12496.2,0.29
12498.6,0.26
12500.9,0.27
12503.3,0.26
12505.8,0.25
12508.4,0.24
12510.8,0.26
12513.3,0.25
12515.7,0.26
12518.1,0.26
12520.5,0.26
12522.8,0.27
12525.1,0.27
12527.5,0.26
12529.9,0.26
12532.5,0.24
12535.1,0.24
12537.6,0.25
12540.1,0.25
12542.4,0.27
12544.8,0.26
12547.3,0.25
12549.6,0.27
12552.1,0.25
12554.4,0.27
12556.7,0.27
12559.1,0.26
12561.4,0.27
12563.7,0.27
12566.1,0.26
12568.7,0.24
12571.3,0.24
12573.8,0.25
12576.2,0.26
12578.6,0.26
12581.2,0.24
12583.7,0.25
12586.2,0.25
12588.6,0.26
12591.0,0.26
12593.3,0.27
12595.6,0.27
12597.9,0.27
12600.2,0.27
12602.6,0.26
12605.0,0.26
12607.4,0.26
12609.8,0.26
12612.3,0.25
12614.6,0.27
12616.8,0.29
12619.0,0.29
12621.2,0.29
12623.5,0.27
12625.9,0.26
12628.2,0.27
12630.6,0.26
12633.0,0.26
12635.4,0.26
12637.5,0.30
12639.7,0.29
12641.9,0.29
12644.0,0.30
12646.3,0.27
12648.7,0.26
12651.1,0.26
12653.5,0.26
12655.9,0.26
12658.3,0.26
12660.7,0.26
12663.2,0.25
12665.7,0.25
12668.1,0.26
12670.4,0.27
12672.8,0.26
12675.2,0.26
12677.5,0.27
12679.8,0.27
12682.2,0.26
12684.6,0.26
12686.8,0.29
12689.2,0.26
12691.5,0.27
12693.9,0.26
12696.1,0.29
12698.4,0.27
12700.6,0.29
12702.8,0.29
12705.0,0.29
12707.1,0.30
12709.0,0.33
12711.0,0.31
12713.0,0.31
12715.0,0.31
12717.1,0.30
12719.1,0.31
12721.2,0.30
12723.5,0.27
12725.8,0.27
12728.1,0.27
12730.3,0.29
12732.6,0.27
12734.8,0.29
12737.1,0.27
12739.3,0.29
12741.5,0.29
12743.6,0.30
12745.8,0.29
12748.1,0.27
12750.4,0.27
12752.6,0.29
12755.0,0.26
12757.2,0.29
12759.4,0.29
12761.6,0.29
12763.9,0.27
12766.2,0.27
12768.6,0.26
12770.8,0.29
12773.2,0.26
12775.5,0.27
12777.7,0.29
12779.9,0.29
12782.2,0.27
12784.4,0.29
12786.7,0.27
12789.0,0.27
12791.2,0.29
12793.4,0.29
12795.6,0.29
12797.8,0.29
12800.0,0.29
12802.1,0.30
12804.3,0.29
12806.4,0.30
12808.6,0.29
12810.8,0.29
12812.9,0.30
12815.1,0.29
12817.4,0.27
12819.6,0.29
12821.8,0.29
12824.1,0.27
12826.6,0.25
12829.0,0.26
12831.3,0.27
12833.6,0.27
12835.8,0.29
12837.9,0.30
12840.1,0.29
12842.3,0.29
12844.5,0.29
12846.8,0.27
12849.1,0.27
12851.4,0.27
12853.5,0.30
12855.7,0.29
12858.0,0.27
12860.1,0.30
12862.2,0.30
12864.2,0.31
12866.3,0.30
12868.5,0.29
12870.7,0.29
12872.9,0.29
12875.1,0.29
12877.4,0.27
12879.5,0.30
12881.6,0.30
12883.7,0.30
12885.9,0.29
12888.1,0.29
12890.5,0.26
12892.7,0.29
12894.9,0.29
12897.0,0.30
12899.1,0.30
12901.2,0.30
12903.3,0.30
12905.5,0.29
12907.8,0.27
12910.0,0.29
12912.1,0.30
12914.3,0.29
12916.5,0.29
12918.6,0.30
12920.6,0.31
12922.7,0.30
12924.8,0.30
12927.1,0.27
12929.3,0.29
12931.5,0.29
12933.7,0.29
12935.8,0.30
12937.8,0.31
12939.9,0.30
12942.0,0.30
12944.3,0.27
12946.7,0.26
12949.0,0.27
12951.4,0.26
12953.7,0.27
12956.0,0.27
12958.4,0.26
12960.8,0.26
12963.1,0.27
12965.3,0.29
12967.6,0.27
12969.8,0.29
12972.0,0.29
12974.1,0.30
12976.2,0.30
12978.3,0.30
12980.5,0.29
12982.7,0.29
12984.9,0.29
12987.0,0.30
12989.1,0.30
12991.2,0.30
12993.2,0.31
12995.5,0.27
12997.6,0.30
12999.9,0.27
13002.1,0.29
13004.3,0.29
13006.5,0.29
13008.8,0.27
13011.1,0.27
13013.2,0.30
13015.3,0.30
13017.5,0.29
13019.5,0.31
13021.6,0.30
13023.6,0.31
13025.6,0.31
13027.6,0.31
13029.6,0.31
13031.6,0.31
13033.6,0.31
13035.8,0.29
13038.0,0.29
13040.3,0.27
13042.5,0.29
13044.7,0.29
13046.8,0.30
13048.9,0.30
13051.0,0.30
13053.0,0.31
13055.0,0.31
13057.1,0.30
13059.1,0.31
13061.3,0.29
13063.4,0.30
13065.5,0.30
13067.7,0.29
13069.8,0.30
13071.9,0.30
13074.0,0.30
13076.1,0.30
13078.1,0.31
13080.1,0.31
13082.2,0.30
13084.2,0.31
13086.2,0.31
13088.4,0.29
13090.5,0.30
13092.7,0.29
13094.8,0.30
13096.9,0.30
13099.0,0.30
13101.1,0.30
13103.2,0.30
13105.2,0.31
13107.2,0.31
13109.3,0.30
13111.5,0.29
13113.6,0.30
13115.9,0.27
13118.1,0.29
13120.3,0.29
13122.4,0.30
13124.6,0.29
13126.8,0.29
13128.9,0.30
13131.1,0.29
13133.3,0.29
13135.6,0.27
13137.7,0.30
13139.8,0.30
13141.9,0.30
13143.9,0.31
13145.8,0.33
13147.7,0.33
13149.6,0.33
13151.6,0.31
13153.4,0.35
13155.2,0.35
13157.1,0.33
13159.0,0.33
13161.0,0.31
13163.0,0.31
13164.9,0.33
13166.9,0.31
13168.9,0.31
13170.8,0.33
13172.7,0.33
13174.6,0.33
13176.6,0.31
13178.5,0.33
13180.3,0.35
13182.2,0.33
13184.0,0.35
13185.8,0.35
13187.7,0.33
13189.6,0.33
13191.6,0.31
13193.6,0.31
13195.7,0.30
13197.7,0.31
13199.8,0.30
13202.0,0.29
13204.1,0.30
13206.2,0.30
13208.2,0.31
13210.2,0.31
13212.2,0.31
13214.2,0.31
13216.2,0.31
13218.2,0.31
13220.2,0.31
13222.2,0.31
13224.2,0.31
13226.2,0.31
13228.4,0.29
13230.6,0.29
13232.7,0.30
13234.8,0.30
13236.9,0.30
13238.9,0.31
13241.0,0.30
13243.1,0.30
13245.2,0.30
13247.3,0.30
13249.4,0.30
13251.5,0.30
13253.5,0.31
13255.6,0.30
13257.7,0.30
13259.7,0.31
13261.8,0.30
13263.9,0.30
13266.0,0.30
13268.1,0.30
13270.2,0.30
13272.3,0.30
13274.5,0.29
13276.5,0.31
13278.6,0.30
13280.8,0.29
13283.0,0.29
13285.1,0.30
13287.2,0.30
13289.3,0.30
13291.4,0.30
13293.5,0.30
13295.5,0.31
13297.6,0.30
13299.7,0.30
13301.7,0.31
13303.8,0.30
13305.8,0.31
13307.8,0.31
13309.7,0.33
13311.8,0.30
13313.8,0.31
13315.8,0.31
13317.8,0.31
13319.9,0.30
13321.9,0.31
13324.0,0.30
13326.0,0.31
13328.1,0.30
13330.2,0.30
13332.3,0.30
13334.5,0.29
13336.6,0.30
13338.7,0.30
13340.7,0.31
13342.7,0.31
13344.8,0.30
13347.0,0.29
13349.2,0.29
13351.4,0.29
13353.8,0.26
13356.0,0.29
13358.0,0.31
13360.0,0.31
13362.1,0.30
13364.3,0.29
13366.5,0.29
13368.6,0.30
13370.8,0.29
13372.9,0.30
13375.1,0.29
13377.3,0.29
13379.4,0.30
13381.5,0.30
13383.6,0.30
13385.7,0.30
13387.6,0.33
13389.6,0.31
13391.6,0.31
13393.6,0.31
13395.7,0.30
13397.9,0.29
13400.1,0.29
13402.1,0.31
13404.2,0.30
13406.3,0.30
13408.4,0.30
13410.4,0.31
13412.5,0.30
13414.6,0.30
13416.8,0.29
13418.9,0.30
13421.0,0.30
13423.1,0.30
13425.3,0.29
13427.3,0.31
13429.3,0.31
13431.4,0.30
13433.5,0.30
13435.5,0.31
13437.5,0.31
13439.5,0.31
13441.5,0.31
13443.6,0.30
13445.5,0.33
13447.6,0.30
13449.7,0.30
13451.7,0.31
13453.7,0.31
13455.7,0.31
13457.8,0.30
13459.8,0.31
13461.8,0.31
13463.9,0.30
13465.9,0.31
13467.9,0.31
13469.9,0.31
13471.9,0.31
13473.9,0.31
13475.9,0.31
13477.9,0.31
13480.0,0.30
13482.0,0.31
13484.2,0.29
13486.3,0.30
13488.4,0.30
13490.5,0.30
13492.7,0.29
13494.8,0.30
13497.0,0.29
13499.1,0.30
13501.3,0.29
13503.5,0.29
13505.6,0.30
13507.7,0.30
13509.9,0.29
13512.0,0.30
13514.1,0.30
13516.2,0.30
13518.3,0.30
13520.3,0.31
13522.4,0.30
13524.5,0.30
13526.6,0.30
13528.7,0.30
13530.7,0.31
13532.8,0.30
13534.9,0.30
13537.0,0.30
13539.1,0.30
13541.2,0.30
13543.4,0.29
13545.4,0.31
13547.5,0.30
13549.6,0.30
13551.8,0.29
13553.8,0.31
13555.8,0.31
13557.8,0.31
13559.7,0.33
13561.8,0.30
13563.9,0.30
13566.1,0.29
13568.2,0.30
13570.3,0.30
13572.5,0.29
13574.7,0.29
13576.9,0.29
13579.0,0.30
13581.2,0.29
13583.4,0.29
13585.6,0.29
13587.8,0.29
13589.9,0.30
13591.9,0.31
13594.0,0.30
13596.0,0.31
13598.0,0.31
13600.0,0.31
13602.1,0.30
13604.2,0.30
13606.3,0.30
13608.3,0.31
13610.1,0.35
13612.0,0.33
13613.9,0.33
13616.0,0.30
13618.1,0.30
13620.2,0.30
13622.2,0.31
13624.2,0.31
13626.3,0.30
13628.4,0.30
13630.5,0.30
13632.5,0.31
13634.6,0.30
13636.6,0.31
13638.6,0.31
13640.7,0.30
13642.9,0.29
13645.0,0.30
13647.1,0.30
13649.2,0.30
13651.2,0.31
13653.2,0.31
13655.4,0.29
13657.5,0.30
13659.6,0.30
13661.7,0.30
13663.8,0.30
13665.9,0.30
13668.0,0.30
13670.0,0.31
13672.0,0.31
13674.2,0.29
13676.4,0.29
13678.6,0.29
13680.7,0.30
13683.0,0.27
13685.3,0.27
13687.6,0.27
13689.8,0.29
13692.0,0.29
13694.2,0.29
13696.5,0.27
13698.8,0.27
13701.0,0.29
13703.2,0.29
13705.4,0.29
13707.6,0.29
13709.8,0.29
13712.0,0.29
13714.1,0.30
13716.3,0.29
13718.4,0.30
13720.5,0.30
13722.6,0.30
13724.6,0.31
13726.8,0.29
13728.9,0.30
13731.0,0.30
13733.0,0.31
13735.0,0.31
13737.0,0.31
13738.9,0.33
13741.0,0.30
13743.2,0.29
13745.3,0.30
13747.4,0.30
13749.6,0.29
13751.8,0.29
13754.0,0.29
13756.2,0.29
13758.3,0.30
13760.4,0.30
13762.6,0.29
13764.6,0.31
13766.7,0.30
13768.8,0.30
13770.9,0.30
13773.0,0.30
13775.0,0.31
13777.0,0.31
13779.1,0.30
13781.1,0.31
13783.1,0.31
13785.0,0.33
13786.9,0.33
13788.6,0.37
13790.4,0.35
13792.2,0.35
13794.0,0.35
13795.9,0.33
13797.6,0.37
13799.5,0.33
13801.3,0.35
13803.0,0.37
13804.8,0.35
13806.6,0.35
13808.5,0.33
13810.3,0.35
13812.1,0.35
13814.0,0.33
13815.9,0.33
13817.7,0.35
13819.6,0.33
13821.5,0.33
13823.5,0.31
13825.4,0.33
13827.5,0.30
13829.5,0.31
13831.6,0.30
13833.7,0.30
13835.8,0.30
13837.9,0.30
13840.0,0.30
13842.0,0.31
13844.0,0.31
13846.0,0.31
13848.1,0.30
13850.2,0.30
13852.3,0.30
13854.4,0.30
13856.5,0.30
13858.7,0.29
13861.0,0.27
13863.2,0.29
13865.4,0.29
13867.5,0.30
13869.6,0.30
13871.7,0.30
13873.9,0.29
13876.0,0.30
13878.1,0.30
13880.2,0.30
13882.3,0.30
13884.4,0.30
13886.4,0.31
13888.5,0.30
13890.7,0.29
13892.9,0.29
13895.0,0.30
13897.1,0.30
13899.1,0.31
13901.2,0.30
13903.2,0.31
13905.2,0.31
13907.2,0.31
13909.2,0.31
13911.2,0.31
13913.2,0.31
13915.3,0.30
13917.3,0.31
13919.4,0.30
13921.5,0.30
13923.6,0.30
13925.7,0.30
13927.8,0.30
13929.9,0.30
13932.0,0.30
13934.0,0.31
13936.0,0.31
13938.0,0.31
13940.0,0.31
13942.0,0.31
13944.0,0.31
13946.0,0.31
13947.8,0.35
13949.8,0.31
13951.8,0.31
13953.9,0.30
13956.0,0.30
13958.0,0.31
13960.0,0.31
13961.9,0.33
13964.0,0.30
13966.0,0.31
13968.0,0.31
13970.0,0.31
13972.0,0.31
13974.1,0.30
13976.2,0.30
13978.2,0.31
13980.2,0.31
13982.1,0.33
13984.1,0.31
13986.0,0.33
13988.0,0.31
13990.1,0.30
13992.1,0.31
13994.1,0.31
13996.1,0.31
13998.1,0.31
14000.0,0.33
14001.9,0.33
14003.8,0.33
14005.8,0.31
14007.8,0.31
14009.9,0.30
14011.9,0.31
14014.0,0.30
14016.0,0.31
14018.1,0.30
14020.2,0.30
14022.3,0.30
14024.4,0.30
14026.6,0.29
14028.8,0.29
14031.0,0.29
14033.0,0.31
14035.0,0.31
14037.2,0.29
14039.4,0.29
14041.5,0.30
14043.7,0.29
14045.8,0.30
14047.9,0.30
14050.0,0.30
14052.2,0.29
14054.3,0.30
14056.4,0.30
14058.4,0.31
14060.5,0.30
14062.4,0.33
14064.4,0.31
14066.4,0.31
14068.5,0.30
14070.6,0.30
14072.7,0.30
14074.8,0.30
14076.8,0.31
14078.8,0.31
14080.8,0.31
14082.9,0.30
14085.0,0.30
14087.2,0.29
14089.2,0.31
14091.3,0.30
14093.4,0.30
14095.5,0.30
14097.5,0.31
14099.6,0.30
14101.6,0.31
14103.5,0.33
14105.5,0.31
14107.5,0.31
14109.5,0.31
14111.6,0.30
14113.7,0.30
14115.7,0.31
14117.6,0.33
14119.6,0.31
14121.6,0.31
14123.6,0.31
14125.6,0.31
14127.6,0.31
14129.7,0.30
14131.6,0.33
14133.5,0.33
14135.5,0.31
14137.4,0.33
14139.4,0.31
14141.3,0.33
14143.2,0.33
14145.2,0.31
14147.1,0.33
14149.1,0.31
14151.1,0.31
14153.1,0.31
14155.0,0.33
14157.0,0.31
14158.9,0.33
14160.9,0.31
14162.9,0.31
14164.9,0.31
14167.0,0.30
14169.1,0.30
14171.2,0.30
14173.3,0.30
14175.4,0.30
14177.5,0.30
14179.7,0.29
14181.8,0.30
14183.9,0.30
14186.0,0.30
14188.1,0.30
14190.2,0.30
14192.1,0.33
14194.0,0.33
14195.9,0.33
14197.9,0.31
14200.0,0.30
14202.0,0.31
14204.1,0.30
14206.1,0.31
14208.1,0.31
14210.1,0.31
14212.1,0.31
14214.1,0.31
14216.2,0.30
14218.3,0.30
14220.3,0.31
14222.3,0.31
14224.3,0.31
14226.4,0.30
14228.4,0.31
14230.4,0.31
14232.5,0.30
14234.6,0.30
14236.6,0.31
14238.7,0.30
14240.7,0.31
14242.8,0.30
14244.7,0.33
14246.7,0.31
14248.6,0.33
14250.6,0.31
14252.5,0.33
14254.5,0.31
14256.6,0.30
14258.6,0.31
14260.7,0.30
14262.6,0.33
14264.6,0.31
14266.7,0.30
14268.8,0.30
14270.9,0.30
14273.0,0.30
14275.0,0.31
14276.8,0.35
14278.6,0.35
14280.4,0.35
14282.2,0.35
14283.9,0.37
14285.7,0.35
14287.4,0.37
14289.1,0.37
14290.8,0.37
14292.5,0.37
14294.2,0.37
14295.9,0.37
14297.6,0.37
14299.4,0.35
14301.2,0.35
14303.0,0.35
14304.9,0.33
14306.6,0.37
14308.4,0.35
14310.2,0.35
14312.0,0.35
14313.9,0.33
14315.6,0.37
14317.5,0.33
14319.3,0.35
14321.0,0.37
14322.9,0.33
14324.7,0.35
14326.6,0.33
14328.5,0.33
14330.3,0.35
14332.1,0.35
14334.0,0.33
14335.9,0.33
14337.8,0.33
14339.6,0.35
14341.6,0.31
14343.6,0.31
14345.6,0.31
14347.5,0.33
14349.5,0.31
14351.4,0.33
14353.4,0.31
14355.3,0.33
14357.1,0.35
14359.0,0.33
14361.0,0.31
14363.1,0.30
14365.2,0.30
14367.2,0.31
14369.2,0.31
14371.0,0.35
14372.9,0.33
14374.7,0.35
14376.6,0.33
14378.4,0.35
14380.2,0.35
14381.9,0.37
14383.8,0.33
14385.6,0.35
14387.4,0.35
14389.1,0.37
14390.8,0.37
14392.6,0.35
14394.4,0.35
14396.2,0.35
14398.0,0.35
14399.8,0.35
14401.7,0.33
14403.5,0.35
14405.4,0.33
14407.3,0.33
14409.3,0.31
14411.2,0.33
14413.1,0.33
14415.0,0.33
14416.9,0.33
14418.8,0.33
14420.8,0.31
14422.8,0.31
14424.7,0.33
14426.7,0.31
14428.5,0.35
14430.4,0.33
14432.2,0.35
14434.1,0.33
14436.0,0.33
14438.0,0.31
14439.9,0.33
14441.8,0.33
14443.7,0.33
14445.5,0.35
14447.3,0.35
14449.1,0.35
14450.8,0.37
14452.6,0.35
14454.3,0.37
14456.1,0.35
14457.9,0.35
14459.8,0.33
14461.6,0.35
14463.5,0.33
14465.4,0.33
14467.3,0.33
14469.3,0.31
14471.1,0.35
14473.0,0.33
14474.9,0.33
14476.8,0.33
14478.6,0.35
14480.5,0.33
14482.4,0.33
14484.2,0.35
14486.1,0.33
14488.0,0.33
14489.9,0.33
14491.8,0.33
14493.7,0.33
14495.8,0.30
14497.8,0.31
14499.7,0.33
14501.7,0.31
14503.6,0.33
14505.6,0.31
14507.7,0.30
14509.7,0.31
14511.7,0.31
14513.4,0.37
14515.2,0.35
14517.0,0.35
14518.9,0.33
14520.7,0.35
14522.6,0.33
14524.5,0.33
14526.3,0.35
14528.1,0.35
14530.0,0.33
14531.8,0.35
14533.6,0.35
14535.5,0.33
14537.4,0.33
14539.3,0.33
14541.2,0.33
14543.1,0.33
14544.9,0.35
14546.8,0.33
14548.6,0.35
14550.4,0.35
14552.3,0.33
14554.2,0.33
14556.2,0.31
14558.2,0.31
14560.2,0.31
14562.2,0.31
14564.1,0.33
14566.0,0.33
14568.0,0.31
14569.8,0.35
14571.6,0.35
14573.4,0.35
14575.3,0.33
14577.1,0.35
14578.9,0.35
14580.7,0.35
14582.7,0.31
14584.6,0.33
14586.6,0.31
14588.6,0.31
14590.6,0.31
14592.6,0.31
14594.6,0.31
14596.7,0.30
14598.8,0.30
14601.0,0.29
14603.2,0.29
14605.5,0.27
14607.7,0.29
14609.8,0.30
14611.8,0.31
14613.9,0.30
14615.9,0.31
14618.0,0.30
14620.1,0.30
14622.1,0.31
14624.2,0.30
14626.3,0.30
14628.4,0.30
14630.6,0.29
14632.8,0.29
14635.0,0.29
14637.1,0.30
14639.2,0.30
14641.2,0.31
14643.2,0.31
14645.2,0.31
14647.3,0.30
14649.3,0.31
14651.4,0.30
14653.4,0.31
14655.4,0.31
14657.4,0.31
14659.4,0.31
14661.4,0.31
14663.5,0.30
14665.6,0.30
14667.7,0.30
14669.7,0.31
14671.8,0.30
14673.8,0.31
14675.8,0.31
14677.8,0.31
14679.8,0.31
14681.8,0.31
14683.9,0.30
14686.0,0.30
14688.0,0.31
14690.0,0.31
14692.0,0.31
14694.0,0.31
14696.0,0.31
14697.9,0.33
14699.9,0.31
14701.9,0.31
14703.9,0.31
14706.0,0.30
14708.1,0.30
14710.1,0.31
14712.2,0.30
14714.4,0.29
14716.7,0.27
14718.9,0.29
14721.0,0.30
14723.0,0.31
14725.1,0.30
14727.2,0.30
14729.2,0.31
14731.2,0.31
14733.2,0.31
14735.1,0.33
14737.1,0.31
14739.1,0.31
14741.1,0.31
14743.2,0.30
14745.4,0.29
14747.4,0.31
14749.4,0.31
14751.3,0.33
14753.2,0.33
14755.2,0.31
14757.1,0.33
14759.1,0.31
14761.1,0.31
14763.1,0.31
14765.1,0.31
14767.0,0.33
14769.1,0.30
14771.1,0.31
14773.1,0.31
14775.0,0.33
14776.9,0.33
14778.9,0.31
14780.9,0.31
14782.9,0.31
14784.9,0.31
14786.8,0.33
14788.8,0.31
14790.8,0.31
14792.8,0.31
14794.9,0.30
14797.0,0.30
14799.0,0.31
14801.1,0.30
14803.1,0.31
14805.1,0.31
14807.0,0.33
14809.0,0.31
14811.0,0.31
14813.1,0.30
14815.0,0.33
14817.0,0.31
14818.9,0.33
14821.0,0.30
14823.2,0.29
14825.2,0.31
14827.2,0.31
14829.2,0.31
14831.1,0.33
14833.0,0.33
14835.0,0.31
14837.0,0.31
14839.0,0.31
14840.9,0.33
14842.8,0.33
14844.8,0.31
14846.9,0.30
14848.9,0.31
14850.9,0.31
14853.0,0.30
14854.9,0.33
14856.9,0.31
14858.9,0.31
14860.9,0.31
14862.9,0.31
14865.0,0.30
14867.1,0.30
14869.2,0.30
14871.1,0.33
14873.0,0.33
14874.9,0.33
14876.8,0.33
14878.6,0.35
14880.5,0.33
14882.3,0.35
14884.2,0.33
14886.2,0.31
14888.2,0.31
14890.2,0.31
14892.2,0.31
14894.2,0.31
14896.2,0.31
14898.2,0.31
14900.1,0.33
14902.1,0.31
14904.0,0.33
14905.9,0.33
14907.9,0.31
14909.9,0.31
14911.9,0.31
14913.9,0.31
14915.9,0.31
14917.9,0.31
14919.9,0.31
14921.9,0.31
14924.0,0.30
14926.1,0.30
14928.1,0.31
14930.1,0.31
14932.1,0.31
14934.0,0.33
14936.0,0.31
14938.0,0.31
14939.9,0.33
14941.8,0.33
14943.9,0.30
14945.9,0.31
14948.0,0.30
14950.0,0.31
14952.0,0.31
14954.1,0.30
14956.1,0.31
14958.2,0.30
14960.4,0.29
14962.4,0.31
14964.4,0.31
14966.3,0.33
14968.2,0.33
14970.1,0.33
14972.0,0.33
14974.0,0.31
14975.9,0.33
14977.9,0.31
14979.9,0.31
14981.9,0.31
14983.7,0.35
14985.5,0.35
14987.4,0.33
14989.2,0.35
14991.0,0.35
14992.9,0.33
14994.9,0.31
14996.8,0.33
14998.8,0.31
15000.8,0.31
15002.8,0.31
15004.8,0.31
15006.8,0.31
15008.8,0.31
15010.7,0.33
15012.7,0.31
15014.5,0.35
15016.5,0.31
15018.5,0.31
15020.6,0.30
15022.6,0.31
15024.6,0.31
15026.6,0.31
15028.6,0.31
15030.5,0.33
15032.6,0.30
15034.7,0.30
15036.7,0.31
15038.7,0.31
15040.6,0.33
15042.6,0.31
15044.5,0.33
15046.6,0.30
15048.7,0.30
15050.7,0.31
15052.6,0.33
15054.6,0.31
15056.6,0.31
15058.5,0.33
15060.4,0.33
15062.3,0.33
15064.3,0.31
15066.1,0.35
15068.1,0.31
15070.2,0.30
15072.2,0.31
15074.1,0.33
15076.0,0.33
15077.9,0.33
15079.8,0.33
15081.7,0.33
15083.6,0.33
15085.6,0.31
15087.6,0.31
15089.5,0.33
15091.5,0.31
15093.3,0.35
15095.2,0.33
15097.2,0.31
15099.3,0.30
15101.3,0.31
15103.4,0.30
15105.5,0.30
15107.6,0.30
15109.7,0.30
15111.7,0.31
15113.7,0.31
15115.7,0.31
15117.7,0.31
15119.7,0.31
15121.6,0.33
15123.5,0.33
15125.6,0.30
15127.7,0.30
15129.6,0.33
15131.6,0.31
15133.6,0.31
15135.7,0.30
15137.6,0.33
15139.6,0.31
15141.6,0.31
15143.5,0.33
15145.5,0.31
15147.5,0.31
15149.4,0.33
15151.4,0.31
15153.4,0.31
15155.3,0.33
15157.2,0.33
15159.1,0.33
15161.0,0.33
15163.1,0.30
15165.0,0.33
15166.9,0.33
15168.8,0.33
15170.6,0.35
15172.6,0.31
15174.5,0.33
15176.3,0.35
15178.2,0.33
15180.0,0.35
15181.7,0.37
15183.4,0.37
15185.1,0.37
15186.7,0.39
15188.4,0.37
15190.0,0.39
15191.7,0.37
15193.4,0.37
15195.1,0.37
15196.8,0.37
15198.5,0.37
15200.1,0.39
15201.9,0.35
15203.5,0.39
15205.1,0.39
15206.8,0.37
15208.5,0.37
15210.2,0.37
15212.0,0.35
15213.7,0.37
15215.5,0.35
15217.3,0.35
15219.2,0.33
15221.0,0.35
15222.7,0.37
15224.5,0.35
15226.3,0.35
15228.0,0.37
15229.7,0.37
15231.5,0.35
15233.3,0.35
15235.1,0.35
15236.9,0.35
15238.8,0.33
15240.7,0.33
15242.6,0.33
15244.5,0.33
15246.4,0.33
15248.3,0.33
15250.2,0.33
15252.0,0.35
15253.9,0.33
15255.8,0.33
15257.8,0.31
15259.7,0.33
15261.6,0.33
15263.5,0.33
15265.2,0.37
15267.0,0.35
15268.8,0.35
15270.6,0.35
15272.4,0.35
15274.2,0.35
15276.0,0.35
15277.8,0.35
15279.7,0.33
15281.6,0.33
15283.4,0.35
15285.2,0.35
15287.1,0.33
15289.0,0.33
15290.9,0.33
15292.7,0.35
15294.5,0.35
15296.4,0.33
15298.2,0.35
15300.0,0.35
15301.9,0.33
15303.7,0.35
15305.6,0.33
15307.5,0.33
15309.4,0.33
15311.2,0.35
15313.0,0.35
15314.9,0.33
15316.8,0.33
15318.7,0.33
15320.7,0.31
15322.7,0.31
15324.6,0.33
15326.6,0.31
15328.6,0.31
15330.6,0.31
15332.7,0.30
15334.6,0.33
15336.6,0.31
15338.5,0.33
15340.3,0.35
15342.2,0.33
15344.0,0.35
15345.8,0.35
15347.8,0.31
15349.8,0.31
15351.8,0.31
15353.7,0.33
15355.6,0.33
15357.4,0.35
15359.2,0.35
15361.1,0.33
15362.9,0.35
15364.7,0.35
15366.6,0.33
15368.6,0.31
15370.5,0.33
15372.4,0.33
15374.3,0.33
15376.1,0.35
15378.1,0.31
15380.0,0.33
15381.9,0.33
15383.8,0.33
15385.7,0.33
15387.6,0.33
15389.6,0.31
15391.5,0.33
15393.4,0.33
15395.4,0.31
15397.4,0.31
15399.4,0.31
15401.3,0.33
15403.4,0.30
15405.4,0.31
15407.4,0.31
15409.3,0.33
15411.2,0.33
15413.2,0.31
15415.0,0.35
15416.8,0.35
15418.7,0.33
15420.5,0.35
15422.4,0.33
15424.3,0.33
15426.1,0.35
15428.0,0.33
15429.9,0.33
15431.8,0.33
15433.6,0.35
15435.5,0.33
15437.4,0.33
15439.4,0.31
15441.4,0.31
15443.4,0.31
15445.4,0.31
15447.4,0.31
15449.4,0.31
15451.4,0.31
15453.3,0.33
15455.3,0.31
15457.2,0.33
15459.2,0.31
15461.1,0.33
15463.1,0.31
15465.1,0.31
15467.0,0.33
15469.0,0.31
15470.9,0.33
15472.9,0.31
15474.9,0.31
15476.8,0.33
15478.8,0.31
15480.8,0.31
15482.7,0.33
15484.5,0.35
15486.4,0.33
15488.4,0.31
15490.3,0.33
15492.2,0.33
15494.1,0.33
15496.1,0.31
15498.0,0.33
15500.0,0.31
15502.0,0.31
15504.0,0.31
15505.9,0.33
15507.9,0.31
15509.8,0.33
15511.8,0.31
15513.7,0.33
15515.7,0.31
15517.7,0.31
15519.5,0.35
15521.4,0.33
15523.4,0.31
15525.3,0.33
15527.2,0.33
15529.1,0.33
15531.0,0.33
15532.9,0.33
15534.7,0.35
15536.6,0.33
15538.5,0.33
15540.5,0.31
15542.5,0.31
15544.4,0.33
15546.3,0.33
15548.3,0.31
15550.3,0.31
15552.3,0.31
15554.3,0.31
15556.5,0.29
15558.6,0.30
15560.6,0.31
15562.6,0.31
15564.7,0.30
15566.8,0.30
15568.8,0.31
15570.9,0.30
15573.0,0.30
15575.0,0.31
15577.0,0.31
15579.0,0.31
15581.0,0.31
15583.0,0.31
15585.0,0.31
15587.0,0.31
15588.8,0.35
15590.8,0.31
15592.7,0.33
15594.6,0.33
15596.5,0.33
15598.5,0.31
15600.6,0.30
15602.6,0.31
15604.6,0.31
15606.7,0.30
15608.7,0.31
15610.7,0.31
15612.7,0.31
15614.8,0.30
15616.7,0.33
15618.6,0.33
15620.5,0.33
15622.5,0.31
15624.4,0.33
15626.3,0.33
15628.2,0.33
15630.2,0.31
15632.2,0.31
15634.2,0.31
15636.2,0.31
15638.2,0.31
15640.2,0.31
15642.1,0.33
15644.1,0.31
15646.0,0.33
15648.0,0.31
15650.0,0.31
15651.9,0.33
15653.8,0.33
15655.8,0.31
15657.7,0.33
15659.5,0.35
15661.4,0.33
15663.3,0.33
15665.3,0.31
15667.3,0.31
15669.3,0.31
15671.3,0.31
15673.3,0.31
15675.2,0.33
15677.1,0.33
15679.1,0.31
15681.0,0.33
15683.0,0.31
15684.9,0.33
15686.8,0.33
15688.7,0.33
15690.6,0.33
15692.5,0.33
15694.3,0.35
15696.2,0.33
15698.0,0.35
15699.9,0.33
15701.8,0.33
15703.7,0.33
15705.6,0.33
15707.6,0.31
15709.6,0.31
15711.6,0.31
15713.6,0.31
15715.6,0.31
15717.7,0.30
15719.6,0.33
15721.6,0.31
15723.6,0.31
15725.5,0.33
15727.4,0.33
15729.3,0.33
15731.2,0.33
15733.2,0.31
15735.2,0.31
15737.1,0.33
15739.0,0.33
15741.0,0.31
15743.0,0.31
15745.0,0.31
15747.0,0.31
15748.9,0.33
15750.9,0.31
15752.9,0.31
15754.9,0.31
15756.9,0.31
15759.0,0.30
15761.0,0.31
15763.0,0.31
15765.1,0.30
15767.1,0.31
15769.1,0.31
15771.0,0.33
15772.9,0.33
15775.0,0.30
15777.0,0.31
15779.0,0.31
15781.1,0.30
15783.0,0.33
15785.0,0.31
15787.0,0.31
15789.1,0.30
15791.1,0.31
15793.2,0.30
15795.2,0.31
15797.1,0.33
15799.1,0.31
15801.0,0.33
15803.0,0.31
15805.0,0.31
15807.0,0.31
15809.1,0.30
15811.2,0.30
15813.2,0.31
15815.1,0.33
15817.1,0.31
15819.1,0.31
15821.2,0.30
15823.2,0.31
15825.1,0.33
15827.0,0.33
15828.8,0.35
15830.7,0.33
15832.6,0.33
15834.5,0.33
15836.4,0.33
15838.4,0.31
15840.4,0.31
15842.4,0.31
15844.4,0.31
15846.4,0.31
15848.3,0.33
15850.2,0.33
15852.1,0.33
15854.1,0.31
15856.0,0.33
15858.0,0.31
15859.9,0.33
15861.9,0.31
15863.8,0.33
15865.7,0.33
15867.6,0.33
15869.5,0.33
15871.5,0.31
15873.5,0.31
15875.5,0.31
15877.5,0.31
15879.4,0.33
15881.4,0.31
15883.4,0.31
15885.3,0.33
15887.3,0.31
15889.2,0.33
15891.1,0.33
15893.0,0.33
15894.9,0.33
15896.8,0.33
15898.6,0.35
15900.4,0.35
15902.2,0.35
15904.0,0.35
15905.7,0.37
15907.5,0.35
15909.2,0.37
15910.9,0.37
15912.7,0.35
15914.5,0.35
15916.2,0.37
15918.0,0.35
15919.7,0.37
15921.4,0.37
15923.1,0.37
15924.9,0.35
15926.6,0.37
15928.3,0.37
15930.1,0.35
15931.9,0.35
15933.7,0.35
15935.6,0.33
15937.5,0.33
15939.5,0.31
15941.5,0.31
15943.5,0.31
15945.6,0.30
15947.5,0.33
15949.5,0.31
15951.5,0.31
15953.4,0.33
15955.4,0.31
15957.4,0.31
15959.4,0.31
15961.3,0.33
15963.3,0.31
15965.2,0.33
15967.2,0.31
15969.1,0.33
15971.0,0.33
15972.9,0.33
15974.9,0.31
15977.0,0.30
15979.0,0.31
15981.1,0.30
15983.1,0.31
15985.2,0.30
15987.2,0.31
15989.2,0.31
15991.2,0.31
15993.1,0.33
15995.0,0.33
15996.9,0.33
15998.8,0.33
16000.7,0.33
16002.7,0.31
16004.8,0.30
16006.8,0.31
16008.9,0.30
16010.9,0.31
16012.8,0.33
16014.6,0.35
16016.5,0.33
16018.5,0.31
16020.5,0.31
16022.6,0.30
16024.6,0.31
16026.6,0.31
16028.6,0.31
16030.5,0.33
16032.4,0.33
16034.3,0.33
16036.2,0.33
16038.1,0.33
16040.0,0.33
16041.9,0.33
16043.9,0.31
16045.8,0.33
16047.8,0.31
16049.7,0.33
16051.7,0.31
16053.6,0.33
16055.6,0.31
16057.6,0.31
16059.7,0.30
16061.8,0.30
16063.9,0.30
16065.9,0.31
16067.9,0.31
16069.8,0.33
16071.8,0.31
16073.8,0.31
16075.8,0.31
16077.8,0.31
16079.9,0.30
16082.0,0.30
16084.0,0.31
16086.0,0.31
16088.0,0.31
16090.0,0.31
16092.1,0.30
16094.1,0.31
16096.2,0.30
16098.2,0.31
16100.2,0.31
16102.2,0.31
16104.1,0.33
16106.1,0.31
16108.1,0.31
16110.2,0.30
16112.3,0.30
16114.3,0.31
16116.2,0.33
16118.2,0.31
16120.3,0.30
16122.3,0.31
16124.3,0.31
16126.3,0.31
16128.3,0.31
16130.3,0.31
16132.3,0.31
16134.2,0.33
16136.2,0.31
16138.3,0.30
16140.4,0.30
16142.5,0.30
16144.6,0.30
16146.6,0.31
16148.6,0.31
16150.6,0.31
16152.7,0.30
16154.7,0.31
16156.9,0.29
16158.9,0.31
16161.0,0.30
16163.0,0.31
16165.0,0.31
16167.1,0.30
16169.1,0.31
16171.3,0.29
16173.5,0.29
16175.6,0.30
16177.7,0.30
16179.8,0.30
16181.8,0.31
16183.7,0.33
16185.7,0.31
16187.6,0.33
16189.5,0.33
16191.4,0.33
16193.4,0.31
16195.4,0.31
16197.4,0.31
16199.4,0.31
16201.3,0.33
16203.4,0.30
16205.4,0.31
16207.5,0.30
16209.6,0.30
16211.6,0.31
16213.6,0.31
16215.6,0.31
16217.5,0.33
16219.5,0.31
16221.5,0.31
16223.5,0.31
16225.5,0.31
16227.5,0.31
16229.6,0.30
16231.7,0.30
16233.7,0.31
16235.8,0.30
16237.8,0.31
16239.8,0.31
16241.9,0.30
16244.0,0.30
16246.1,0.30
16248.3,0.29
16250.5,0.29
16252.6,0.30
16254.6,0.31
16256.6,0.31
16258.5,0.33
16260.5,0.31
16262.4,0.33
16264.4,0.31
16266.4,0.31
16268.4,0.31
16270.4,0.31
16272.4,0.31
16274.3,0.33
16276.2,0.33
16278.2,0.31
16280.3,0.30
16282.3,0.31
16284.4,0.30
16286.4,0.31
16288.4,0.31
16290.5,0.30
16292.7,0.29
16294.8,0.30
16297.0,0.29
16299.0,0.31
16301.2,0.29
16303.3,0.30
16305.3,0.31
16307.2,0.33
16309.3,0.30
16311.3,0.31
16313.3,0.31
16315.3,0.31
16317.3,0.31
16319.3,0.31
16321.3,0.31
16323.3,0.31
16325.4,0.30
16327.5,0.30
16329.6,0.30
16331.7,0.30
16333.7,0.31
16335.7,0.31
16337.8,0.30
16339.8,0.31
16341.9,0.30
16344.1,0.29
16346.3,0.29
16348.4,0.30
16350.6,0.29
16352.7,0.30
16354.7,0.31
16356.8,0.30
16358.8,0.31
16360.8,0.31
16362.7,0.33
16364.6,0.33
16366.6,0.31
16368.6,0.31
16370.6,0.31
16372.5,0.33
16374.3,0.35
16376.1,0.35
16378.0,0.33
16379.8,0.35
16381.5,0.37
16383.3,0.35
16385.1,0.35
16386.9,0.35
16388.8,0.33
16390.6,0.35
16392.5,0.33
16394.3,0.35
16396.1,0.35
16397.8,0.37
16399.5,0.37
16401.2,0.37
16403.0,0.35
16404.7,0.37
16406.5,0.35
16408.2,0.37
16410.0,0.35
16411.8,0.35
16413.6,0.35
16415.4,0.35
16417.2,0.35
16419.0,0.35
16420.9,0.33
16422.7,0.35
16424.6,0.33
16426.6,0.31
16428.5,0.33
16430.4,0.33
16432.4,0.31
16434.2,0.35
16436.1,0.33
16437.9,0.35
16439.7,0.35
16441.5,0.35
16443.3,0.35
16445.1,0.35
16447.0,0.33
16448.8,0.35
16450.6,0.35
16452.5,0.33
16454.2,0.37
16456.0,0.35
16457.8,0.35
16459.7,0.33
16461.5,0.35
16463.3,0.35
16465.1,0.35
16466.9,0.35
16468.7,0.35
16470.5,0.35
16472.3,0.35
16474.1,0.35
16475.9,0.35
16477.8,0.33
16479.5,0.37
16481.2,0.37
16482.9,0.37
16484.7,0.35
16486.4,0.37
16488.3,0.33
16490.2,0.33
16492.1,0.33
16494.0,0.33
16495.8,0.35
16497.8,0.31
16499.7,0.33
16501.6,0.33
16503.5,0.33
16505.5,0.31
16507.4,0.33
16509.2,0.35
16511.1,0.33
16513.1,0.31
16515.0,0.33
16517.0,0.31
16518.9,0.33
16520.8,0.33
16522.7,0.33
16524.6,0.33
16526.5,0.33
16528.3,0.35
16530.2,0.33
16532.0,0.35
16533.8,0.35
16535.7,0.33
16537.5,0.35
16539.2,0.37
16541.0,0.35
16542.8,0.35
16544.7,0.33
16546.4,0.37
16548.2,0.35
16550.1,0.33
16551.9,0.35
16553.7,0.35
16555.5,0.35
16557.2,0.37
16559.0,0.35
16560.8,0.35
16562.6,0.35
16564.5,0.33
16566.3,0.35
16568.3,0.31
16570.2,0.33
16572.2,0.31
16574.1,0.33
16576.1,0.31
16578.0,0.33
16579.8,0.35
16581.7,0.33
16583.6,0.33
16585.5,0.33
16587.4,0.33
16589.2,0.35
16591.0,0.35
16592.9,0.33
16594.8,0.33
16596.6,0.35
16598.5,0.33
16600.4,0.33
16602.3,0.33
16604.2,0.33
16606.0,0.35
16607.9,0.33
16609.7,0.35
16611.6,0.33
16613.5,0.33
16615.4,0.33
16617.2,0.35
16619.1,0.33
16621.0,0.33
16622.9,0.33
16624.8,0.33
16626.7,0.33
16628.5,0.35
16630.5,0.31
16632.4,0.33
16634.3,0.33
16636.3,0.31
16638.2,0.33
16640.0,0.35
16641.9,0.33
16643.8,0.33
16645.7,0.33
16647.7,0.31
16649.6,0.33
16651.4,0.35
16653.3,0.33
16655.2,0.33
16657.1,0.33
16658.9,0.35
16660.7,0.35
16662.5,0.35
16664.3,0.35
16666.1,0.35
16668.0,0.33
16669.9,0.33
16671.8,0.33
16673.7,0.33
16675.6,0.33
16677.5,0.33
16679.3,0.35
16681.3,0.31
16683.2,0.33
16685.2,0.31
16687.1,0.33
16689.0,0.33
16690.9,0.33
16692.7,0.35
16694.5,0.35
16696.2,0.37
16698.0,0.35
16699.8,0.35
16701.5,0.37
16703.3,0.35
16705.1,0.35
16707.0,0.33
16708.9,0.33
16710.8,0.33
16712.7,0.33
16714.5,0.35
16716.4,0.33
16718.2,0.35
16720.1,0.33
16722.0,0.33
16723.7,0.37
16725.5,0.35
16727.3,0.35
16728.8,0.42
16730.8,0.31
16732.4,0.39
16733.8,0.45
16735.2,0.45
16736.6,0.45
16738.1,0.42
16739.5,0.45
16741.0,0.42
16742.5,0.42
16744.0,0.42
16745.5,0.42
16747.2,0.37
16749.0,0.35
16750.8,0.35
16752.6,0.35
16754.4,0.35
16756.2,0.35
16758.0,0.35
16759.9,0.33
16761.8,0.33
16763.6,0.35
16765.5,0.33
16767.4,0.33
16769.2,0.35
16771.0,0.35
16772.8,0.35
16774.6,0.35
16776.4,0.35
16778.2,0.35
16780.0,0.35
16781.9,0.33
16783.7,0.35
16785.5,0.35
16787.3,0.35
16789.1,0.35
16791.0,0.33
16792.8,0.35
16794.7,0.33
16796.6,0.33
16798.3,0.37
16800.0,0.37
16801.5,0.42
16803.3,0.35
16805.1,0.35
16807.0,0.33
16808.9,0.33
16810.8,0.33
16812.6,0.35
16814.5,0.33
16816.3,0.35
16818.2,0.33
16820.2,0.31
16822.2,0.31
16824.2,0.31
16826.2,0.31
16828.0,0.35
16830.0,0.31
16832.0,0.31
16834.0,0.31
16836.1,0.30
16838.1,0.31
16840.2,0.30
16842.4,0.29
16844.6,0.29
16846.7,0.30
16848.8,0.30
16850.8,0.31
16852.7,0.33
16854.8,0.30
16856.9,0.30
16859.0,0.30
16861.2,0.29
16863.2,0.31
16865.2,0.31
16867.2,0.31
16869.3,0.30
16871.3,0.31
16873.3,0.31
16875.3,0.31
16877.3,0.31
16879.3,0.31
16881.3,0.31
16883.2,0.33
16885.3,0.30
16887.3,0.31
16889.4,0.30
16891.4,0.31
16893.4,0.31
16895.4,0.31
16897.4,0.31
16899.2,0.35
16901.2,0.31
16903.2,0.31
16905.4,0.29
16907.5,0.30
16909.7,0.29
16911.8,0.30
16913.8,0.31
16915.8,0.31
16917.8,0.31
16919.8,0.31
16921.9,0.30
16923.9,0.31
16926.0,0.30
16928.1,0.30
16930.1,0.31
16932.1,0.31
16934.1,0.31
16936.1,0.31
16938.2,0.30
16940.2,0.31
16942.1,0.33
16944.1,0.31
16946.1,0.31
16948.1,0.31
16950.1,0.31
16952.3,0.29
16954.4,0.30
16956.4,0.31
16958.4,0.31
16960.3,0.33
16962.3,0.31
16964.2,0.33
16966.3,0.30
16968.4,0.30
16970.5,0.30
16972.5,0.31
16974.6,0.30
16976.5,0.33
16978.4,0.33
16980.3,0.33
16982.2,0.33
16984.2,0.31
16986.2,0.31
16988.3,0.30
16990.3,0.31
16992.3,0.31
16994.2,0.33
16996.2,0.31
16998.1,0.33
17000.2,0.30
17002.2,0.31
17004.2,0.31
17006.3,0.30
17008.3,0.31
17010.2,0.33
17012.2,0.31
17014.2,0.31
17016.1,0.33
17018.0,0.33
17019.9,0.33
17022.0,0.30
17023.9,0.33
17025.8,0.33
17027.8,0.31
17029.9,0.30
17031.8,0.33
17033.7,0.33
17035.8,0.30
17037.8,0.31
17039.9,0.30
17041.9,0.31
17044.0,0.30
17046.2,0.29
17048.3,0.30
17050.4,0.30
17052.5,0.30
17054.5,0.31
17056.5,0.31
17058.5,0.31
17060.5,0.31
17062.5,0.31
17064.5,0.31
17066.6,0.30
17068.8,0.29
17070.9,0.30
17073.0,0.30
17074.9,0.33
17076.8,0.33
17078.7,0.33
17080.6,0.33
17082.6,0.31
17084.6,0.31
17086.5,0.33
17088.5,0.31
17090.4,0.33
17092.4,0.31
17094.4,0.31
17096.3,0.33
17098.3,0.31
17100.2,0.33
17102.2,0.31
17104.1,0.33
17106.0,0.33
17108.0,0.31
17110.0,0.31
17112.1,0.30
17114.2,0.30
17116.2,0.31
17118.1,0.33
17120.1,0.31
17122.2,0.30
17124.3,0.30
17126.4,0.30
17128.6,0.29
17130.7,0.30
17132.8,0.30
17134.8,0.31
17136.7,0.33
17138.6,0.33
17140.6,0.31
17142.6,0.31
17144.6,0.31
17146.6,0.31
17148.6,0.31
17150.6,0.31
17152.6,0.31
17154.5,0.33
17156.4,0.33
17158.3,0.33
17160.3,0.31
17162.2,0.33
17164.2,0.31
17166.3,0.30
17168.4,0.30
17170.5,0.30
17172.6,0.30
17174.6,0.31
17176.5,0.33
17178.5,0.31
17180.4,0.33
17182.3,0.33
17184.2,0.33
17186.2,0.31
17188.2,0.31
17190.3,0.30
17192.2,0.33
17194.0,0.35
17195.9,0.33
17197.8,0.33
17199.7,0.33
17201.6,0.33
17203.5,0.33
17205.4,0.33
17207.3,0.33
17209.4,0.30
17211.5,0.30
17213.5,0.31
17215.5,0.31
17217.4,0.33
17219.3,0.33
17221.2,0.33
17223.1,0.33
17225.1,0.31
17227.1,0.31
17229.0,0.33
17230.9,0.33
17232.8,0.33
17234.7,0.33
17236.6,0.33
17238.6,0.31
17240.6,0.31
17242.6,0.31
17244.6,0.31
17246.6,0.31
17248.6,0.31
17250.5,0.33
17252.4,0.33
17254.3,0.33
17256.1,0.35
17258.0,0.33
17259.8,0.35
17261.8,0.31
17263.7,0.33
17265.7,0.31
17267.5,0.35
17269.2,0.37
17271.0,0.35
17272.9,0.33
17274.7,0.35
17276.5,0.35
17278.3,0.35
17280.1,0.35
17282.0,0.33
17283.8,0.35
17285.8,0.31
17287.6,0.35
17289.5,0.33
17291.4,0.33
17293.2,0.35
17295.1,0.33
17297.0,0.33
17299.0,0.31
17300.9,0.33
17302.8,0.33
17304.6,0.35
17306.5,0.33
17308.3,0.35
17310.1,0.35
17312.0,0.33
17314.0,0.31
17315.9,0.33
17317.8,0.33
17319.7,0.33
17321.5,0.35
17323.4,0.33
17325.3,0.33
17327.3,0.31
17329.2,0.33
17331.2,0.31
17333.0,0.35
17334.9,0.33
17336.9,0.31
17338.9,0.31
17340.8,0.33
17342.7,0.33
17344.7,0.31
17346.7,0.31
17348.6,0.33
17350.6,0.31
17352.4,0.35
17354.3,0.33
17356.2,0.33
17358.0,0.35
17359.9,0.33
17361.8,0.33
17363.7,0.33
17365.6,0.33
17367.4,0.35
17369.3,0.33
17371.1,0.35
17373.0,0.33
17375.0,0.31
17376.9,0.33
17378.8,0.33
17380.8,0.31
17382.7,0.33
17384.5,0.35
17386.3,0.35
17388.1,0.35
17389.9,0.35
17391.7,0.35
17393.5,0.35
17395.4,0.33
17397.4,0.31
17399.3,0.33
17401.2,0.33
17403.1,0.33
17405.0,0.33
17407.0,0.31
17408.9,0.33
17410.9,0.31
17412.8,0.33
17414.7,0.33
17416.6,0.33
17418.6,0.31
17420.5,0.33
17422.4,0.33
17424.3,0.33
17426.2,0.33
17428.1,0.33
17430.0,0.33
17432.0,0.31
17433.9,0.33
17435.8,0.33
17437.7,0.33
17439.7,0.31
17441.6,0.33
17443.6,0.31
17445.6,0.31
17447.7,0.30
17449.6,0.33
17451.6,0.31
17453.5,0.33
17455.5,0.31
17457.4,0.33
17459.3,0.33
17461.2,0.33
17463.0,0.35
17464.8,0.35
17466.6,0.35
17468.4,0.35
17470.1,0.37
17471.9,0.35
17473.6,0.37
17475.3,0.37
17477.0,0.37
17478.8,0.35
17480.6,0.35
17482.2,0.39
17483.8,0.39
17485.4,0.39
17486.9,0.42
17488.4,0.42
17489.9,0.42
17491.4,0.42
17493.0,0.39
17494.6,0.39
17496.3,0.37
17498.0,0.37
17499.7,0.37
17501.4,0.37
17503.2,0.35
17504.9,0.37
17506.6,0.37
17508.4,0.35
17510.2,0.35
17511.9,0.37
17513.7,0.35
17515.6,0.33
17517.5,0.33
17519.4,0.33
17521.3,0.33
17523.1,0.35
17525.0,0.33
17526.8,0.35
17528.7,0.33
17530.5,0.35
17532.5,0.31
17534.3,0.35
17536.2,0.33
17538.2,0.31
17540.0,0.35
17541.9,0.33
17543.8,0.33
17545.7,0.33
17547.7,0.31
17549.7,0.31
17551.7,0.31
17553.6,0.33
17555.6,0.31
17557.6,0.31
17559.6,0.31
17561.6,0.31
17563.5,0.33
17565.3,0.35
17567.2,0.33
17569.1,0.33
17571.1,0.31
17573.1,0.31
17575.1,0.31
17577.0,0.33
17579.1,0.30
17581.2,0.30
17583.2,0.31
17585.3,0.30
17587.3,0.31
17589.2,0.33
17591.0,0.35
17592.9,0.33
17594.8,0.33
17596.8,0.31
17598.8,0.31
17600.8,0.31
17602.8,0.31
17604.7,0.33
17606.7,0.31
17608.6,0.33
17610.6,0.31
17612.6,0.31
17614.6,0.31
17616.6,0.31
17618.5,0.33
17620.3,0.35
17622.3,0.31
17624.2,0.33
17626.2,0.31
17628.1,0.33
17630.0,0.33
17632.0,0.31
17634.1,0.30
17636.2,0.30
17638.2,0.31
17640.1,0.33
17642.2,0.30
17644.2,0.31
17646.2,0.31
17648.1,0.33
17650.0,0.33
17651.9,0.33
17653.7,0.35
17655.7,0.31
17657.7,0.31
17659.8,0.30
17661.9,0.30
17663.8,0.33
17665.8,0.31
17667.8,0.31
17669.8,0.31
17671.8,0.31
17673.9,0.30
17675.8,0.33
17677.8,0.31
17679.8,0.31
17681.7,0.33
17683.6,0.33
17685.4,0.35
17687.3,0.33
17689.2,0.33
17691.2,0.31
17693.1,0.33
17695.1,0.31
17697.1,0.31
17699.0,0.33
17700.9,0.33
17702.8,0.33
17704.7,0.33
17706.6,0.33
17708.6,0.31
17710.6,0.31
17712.5,0.33
17714.4,0.33
17716.4,0.31
17718.3,0.33
17720.2,0.33
17722.2,0.31
17724.2,0.31
17726.2,0.31
17728.2,0.31
17730.2,0.31
17732.1,0.33
17734.0,0.33
17735.8,0.35
17737.8,0.31
17739.8,0.31
17741.7,0.33
17743.7,0.31
17745.7,0.31
17747.6,0.33
17749.6,0.31
17751.6,0.31
17753.6,0.31
17755.6,0.31
17757.6,0.31
17759.6,0.31
17761.6,0.31
17763.6,0.31
17765.7,0.30
17767.8,0.30
17769.9,0.30
17771.9,0.31
17774.0,0.30
17776.0,0.31
17778.0,0.31
17779.9,0.33
17781.8,0.33
17783.8,0.31
17785.7,0.33
17787.7,0.31
17789.7,0.31
17791.6,0.33
17793.5,0.33
17795.4,0.33
17797.3,0.33
17799.3,0.31
17801.3,0.31
17803.2,0.33
17805.2,0.31
17807.1,0.33
17809.0,0.33
17810.9,0.33
17812.8,0.33
17814.7,0.33
17816.5,0.35
17818.4,0.33
17820.4,0.31
17822.4,0.31
17824.4,0.31
17826.5,0.30
17828.5,0.31
17830.5,0.31
17832.5,0.31
17834.5,0.31
17836.5,0.31
17838.6,0.30
17840.6,0.31
17842.7,0.30
17844.8,0.30
17846.8,0.31
17848.8,0.31
17850.7,0.33
17852.7,0.31
17854.7,0.31
17856.8,0.30
17858.9,0.30
17860.9,0.31
17863.0,0.30
17865.1,0.30
17867.2,0.30
17869.4,0.29
17871.5,0.30
17873.5,0.31
17875.4,0.33
17877.5,0.30
17879.6,0.30
17881.7,0.30
17883.8,0.30
17885.9,0.30
17888.0,0.30
17890.1,0.30
17892.1,0.31
17894.0,0.33
17895.8,0.35
17897.6,0.35
17899.4,0.35
17901.2,0.35
17903.1,0.33
17905.0,0.33
17906.9,0.33
17908.9,0.31
17910.9,0.31
17912.9,0.31
17914.9,0.31
17916.9,0.31
17918.8,0.33
17920.7,0.33
17922.7,0.31
17924.8,0.30
17926.8,0.31
17928.8,0.31
17930.8,0.31
17932.8,0.31
17934.8,0.31
17936.8,0.31
17938.7,0.33
17940.6,0.33
17942.7,0.30
17944.7,0.31
17946.7,0.31
17948.7,0.31
17950.7,0.31
17952.6,0.33
17954.6,0.31
17956.5,0.33
17958.5,0.31
17960.5,0.31
17962.6,0.30
17964.6,0.31
17966.6,0.31
17968.6,0.31
17970.6,0.31
17972.7,0.30
17974.7,0.31
17976.7,0.31
17978.6,0.33
17980.6,0.31
17982.5,0.33
17984.4,0.33
17986.4,0.31
17988.4,0.31
17990.4,0.31
17992.4,0.31
17994.4,0.31
17996.3,0.33
17998.3,0.31
18000.2,0.33
18002.2,0.31
18004.2,0.31
18006.1,0.33
18008.2,0.30
18010.2,0.31
18012.3,0.30
18014.2,0.33
18016.2,0.31
18018.0,0.35
18020.0,0.31
18022.0,0.31
18024.0,0.31
18026.0,0.31
18028.0,0.31
18030.0,0.31
18031.9,0.33
18033.8,0.33
18035.6,0.35
18037.3,0.37
18039.1,0.35
18040.9,0.35
18042.7,0.35
18044.5,0.35
18046.3,0.35
18048.0,0.37
18049.8,0.35
18051.5,0.37
18053.2,0.37
18054.8,0.39
18056.6,0.35
18058.3,0.37
18060.1,0.35
18061.8,0.37
18063.6,0.35
18065.4,0.35
18067.2,0.35
18069.0,0.35
18070.9,0.33
18072.8,0.33
18074.6,0.35
18076.4,0.35
18078.2,0.35
18079.9,0.37
18081.7,0.35
18083.5,0.35
18085.2,0.37
18087.0,0.35
18088.8,0.35
18090.5,0.37
18092.3,0.35
18094.1,0.35
18096.0,0.33
18097.8,0.35
18099.7,0.33
18101.7,0.31
18103.7,0.31
18105.6,0.33
18107.6,0.31
18109.5,0.33
18111.4,0.33
18113.3,0.33
18115.2,0.33
18117.2,0.31
18119.1,0.33
18121.1,0.31
18123.1,0.31
18125.0,0.33
18127.0,0.31
18129.0,0.31
18130.9,0.33
18132.7,0.35
18134.6,0.33
18136.5,0.33
18138.4,0.33
18140.3,0.33
18142.3,0.31
18144.2,0.33
18146.2,0.31
18148.1,0.33
18149.9,0.35
18151.8,0.33
18153.8,0.31
18155.8,0.31
18157.7,0.33
18159.7,0.31
18161.7,0.31
18163.8,0.30
18165.8,0.31
18167.8,0.31
18169.6,0.35
18171.5,0.33
18173.3,0.35
18175.2,0.33
18177.1,0.33
18179.0,0.33
18181.0,0.31
18182.9,0.33
18185.0,0.30
18186.9,0.33
18188.9,0.31
18190.9,0.31
18192.8,0.33
18194.8,0.31
18196.8,0.31
18198.8,0.31
18200.9,0.30
18202.9,0.31
18204.8,0.33
18206.7,0.33
18208.7,0.31
18210.8,0.30
18212.9,0.30
18215.0,0.30
18217.1,0.30
18219.0,0.33
18221.0,0.31
18223.0,0.31
18225.1,0.30
18227.1,0.31
18229.1,0.31
18231.2,0.30
18233.2,0.31
18235.1,0.33
18237.0,0.33
18239.1,0.30
18241.1,0.31
18243.2,0.30
18245.2,0.31
18247.3,0.30
18249.4,0.30
18251.5,0.30
18253.6,0.30
18255.6,0.31
18257.6,0.31
18259.7,0.30
18261.6,0.33
18263.6,0.31
18265.7,0.30
18267.8,0.30
18269.8,0.31
18271.8,0.31
18274.0,0.29
18276.1,0.30
18278.3,0.29
18280.4,0.30
18282.5,0.30
18284.5,0.31
18286.5,0.31
18288.6,0.30
18290.8,0.29
18292.8,0.31
18294.9,0.30
18297.0,0.30
18299.0,0.31
18301.1,0.30
18303.1,0.31
18305.2,0.30
18307.3,0.30
18309.3,0.31
18311.4,0.30
18313.4,0.31
18315.5,0.30
18317.6,0.30
18319.6,0.31
18321.8,0.29
18324.0,0.29
18326.2,0.29
18328.4,0.29
18330.5,0.30
18332.5,0.31
18334.5,0.31
18336.6,0.30
18338.6,0.31
18340.7,0.30
18342.9,0.29
18345.0,0.30
18347.2,0.29
18349.3,0.30
18351.4,0.30
18353.6,0.29
18355.9,0.27
18358.0,0.30
18360.2,0.29
18362.3,0.30
18364.4,0.30
18366.6,0.29
18368.7,0.30
18370.7,0.31
18372.7,0.31
18374.7,0.31
18376.8,0.30
18378.8,0.31
18380.8,0.31
18382.9,0.30
18384.9,0.31
18387.0,0.30
18389.0,0.31
18391.1,0.30
18393.2,0.30
18395.2,0.31
18397.1,0.33
18399.0,0.33
18401.0,0.31
18402.9,0.33
18404.8,0.33
18406.8,0.31
18408.9,0.30
18410.9,0.31
18412.9,0.31
18414.9,0.31
18417.0,0.30
18419.1,0.30
18421.3,0.29
18423.4,0.30
18425.5,0.30
18427.6,0.30
18429.6,0.31
18431.7,0.30
18433.7,0.31
18435.8,0.30
18437.8,0.31
18439.9,0.30
18442.0,0.30
18444.1,0.30
18446.2,0.30
18448.3,0.30
18450.3,0.31
18452.3,0.31
18454.3,0.31
18456.3,0.31
18458.3,0.31
18460.4,0.30
18462.3,0.33
18464.4,0.30
18466.5,0.30
18468.4,0.33
18470.5,0.30
18472.6,0.30
18474.7,0.30
18476.8,0.30
18478.8,0.31
18480.8,0.31
18482.8,0.31
18484.8,0.31
18486.8,0.31
18488.8,0.31
18490.9,0.30
18492.9,0.31
18494.9,0.31
18497.0,0.30
18498.9,0.33
18501.0,0.30
18503.1,0.30
18505.3,0.29
18507.4,0.30
18509.4,0.31
18511.5,0.30
18513.4,0.33
18515.4,0.31
18517.3,0.33
18519.3,0.31
18521.1,0.35
18523.1,0.31
18525.2,0.30
18527.2,0.31
18529.2,0.31
18531.2,0.31
18533.1,0.33
18535.0,0.33
18537.1,0.30
18539.2,0.30
18541.4,0.29
18543.6,0.29
18545.8,0.29
18548.0,0.29
18550.1,0.30
18552.3,0.29
18554.3,0.31
18556.3,0.31
18558.3,0.31
18560.3,0.31
18562.1,0.35
18564.0,0.33
18565.9,0.33
18567.8,0.33
18569.9,0.30
18572.0,0.30
18573.9,0.33
18575.9,0.31
18577.9,0.31
18580.0,0.30
18582.0,0.31
18584.0,0.31
18586.1,0.30
18588.2,0.30
18590.3,0.30
18592.4,0.30
18594.4,0.31
18596.5,0.30
18598.6,0.30
18600.6,0.31
18602.7,0.30
18604.9,0.29
18607.0,0.30
18609.1,0.30
18611.2,0.30
18613.3,0.30
18615.4,0.30
18617.5,0.30
18619.6,0.30
18621.7,0.30
18623.8,0.30
18625.9,0.30
18627.9,0.31
18630.0,0.30
18632.0,0.31
18634.0,0.31
18635.9,0.33
18637.8,0.33
18639.5,0.37
18641.3,0.35
18643.1,0.35
18645.0,0.33
18646.8,0.35
18648.7,0.33
18650.5,0.35
18652.5,0.31
18654.4,0.33
18656.2,0.35
18658.0,0.35
18659.9,0.33
18661.8,0.33
18663.8,0.31
18665.7,0.33
18667.6,0.33
18669.5,0.33
18671.3,0.35
18673.3,0.31
18675.2,0.33
18677.2,0.31
18679.1,0.33
18681.0,0.33
18682.9,0.33
18684.9,0.31
18686.8,0.33
18688.8,0.31
18690.7,0.33
18692.7,0.31
18694.7,0.31
18696.6,0.33
18698.6,0.31
18700.6,0.31
18702.7,0.30
18704.9,0.29
18707.0,0.30
18709.3,0.27
18711.5,0.29
18713.6,0.30
18715.7,0.30
18717.7,0.31
18719.7,0.31
18721.9,0.29
18724.1,0.29
18726.2,0.30
18728.3,0.30
18730.2,0.33
18732.2,0.31
18734.1,0.33
18736.0,0.33
18737.9,0.33
18739.7,0.35
18741.5,0.35
18743.3,0.35
18745.2,0.33
18747.1,0.33
18749.1,0.31
18751.0,0.33
18753.0,0.31
18754.8,0.35
18756.7,0.33
18758.5,0.35
18760.4,0.33
18762.2,0.35
18764.1,0.33
18766.0,0.33
18767.9,0.33
18769.8,0.33
18771.6,0.35
18773.5,0.33
18775.4,0.33
18777.3,0.33
18779.3,0.31
18781.2,0.33
18783.1,0.33
18785.1,0.31
18787.0,0.33
18788.9,0.33
18790.8,0.33
18792.7,0.33
18794.7,0.31
18796.5,0.35
18798.4,0.33
18800.4,0.31
18802.5,0.30
18804.5,0.31
18806.6,0.30
18808.6,0.31
18810.6,0.31
18812.5,0.33
18814.3,0.35
18816.1,0.35
18817.9,0.35
18819.7,0.35
18821.7,0.31
18823.7,0.31
18825.6,0.33
18827.5,0.33
18829.5,0.31
18831.3,0.35
18833.1,0.35
18834.9,0.35
18836.8,0.33
18838.7,0.33
18840.5,0.35
18842.4,0.33
18844.3,0.33
18846.2,0.33
18848.1,0.33
18850.0,0.33
18851.9,0.33
18853.8,0.33
18855.8,0.31
18857.7,0.33
18859.6,0.33
18861.5,0.33
18863.4,0.33
18865.4,0.31
18867.3,0.33
18869.2,0.33
18871.1,0.33
18873.1,0.31
18875.0,0.33
18877.0,0.31
18879.0,0.31
18880.9,0.33
18882.9,0.31
18885.0,0.30
18887.0,0.31
18889.0,0.31
18891.0,0.31
18893.1,0.30
18895.0,0.33
18896.9,0.33
18898.8,0.33
18900.7,0.33
18902.6,0.33
18904.5,0.33
18906.5,0.31
18908.5,0.31
18910.6,0.30
18912.6,0.31
18914.5,0.33
18916.4,0.33
18918.3,0.33
18920.2,0.33
18922.2,0.31
18924.0,0.35
18925.9,0.33
18927.9,0.31
18929.7,0.35
18931.6,0.33
18933.4,0.35
18935.3,0.33
18937.2,0.33
18939.1,0.33
18941.0,0.33
18942.8,0.35
18944.8,0.31
18946.7,0.33
18948.7,0.31
18950.6,0.33
18952.7,0.30
18954.6,0.33
18956.5,0.33
18958.3,0.35
18960.2,0.33
18962.1,0.33
18964.0,0.33
18965.9,0.33
18967.8,0.33
18969.6,0.35
18971.5,0.33
18973.4,0.33
18975.2,0.35
18977.2,0.31
18979.1,0.33
18981.1,0.31
18983.1,0.31
18985.1,0.31
18987.1,0.31
18989.1,0.31
18991.0,0.33
18993.0,0.31
18994.9,0.33
18996.8,0.33
18998.7,0.33
19000.5,0.35
19002.4,0.33
19004.4,0.31
19006.3,0.33
19008.2,0.33
19010.1,0.33
19012.0,0.33
19013.8,0.35
19015.7,0.33
19017.5,0.35
19019.4,0.33
19021.2,0.35
19023.1,0.33
19025.0,0.33
19027.0,0.31
19028.8,0.35
19030.7,0.33
19032.7,0.31
19034.5,0.35
19036.5,0.31
19038.3,0.35
19040.2,0.33
19042.1,0.33
19043.9,0.35
19045.8,0.33
19047.8,0.31
19049.7,0.33
19051.6,0.33
19053.7,0.30
19055.6,0.33
19057.6,0.31
19059.5,0.33
19061.5,0.31
19063.5,0.31
19065.5,0.31
19067.6,0.30
19069.6,0.31
19071.5,0.33
19073.4,0.33
19075.2,0.35
19077.0,0.35
19078.8,0.35
19080.6,0.35
19082.4,0.35
19084.3,0.33
19086.2,0.33
19088.1,0.33
19090.0,0.33
19091.9,0.33
19093.8,0.33
19095.7,0.33
19097.6,0.33
19099.5,0.33
19101.4,0.33
19103.3,0.33
19105.3,0.31
19107.3,0.31
19109.2,0.33
19111.1,0.33
19112.9,0.35
19114.8,0.33
19116.7,0.33
19118.6,0.33
19120.5,0.33
19122.4,0.33
19124.3,0.33
19126.3,0.31
19128.2,0.33
19130.1,0.33
19131.9,0.35
19133.7,0.35
19135.6,0.33
19137.4,0.35
19139.2,0.35
19141.1,0.33
19143.0,0.33
19144.8,0.35
19146.6,0.35
19148.4,0.35
19150.3,0.33
19152.2,0.33
19154.1,0.33
19156.0,0.33
19157.9,0.33
19159.8,0.33
19161.8,0.31
19163.7,0.33
19165.6,0.33
19167.6,0.31
19169.7,0.30
19171.7,0.31
19173.7,0.31
19175.6,0.33
19177.5,0.33
19179.3,0.35
19181.2,0.33
19183.0,0.35
19184.9,0.33
19186.8,0.33
19188.6,0.35
19190.4,0.35
19192.3,0.33
19194.2,0.33
19196.0,0.35
19197.9,0.33
19199.8,0.33
19201.6,0.35
19203.5,0.33
19205.4,0.33
19207.4,0.31
19209.3,0.33
19211.1,0.35
19213.0,0.33
19214.8,0.35
19216.6,0.35
19218.4,0.35
19220.2,0.35
19222.0,0.35
19223.8,0.35
19225.8,0.31
19227.8,0.31
19229.8,0.31
19231.8,0.31
19233.8,0.31
19235.8,0.31
19237.8,0.31
19239.9,0.30
19241.9,0.31
19243.9,0.31
19245.8,0.33
19247.6,0.35
19249.6,0.31
19251.6,0.31
19253.5,0.33
19255.5,0.31
19257.5,0.31
19259.5,0.31
19261.6,0.30
19263.7,0.30
19265.9,0.29
19268.3,0.26
19270.6,0.27
19272.6,0.31
19274.5,0.33
19276.3,0.35
19278.0,0.37
19279.8,0.35
19281.6,0.35
19283.4,0.35
19285.2,0.35
19287.0,0.35
19288.7,0.37
19290.4,0.37
19292.2,0.35
19294.0,0.35
19295.8,0.35
19297.7,0.33
19299.6,0.33
19301.5,0.33
19303.4,0.33
19305.3,0.33
19307.2,0.33
19309.1,0.33
19311.1,0.31
19313.0,0.33
19314.8,0.35
19316.7,0.33
19318.5,0.35
19320.3,0.35
19322.1,0.35
19323.9,0.35
19325.7,0.35
19327.4,0.37
19329.2,0.35
19330.9,0.37
19332.7,0.35
19334.5,0.35
19336.3,0.35
19338.0,0.37
19339.8,0.35
19341.5,0.37
19343.2,0.37
19344.9,0.37
19346.6,0.37
19348.3,0.37
19350.0,0.37
19351.7,0.37
19353.5,0.35
19355.2,0.37
19356.9,0.37
19358.6,0.37
19360.2,0.39
19362.0,0.35
19363.7,0.37
19365.4,0.37
19367.1,0.37
19368.8,0.37
19370.5,0.37
19372.1,0.39
19373.8,0.37
19375.6,0.35
19377.3,0.37
19379.0,0.37
19380.7,0.37
19382.4,0.37
19384.1,0.37
19385.8,0.37
19387.6,0.35
19389.4,0.35
19391.0,0.39
19392.7,0.37
19394.6,0.33
19396.4,0.35
19398.2,0.35
19399.9,0.37
19401.7,0.35
19403.4,0.37
19405.2,0.35
19407.0,0.35
19408.8,0.35
19410.5,0.37
19412.3,0.35
19414.2,0.33
19416.0,0.35
19417.8,0.35
19420.4,0.24
19422.7,0.27
19424.9,0.29
19426.8,0.33
19428.8,0.31
19430.8,0.31
19432.7,0.33
19434.7,0.31
19436.5,0.35
19438.4,0.33
19440.1,0.37
19441.9,0.35
19443.6,0.37
19445.3,0.37
19447.0,0.37
19448.8,0.35
19450.6,0.35
19452.4,0.35
19454.2,0.35
19456.0,0.35
19457.7,0.37
19459.4,0.37
19461.2,0.35
19462.9,0.37
19464.6,0.37
19466.6,0.31
19468.5,0.33
19470.4,0.33
19472.1,0.37
19473.9,0.35
19475.6,0.37
19477.4,0.35
19479.1,0.37
19480.8,0.37
19482.6,0.35
19484.3,0.37
19486.2,0.33
19488.2,0.31
19490.1,0.33
19491.9,0.35
19493.8,0.33
19495.6,0.35
19497.4,0.35
19499.1,0.37
19500.9,0.35
19502.5,0.39
19504.2,0.37
19506.0,0.35
19507.8,0.35
19509.5,0.37
19511.3,0.35
19513.1,0.35
19515.0,0.33
19516.8,0.35
19518.6,0.35
19520.4,0.35
19522.1,0.37
19523.9,0.35
19525.8,0.33
19527.7,0.33
19529.7,0.31
19531.7,0.31
19533.7,0.31
19535.7,0.31
19537.7,0.31
19539.7,0.31
19541.6,0.33
19543.5,0.33
19545.5,0.31
19547.4,0.33
19549.3,0.33
19551.3,0.31
19553.4,0.30
19555.6,0.29
19557.7,0.30
19559.7,0.31
19561.6,0.33
19563.6,0.31
19565.5,0.33
19567.6,0.30
19569.6,0.31
19571.6,0.31
19573.5,0.33
19575.4,0.33
19577.3,0.33
19579.3,0.31
19581.2,0.33
19583.2,0.31
19585.2,0.31
19587.1,0.33
19589.0,0.33
19590.9,0.33
19592.8,0.33
19594.7,0.33
19596.7,0.31
19598.6,0.33
19600.6,0.31
19602.5,0.33
19604.4,0.33
19606.3,0.33
19608.2,0.33
19610.0,0.35
19612.0,0.31
19614.1,0.30
19616.2,0.30
19618.2,0.31
19620.2,0.31
19622.2,0.31
19624.1,0.33
19626.1,0.31
19628.1,0.31
19630.2,0.30
19632.1,0.33
19634.1,0.31
19636.2,0.30
19638.2,0.31
19640.2,0.31
19642.0,0.35
19644.0,0.31
19646.0,0.31
19648.0,0.31
19649.9,0.33
19651.7,0.35
19653.6,0.33
19655.5,0.33
19657.4,0.33
19659.2,0.35
19661.0,0.35
19662.9,0.33
19664.8,0.33
19666.7,0.33
19668.7,0.31
19670.7,0.31
19672.7,0.31
19674.6,0.33
19676.5,0.33
19678.3,0.35
19680.2,0.33
19682.1,0.33
19684.0,0.33
19685.9,0.33
19687.7,0.35
19689.6,0.33
19691.5,0.33
19693.4,0.33
19695.3,0.33
19697.3,0.31
19699.3,0.31
19701.3,0.31
19703.3,0.31
19705.2,0.33
19707.1,0.33
19709.0,0.33
19711.0,0.31
19713.0,0.31
19715.0,0.31
19717.0,0.31
19718.9,0.33
19720.9,0.31
19722.9,0.31
19724.8,0.33
19726.8,0.31
19728.8,0.31
19730.8,0.31
19732.9,0.30
19734.9,0.31
19736.9,0.31
19739.0,0.30
19741.0,0.31
19743.0,0.31
19744.9,0.33
19746.9,0.31
19748.9,0.31
19750.9,0.31
19752.8,0.33
19754.8,0.31
19756.8,0.31
19758.7,0.33
19760.7,0.31
19762.7,0.31
19764.7,0.31
19766.6,0.33
19768.6,0.31
19770.5,0.33
19772.4,0.33
19774.4,0.31
19776.4,0.31
19778.4,0.31
19780.5,0.30
19782.6,0.30
19784.5,0.33
19786.5,0.31
19788.3,0.35
19790.1,0.35
19792.0,0.33
19793.9,0.33
19795.8,0.33
19797.7,0.33
19799.6,0.33
19801.4,0.35
19803.3,0.33
19805.3,0.31
19807.3,0.31
19809.3,0.31
19811.2,0.33
19812.9,0.37
19814.8,0.33
19816.6,0.35
19818.5,0.33
19820.4,0.33
19822.3,0.33
19824.2,0.33
19826.1,0.33
19828.0,0.33
19829.9,0.33
19831.8,0.33
19833.7,0.33
19835.7,0.31
19837.6,0.33
19839.5,0.33
19841.4,0.33
19843.3,0.33
19845.2,0.33
19847.0,0.35
19848.9,0.33
19850.8,0.33
19852.7,0.33
19854.7,0.31
19856.6,0.33
19858.6,0.31
19860.6,0.31
19862.5,0.33
19864.4,0.33
19866.3,0.33
19868.1,0.35
19870.0,0.33
19871.9,0.33
19873.7,0.35
19875.6,0.33
19877.4,0.35
19879.2,0.35
19881.1,0.33
19883.0,0.33
19885.0,0.31
19886.9,0.33
19888.9,0.31
19890.9,0.31
19892.8,0.33
19894.6,0.35
19896.5,0.33
19898.2,0.37
19900.0,0.35
19901.9,0.33
19903.8,0.33
19905.6,0.35
19907.5,0.33
19909.4,0.33
19911.2,0.35
19913.0,0.35
19914.8,0.35
19916.6,0.35
19918.5,0.33
19920.4,0.33
19922.3,0.33
19924.3,0.31
19926.4,0.30
19928.4,0.31
19930.5,0.30
19932.5,0.31
19934.5,0.31
19936.4,0.33
19938.4,0.31
19940.2,0.35
19942.0,0.35
19944.0,0.31
19945.9,0.33
19947.9,0.31
19949.8,0.33
19951.6,0.35
19953.5,0.33
19955.2,0.37
19957.1,0.33
19958.8,0.37
19960.7,0.33
19962.5,0.35
19964.2,0.37
19966.0,0.35
19967.9,0.33
19969.8,0.33
19971.7,0.33
19973.6,0.33
19975.4,0.35
19977.3,0.33
19979.1,0.35
19980.9,0.35
19982.7,0.35
19984.5,0.35
19986.4,0.33
19988.2,0.35
19990.1,0.33
19992.0,0.33
19993.8,0.35
19995.7,0.33
19997.6,0.33
19999.5,0.33
20001.5,0.31
20003.4,0.33
20005.2,0.35
20007.0,0.35
20008.9,0.33
20010.8,0.33
20012.7,0.33
20014.5,0.35
20016.2,0.37
20018.0,0.35
20019.9,0.33
20021.7,0.35
20023.6,0.33
20025.5,0.33
20027.5,0.31
20029.5,0.31
20031.5,0.31
20033.3,0.35
20035.2,0.33
20037.1,0.33
20039.0,0.33
20040.8,0.35
20042.7,0.33
20044.6,0.33
20046.5,0.33
20048.4,0.33
20050.3,0.33
20052.2,0.33
20054.1,0.33
20056.0,0.33
20057.9,0.33
20059.8,0.33
20061.7,0.33
20063.5,0.35
20065.4,0.33
20067.2,0.35
20069.1,0.33
20071.0,0.33
20072.9,0.33
20074.8,0.33
20076.8,0.31
20078.8,0.31
20080.8,0.31
20082.8,0.31
20084.8,0.31
20086.7,0.33
20088.6,0.33
20090.6,0.31
20092.4,0.35
20094.4,0.31
20096.3,0.33
20098.1,0.35
20099.9,0.35
20101.7,0.35
20103.6,0.33
20105.6,0.31
20107.5,0.33
20109.3,0.35
20111.0,0.37
20112.8,0.35
20114.5,0.37
20116.2,0.37
20118.0,0.35
20119.7,0.37
20121.5,0.35
20123.3,0.35
20125.1,0.35
20126.9,0.35
20128.6,0.37
20130.2,0.39
20131.9,0.37
20133.6,0.37
20135.2,0.39
20136.9,0.37
20138.7,0.35
20140.5,0.35
20142.3,0.35
20144.2,0.33
20146.1,0.33
20148.0,0.33
20149.8,0.35
20151.7,0.33
20153.2,0.42
20154.8,0.39
20156.4,0.39
20158.0,0.39
20159.6,0.39
20161.3,0.37
20162.9,0.39
20164.6,0.37
20166.2,0.39
20167.9,0.37
20169.6,0.37
20171.3,0.37
20173.0,0.37
20174.8,0.35
20176.5,0.37
20178.3,0.35
20180.1,0.35
20181.9,0.35
20183.6,0.37
20185.3,0.37
20187.1,0.35
20188.8,0.37
20190.5,0.37
20192.2,0.37
20194.0,0.35
20195.7,0.37
20197.6,0.33
20199.4,0.35
20201.2,0.35
20203.0,0.35
20204.9,0.33
20206.7,0.35
20208.4,0.37
20210.2,0.35
20212.0,0.35
20213.8,0.35
20215.6,0.35
20217.5,0.33
20219.5,0.31
20221.6,0.30
20223.6,0.31
20225.6,0.31
20227.5,0.33
20229.4,0.33
20231.2,0.35
20233.0,0.35
20234.8,0.35
20236.7,0.33
20238.5,0.35
20240.2,0.37
20242.0,0.35
20243.8,0.35
20245.5,0.37
20247.4,0.33
20249.3,0.33
20251.2,0.33
20253.0,0.35
20255.0,0.31
20256.9,0.33
20258.8,0.33
20260.8,0.31
20262.8,0.31
20264.8,0.31
20266.8,0.31
20268.7,0.33
20270.5,0.35
20272.4,0.33
20274.4,0.31
20276.4,0.31
20278.4,0.31
20280.4,0.31
20282.4,0.31
20284.4,0.31
20286.4,0.31
20288.4,0.31
20290.4,0.31
20292.3,0.33
20294.3,0.31
20296.3,0.31
20298.3,0.31
20300.3,0.31
20302.3,0.31
20304.4,0.30
20306.3,0.33
20308.3,0.31
20310.2,0.33
20312.2,0.31
20314.2,0.31
20316.3,0.30
20318.2,0.33
20320.1,0.33
20322.0,0.33
20323.9,0.33
20325.9,0.31
20327.8,0.33
20329.8,0.31
20331.6,0.35
20333.6,0.31
20335.5,0.33
20337.4,0.33
20339.2,0.35
20341.1,0.33
20343.0,0.33
20344.9,0.33
20346.9,0.31
20348.8,0.33
20350.8,0.31
20352.7,0.33
20354.6,0.33
20356.5,0.33
20358.5,0.31
20360.5,0.31
20362.5,0.31
20364.5,0.31
20366.5,0.31
20368.7,0.29
20370.8,0.30
20372.9,0.30
20375.0,0.30
20376.9,0.33
20378.9,0.31
20380.9,0.31
20383.1,0.29
20385.2,0.30
20387.2,0.31
20389.4,0.29
20391.5,0.30
20393.5,0.31
20395.5,0.31
20397.5,0.31
20399.5,0.31
20401.5,0.31
20403.5,0.31
20405.5,0.31
20407.4,0.33
20409.2,0.35
20411.2,0.31
20413.1,0.33
20415.0,0.33
20417.0,0.31
20418.9,0.33
20420.9,0.31
20422.9,0.31
20425.0,0.30
20427.0,0.31
20428.9,0.33
20430.9,0.31
20432.9,0.31
20434.8,0.33
20436.7,0.33
20438.6,0.33
20440.5,0.33
20442.3,0.35
20444.2,0.33
20446.1,0.33
20448.0,0.33
20449.9,0.33
20451.8,0.33
20453.8,0.31
20455.7,0.33
20457.7,0.31
20459.7,0.31
20461.8,0.30
20463.8,0.31
20465.8,0.31
20467.8,0.31
20469.9,0.30
20471.9,0.31
20473.8,0.33
20475.7,0.33
20477.6,0.33
20479.5,0.33
20481.4,0.33
20483.4,0.31
20485.3,0.33
20487.2,0.33
20489.1,0.33
20491.1,0.31
20493.1,0.31
20495.1,0.31
20497.1,0.31
20499.2,0.30
20501.2,0.31
20503.2,0.31
20505.2,0.31
20507.3,0.30
20509.3,0.31
20511.2,0.33
20513.2,0.31
20515.1,0.33
20517.0,0.33
20519.0,0.31
20521.1,0.30
20523.2,0.30
20525.2,0.31
20527.2,0.31
20529.2,0.31
20531.3,0.30
20533.5,0.29
20535.6,0.30
20537.8,0.29
20539.9,0.30
20542.0,0.30
20544.0,0.31
20546.0,0.31
20548.0,0.31
20550.0,0.31
20552.0,0.31
20554.0,0.31
20555.8,0.35
20557.7,0.33
20559.6,0.33
20561.5,0.33
20563.3,0.35
20565.2,0.33
20567.0,0.35
20568.9,0.33
20570.8,0.33
20572.7,0.33
20574.6,0.33
20576.5,0.33
20578.4,0.33
20580.4,0.31
20582.4,0.31
20584.4,0.31
20586.5,0.30
20588.6,0.30
20590.7,0.30
20592.6,0.33
20594.5,0.33
20596.5,0.31
20598.5,0.31
20600.4,0.33
20602.3,0.33
20604.3,0.31
20606.3,0.31
20608.3,0.31
20610.2,0.33
20612.2,0.31
20614.1,0.33
20616.0,0.33
20618.0,0.31
20619.9,0.33
20621.8,0.33
20623.6,0.35
20625.6,0.31
20627.5,0.33
20629.4,0.33
20631.4,0.31
20633.4,0.31
20635.3,0.33
20637.3,0.31
20639.3,0.31
20641.4,0.30
20643.4,0.31
20645.5,0.30
20647.4,0.33
20649.3,0.33
20651.2,0.33
20653.2,0.31
20655.2,0.31
20657.3,0.30
20659.3,0.31
20661.3,0.31
20663.4,0.30
20665.4,0.31
20667.5,0.30
20669.5,0.31
20671.4,0.33
20673.4,0.31
20675.3,0.33
20677.2,0.33
20679.2,0.31
20681.2,0.31
20683.2,0.31
20685.2,0.31
20687.2,0.31
20689.3,0.30
20691.3,0.31
20693.4,0.30
20695.5,0.30
20697.6,0.30
20699.6,0.31
20701.5,0.33
20703.5,0.31
20705.5,0.31
20707.5,0.31
20709.7,0.29
20711.7,0.31
20713.7,0.31
20715.6,0.33
20717.7,0.30
20719.7,0.31
20721.7,0.31
20723.8,0.30
20725.9,0.30
20728.0,0.30
20730.2,0.29
20732.4,0.29
20734.5,0.30
20736.7,0.29
20738.8,0.30
20740.8,0.31
20742.9,0.30
20744.8,0.33
20746.8,0.31
20748.9,0.30
20751.0,0.30
20753.1,0.30
20755.1,0.31
20757.1,0.31
20759.1,0.31
20761.2,0.30
20763.2,0.31
20765.3,0.30
20767.4,0.30
20769.5,0.30
20771.5,0.31
20773.6,0.30
20775.7,0.30
20777.7,0.31
20779.6,0.33
20781.4,0.35
20783.1,0.37
20784.8,0.37
20786.5,0.37
20788.3,0.35
20790.0,0.37
20791.8,0.35
20793.5,0.37
20795.3,0.35
20797.0,0.37
20798.7,0.37
20800.4,0.37
20802.1,0.37
20803.8,0.37
20805.6,0.35
20807.4,0.35
20809.1,0.37
20810.9,0.35
20812.6,0.37
20814.4,0.35
20816.2,0.35
20817.9,0.37
20819.6,0.37
20821.3,0.37
20823.1,0.35
20824.9,0.35
20826.8,0.33
20828.8,0.31
20830.7,0.33
20832.6,0.33
20834.4,0.35
20836.2,0.35
20838.0,0.35
20839.8,0.35
20841.7,0.33
20843.5,0.35
20845.4,0.33
20847.3,0.33
20849.2,0.33
20851.2,0.31
20853.2,0.31
20855.2,0.31
20857.2,0.31
20859.2,0.31
20861.2,0.31
20863.2,0.31
20865.2,0.31
20867.1,0.33
20869.1,0.31
20871.0,0.33
20872.8,0.35
20874.5,0.37
20876.3,0.35
20878.1,0.35
20879.9,0.35
20881.8,0.33
20883.7,0.33
20885.7,0.31
20887.7,0.31
20889.7,0.31
20891.7,0.31
20893.7,0.31
20895.7,0.31
20897.7,0.31
20899.7,0.31
20901.8,0.30
20903.8,0.31
20905.8,0.31
20907.7,0.33
20909.6,0.33
20911.5,0.33
20913.4,0.33
20915.2,0.35
20917.2,0.31
20919.1,0.33
20921.0,0.33
20922.8,0.35
20924.7,0.33
20926.7,0.31
20928.6,0.33
20930.5,0.33
20932.4,0.33
20934.2,0.35
20936.2,0.31
20938.2,0.31
20940.1,0.33
20942.1,0.31
20944.1,0.31
20946.1,0.31
20948.2,0.30
20950.2,0.31
20952.3,0.30
20954.3,0.31
20956.3,0.31
20958.4,0.30
20960.4,0.31
20962.5,0.30
20964.5,0.31
20966.5,0.31
20968.6,0.30
20970.7,0.30
20972.8,0.30
20974.9,0.30
20977.0,0.30
20979.0,0.31
20981.0,0.31
20983.0,0.31
20985.1,0.30
20987.3,0.29
20989.4,0.30
20991.5,0.30
20993.6,0.30
20995.6,0.31
20997.6,0.31
20999.6,0.31
21001.6,0.31
21003.5,0.33
21005.6,0.30
21007.7,0.30
21009.8,0.30
21011.8,0.31
21013.8,0.31
21015.8,0.31
21017.8,0.31
21019.8,0.31
21021.9,0.30
21023.9,0.31
21025.9,0.31
21027.9,0.31
21029.8,0.33
21031.8,0.31
21033.8,0.31
21035.7,0.33
21037.7,0.31
21039.6,0.33
21041.5,0.33
21043.5,0.31
21045.5,0.31
21047.5,0.31
21049.4,0.33
21051.4,0.31
21053.3,0.33
21055.2,0.33
21057.2,0.31
21059.2,0.31
21061.1,0.33
21063.0,0.33
21064.9,0.33
21066.9,0.31
21068.9,0.31
21070.9,0.31
21072.8,0.33
21074.7,0.33
21076.6,0.33
21078.4,0.35
21080.3,0.33
21082.1,0.35
21084.0,0.33
21085.8,0.35
21087.8,0.31
21089.7,0.33
21091.6,0.33
21093.5,0.33
21095.4,0.33
21097.4,0.31
21099.3,0.33
21101.4,0.30
21103.4,0.31
21105.5,0.30
21107.6,0.30
21109.7,0.30
21111.7,0.31
21113.9,0.29
21116.0,0.30
21118.2,0.29
21120.2,0.31
21122.3,0.30
21124.5,0.29
21126.7,0.29
21128.9,0.29
21131.1,0.29
21133.3,0.29
21135.4,0.30
21137.4,0.31
21139.5,0.30
21141.5,0.31
21143.5,0.31
21145.5,0.31
21147.6,0.30
21149.6,0.31
21151.6,0.31
21153.7,0.30
21155.7,0.31
21157.7,0.31
21159.7,0.31
21161.8,0.30
21164.0,0.29
21166.1,0.30
21168.1,0.31
21170.1,0.31
21172.2,0.30
21174.3,0.30
21176.3,0.31
21178.3,0.31
21180.3,0.31
21182.3,0.31
21184.3,0.31
21186.3,0.31
21188.4,0.30
21190.5,0.30
21192.5,0.31
21194.7,0.29
21196.8,0.30
21198.9,0.30
21200.9,0.31
21202.9,0.31
21204.9,0.31
21206.9,0.31
21209.0,0.30
21211.2,0.29
21213.4,0.29
21215.6,0.29
21217.8,0.29
21220.0,0.29
21222.1,0.30
21224.2,0.30
21226.3,0.30
21228.4,0.30
21230.5,0.30
21232.5,0.31
21234.6,0.30
21236.7,0.30
21238.8,0.30
21240.9,0.30
21243.0,0.30
21245.0,0.31
21247.0,0.31
21249.0,0.31
21251.0,0.31
21253.0,0.31
21255.1,0.30
21257.1,0.31
21259.1,0.31
21261.1,0.31
21263.2,0.30
21265.2,0.31
21267.2,0.31
21269.1,0.33
21271.1,0.31
21273.2,0.30
21275.2,0.31
21277.3,0.30
21279.4,0.30
21281.6,0.29
21283.7,0.30
21285.8,0.30
21287.8,0.31
21290.0,0.29
21292.1,0.30
21294.3,0.29
21296.4,0.30
21298.5,0.30
21300.6,0.30
21302.7,0.30
21304.7,0.31
21306.6,0.33
21308.6,0.31
21310.6,0.31
21312.6,0.31
21314.5,0.33
21316.4,0.33
21318.3,0.33
21320.2,0.33
21322.2,0.31
21324.1,0.33
21326.1,0.31
21328.1,0.31
21330.2,0.30
21332.2,0.31
21334.3,0.30
21336.4,0.30
21338.5,0.30
21340.5,0.31
21342.3,0.35
21344.2,0.33
21346.2,0.31
21348.1,0.33
21350.2,0.30
21352.3,0.30
21354.4,0.30
21356.5,0.30
21358.4,0.33
21360.3,0.33
21362.2,0.33
21364.1,0.33
21366.0,0.33
21367.8,0.35
21369.7,0.33
21371.6,0.33
21373.5,0.33
21375.3,0.35
21377.1,0.35
21378.8,0.37
21380.6,0.35
21382.3,0.37
21384.1,0.35
21385.8,0.37
21387.6,0.35
21389.3,0.37
21391.0,0.37
21392.8,0.35
21394.5,0.37
21396.3,0.35
21398.1,0.35
21399.9,0.35
21401.7,0.35
21403.5,0.35
21405.3,0.35
21407.1,0.35
21408.9,0.35
21410.7,0.35
21412.5,0.35
21414.4,0.33
21416.2,0.35
21418.0,0.35
21419.7,0.37
21421.5,0.35
21423.4,0.33
21425.2,0.35
21427.1,0.33
21429.0,0.33
21430.8,0.35
21432.7,0.33
21434.5,0.35
21436.3,0.35
21438.0,0.37
21439.8,0.35
21441.6,0.35
21443.4,0.35
21445.2,0.35
21446.9,0.37
21448.7,0.35
21450.6,0.33
21452.4,0.35
21454.3,0.33
21456.1,0.35
21457.9,0.35
21459.7,0.35
21461.5,0.35
21463.3,0.35
21465.2,0.33
21466.9,0.37
21468.7,0.35
21470.4,0.37
21472.2,0.35
21473.9,0.37
21475.7,0.35
21477.5,0.35
21479.3,0.35
21481.1,0.35
21482.9,0.35
21484.8,0.33
21486.6,0.35
21488.5,0.33
21490.3,0.35
21492.1,0.35
21494.0,0.33
21495.8,0.35
21497.6,0.35
21499.5,0.33
21501.4,0.33
21503.3,0.33
21505.2,0.33
21507.1,0.33
21509.0,0.33
21510.9,0.33
21512.7,0.35
21514.5,0.35
21516.4,0.33
21518.3,0.33
21520.2,0.33
21522.1,0.33
21524.0,0.33
21525.9,0.33
21527.8,0.33
21529.6,0.35
21531.5,0.33
21533.4,0.33
21535.3,0.33
21537.2,0.33
21539.0,0.35
21540.8,0.35
21542.6,0.35
21544.4,0.35
21546.3,0.33
21548.2,0.33
21550.1,0.33
21552.0,0.33
21553.9,0.33
21555.9,0.31
21557.8,0.33
21559.7,0.33
21561.8,0.30
21563.9,0.30
21566.2,0.27
21568.6,0.26
21571.0,0.26
21573.4,0.26
21575.8,0.26
21578.2,0.26
21580.6,0.26
21583.0,0.26
21585.4,0.26
21587.8,0.26
21590.2,0.26
21592.3,0.30
21594.3,0.31
21596.3,0.31
21598.3,0.31
21600.4,0.30
21602.3,0.33
21604.3,0.31
21606.2,0.33
21608.2,0.31
21610.1,0.33
21612.0,0.33
21613.9,0.33
21615.8,0.33
21617.7,0.33
21619.6,0.33
21621.5,0.33
21623.4,0.33
21625.2,0.35
21627.1,0.33
21629.1,0.31
21631.0,0.33
21632.8,0.35
21634.7,0.33
21636.5,0.35
21638.4,0.33
21640.2,0.35
21642.1,0.33
21644.0,0.33
21645.8,0.35
21647.8,0.31
21649.7,0.33
21651.6,0.33
21653.5,0.33
21655.5,0.31
21657.5,0.31
21659.5,0.31
21661.5,0.31
21663.4,0.33
21665.4,0.31
21667.3,0.33
21669.3,0.31
21671.3,0.31
21673.2,0.33
21675.2,0.31
21677.2,0.31
21679.1,0.33
21681.0,0.33
21682.8,0.35
21684.6,0.35
21686.5,0.33
21688.4,0.33
21690.3,0.33
21692.1,0.35
21693.9,0.35
21695.7,0.35
21697.6,0.33
21699.5,0.33
21701.5,0.31
21703.4,0.33
21705.4,0.31
21707.5,0.30
21709.7,0.29
21711.9,0.29
21714.1,0.29
21716.1,0.31
21718.1,0.31
21720.2,0.30
21722.3,0.30
21724.4,0.30
21726.5,0.30
21728.6,0.30
21730.7,0.30
21732.8,0.30
21734.8,0.31
21736.8,0.31
21738.8,0.31
21740.8,0.31
21742.8,0.31
21744.8,0.31
21746.8,0.31
21748.7,0.33
21750.6,0.33
21752.6,0.31
21754.5,0.33
21756.3,0.35
21758.2,0.33
21760.0,0.35
21761.9,0.33
21763.8,0.33
21765.6,0.35
21767.5,0.33
21769.4,0.33
21771.3,0.33
21773.1,0.35
21775.0,0.33
21776.9,0.33
21778.8,0.33
21780.7,0.33
21782.6,0.33
21784.4,0.35
21786.4,0.31
21788.4,0.31
21790.4,0.31
21792.4,0.31
21794.3,0.33
21796.2,0.33
21798.2,0.31
21800.1,0.33
21802.1,0.31
21804.1,0.31
21806.0,0.33
21807.9,0.33
21809.8,0.33
21811.8,0.31
21813.8,0.31
21815.7,0.33
21817.7,0.31
21819.8,0.30
21821.8,0.31
21823.8,0.31
21825.9,0.30
21828.0,0.30
21830.0,0.31
21832.2,0.29
21834.3,0.30
21836.4,0.30
21838.5,0.30
21840.6,0.30
21842.7,0.30
21844.7,0.31
21846.7,0.31
21848.7,0.31
21850.6,0.33
21852.6,0.31
21854.6,0.31
21856.5,0.33
21858.5,0.31
21860.5,0.31
21862.4,0.33
21864.5,0.30
21866.6,0.30
21868.7,0.30
21870.7,0.31
21872.8,0.30
21874.7,0.33
21876.9,0.29
21879.1,0.29
21881.2,0.30
21883.4,0.29
21885.6,0.29
21887.7,0.30
21889.8,0.30
21891.8,0.31
21893.9,0.30
21895.9,0.31
21897.9,0.31
21899.9,0.31
21901.8,0.33
21903.8,0.31
21905.8,0.31
21907.8,0.31
21909.8,0.31
21911.8,0.31
21913.9,0.30
21916.0,0.30
21918.0,0.31
21920.2,0.29
21922.3,0.30
21924.5,0.29
21926.6,0.30
21928.7,0.30
21930.7,0.31
21932.8,0.30
21934.8,0.31
21936.9,0.30
21938.9,0.31
21941.0,0.30
21943.0,0.31
21945.1,0.30
21947.2,0.30
21949.3,0.30
21951.3,0.31
21953.4,0.30
21955.4,0.31
21957.4,0.31
21959.3,0.33
21961.3,0.31
21963.2,0.33
21965.2,0.31
21967.1,0.33
21969.2,0.30
21971.2,0.31
21973.3,0.30
21975.3,0.31
21977.3,0.31
21979.4,0.30
21981.5,0.30
21983.6,0.30
21985.7,0.30
21987.7,0.31
21989.8,0.30
21991.8,0.31
21993.9,0.30
21996.0,0.30
21998.0,0.31
22000.0,0.31
22002.0,0.31
22004.0,0.31
22006.1,0.30
22008.1,0.31
22010.1,0.31
22012.1,0.31
22014.1,0.31
22016.1,0.31
22018.1,0.31
22020.2,0.30
22022.3,0.30
22024.3,0.31
22026.3,0.31
22028.3,0.31
22030.4,0.30
22032.5,0.30
22034.5,0.31
22036.4,0.33
22038.3,0.33
22040.2,0.33
22042.3,0.30
22044.3,0.31
22046.5,0.29
22048.6,0.30
22050.7,0.30
22052.7,0.31
22054.8,0.30
22056.8,0.31
22058.8,0.31
22060.9,0.30
22063.0,0.30
22065.1,0.30
22067.2,0.30
22069.3,0.30
22071.4,0.30
22073.4,0.31
22075.4,0.31
22077.5,0.30
22079.6,0.30
22081.7,0.30
22083.8,0.30
22085.8,0.31
22087.8,0.31
22089.8,0.31
22091.9,0.30
22094.0,0.30
22096.0,0.31
22098.0,0.31
22099.9,0.33
22101.9,0.31
22104.0,0.30
22106.1,0.30
22108.1,0.31
22110.2,0.30
22112.2,0.31
22114.2,0.31
22116.3,0.30
22118.3,0.31
22120.4,0.30
22122.6,0.29
22124.7,0.30
22126.8,0.30
22128.9,0.30
22131.0,0.30
22133.1,0.30
22135.2,0.30
22137.2,0.31
22139.3,0.30
22141.4,0.30
22143.4,0.31
22145.5,0.30
22147.6,0.30
22149.7,0.30
22151.8,0.30
22153.8,0.31
22155.8,0.31
22157.8,0.31
22159.8,0.31
22161.8,0.31
22163.8,0.31
22165.7,0.33
22167.6,0.33
22169.6,0.31
22171.7,0.30
22173.8,0.30
22175.9,0.30
22178.0,0.30
22180.0,0.31
22182.0,0.31
22184.0,0.31
22185.8,0.35
22187.7,0.33
22189.7,0.31
22191.6,0.33
22193.7,0.30
22195.7,0.31
22197.8,0.30
22199.9,0.30
22202.0,0.30
22204.0,0.31
22206.0,0.31
22208.1,0.30
22210.2,0.30
22212.4,0.29
22214.6,0.29
22216.7,0.30
22218.8,0.30
22220.8,0.31
22222.9,0.30
22225.0,0.30
22227.1,0.30
22229.0,0.33
22230.9,0.33
22232.8,0.33
22234.8,0.31
22236.8,0.31
22238.8,0.31
22240.9,0.30
22242.8,0.33
22244.7,0.33
22246.7,0.31
22248.8,0.30
22250.8,0.31
22252.8,0.31
22254.8,0.31
22256.7,0.33
22258.7,0.31
22260.7,0.31
22262.7,0.31
22264.6,0.33
22266.6,0.31
22268.5,0.33
22270.5,0.31
22272.4,0.33
22274.3,0.33
22276.2,0.33
22278.2,0.31
22280.2,0.31
22282.2,0.31
22284.3,0.30
22286.3,0.31
22288.4,0.30
22290.4,0.31
22292.4,0.31
22294.5,0.30
22296.4,0.33
22298.4,0.31
22300.3,0.33
22302.3,0.31
22304.3,0.31
22306.3,0.31
22308.3,0.31
22310.3,0.31
22312.4,0.30
22314.4,0.31
22316.4,0.31
22318.4,0.31
22320.5,0.30
22322.5,0.31
22324.5,0.31
22326.5,0.31
22328.6,0.30
22330.5,0.33
22332.5,0.31
22334.4,0.33
22336.3,0.33
22338.3,0.31
22340.3,0.31
22342.3,0.31
22344.4,0.30
22346.4,0.31
22348.4,0.31
22350.2,0.35
22352.1,0.33
22354.0,0.33
22355.9,0.33
22357.8,0.33
22359.8,0.31
22361.7,0.33
22363.7,0.31
22365.6,0.33
22367.5,0.33
22369.4,0.33
22371.2,0.35
22373.0,0.35
22374.9,0.33
22376.9,0.31
22378.9,0.31
22380.8,0.33
22382.7,0.33
22384.8,0.30
22386.7,0.33
22388.5,0.35
22390.4,0.33
22392.3,0.33
22394.1,0.35
22396.0,0.33
22397.9,0.33
22399.8,0.33
22401.7,0.33
22403.5,0.35
22405.4,0.33
22407.3,0.33
22409.4,0.30
22411.4,0.31
22413.5,0.30
22415.6,0.30
22417.8,0.29
22419.8,0.31
22421.8,0.31
22423.9,0.30
22426.0,0.30
22428.0,0.31
22430.0,0.31
22432.0,0.31
22434.1,0.30
22436.1,0.31
22438.1,0.31
22439.9,0.35
22441.8,0.33
22443.6,0.35
22445.4,0.35
22447.3,0.33
22449.2,0.33
22451.1,0.33
22453.0,0.33
22454.9,0.33
22456.7,0.35
22458.6,0.33
22460.4,0.35
22462.3,0.33
22464.1,0.35
22466.0,0.33
22468.0,0.31
22469.9,0.33
22471.8,0.33
22473.7,0.33
22475.7,0.31
22477.7,0.31
22479.6,0.33
22481.5,0.33
22483.4,0.33
22485.3,0.33
22487.2,0.33
22489.1,0.33
22490.9,0.35
22492.8,0.33
22494.5,0.37
22496.3,0.35
22498.1,0.35
22500.0,0.33
22501.8,0.35
22503.6,0.35
22505.5,0.33
22507.4,0.33
22509.1,0.37
22510.8,0.37
22512.5,0.37
22514.2,0.37
22515.9,0.37
22517.6,0.37
22519.4,0.35
22521.2,0.35
22523.0,0.35
22524.8,0.35
22526.7,0.33
22528.5,0.35
22530.3,0.35
22532.1,0.35
22534.0,0.33
22535.8,0.35
22537.6,0.35
22539.3,0.37
22541.1,0.35
22542.9,0.35
22544.8,0.33
22546.6,0.35
22548.5,0.33
22550.3,0.35
22552.2,0.33
22553.9,0.37
22555.7,0.35
22557.4,0.37
22559.2,0.35
22561.0,0.35
22562.8,0.35
22564.6,0.35
22566.4,0.35
22568.2,0.35
22570.0,0.35
22571.9,0.33
22573.7,0.35
22575.5,0.35
22577.3,0.35
22579.2,0.33
22581.1,0.33
22583.0,0.33
22584.9,0.33
22586.8,0.33
22588.7,0.33
22590.5,0.35
22592.4,0.33
22594.3,0.33
22596.1,0.35
22598.0,0.33
22599.8,0.35
22601.7,0.33
22603.6,0.33
22605.5,0.33
22607.4,0.33
22609.4,0.31
22611.5,0.30
22613.6,0.30
22615.6,0.31
22617.6,0.31
22619.6,0.31
22621.6,0.31
22623.6,0.31
22625.6,0.31
22627.6,0.31
22629.6,0.31
22631.6,0.31
22633.6,0.31
22635.5,0.33
22637.4,0.33
22639.4,0.31
22641.4,0.31
22643.5,0.30
22645.5,0.31
22647.7,0.29
22649.8,0.30
22652.0,0.29
22654.2,0.29
22656.3,0.30
22658.3,0.31
22660.4,0.30
22662.5,0.30
22664.5,0.31
22666.6,0.30
22668.7,0.30
22670.6,0.33
22672.6,0.31
22674.6,0.31
22676.5,0.33
22678.3,0.35
22680.2,0.33
22682.0,0.35
22683.9,0.33
22685.8,0.33
22687.8,0.31
22689.6,0.35
22691.4,0.35
22693.2,0.35
22695.0,0.35
22696.9,0.33
22698.8,0.33
22700.6,0.35
22702.4,0.35
22704.2,0.35
22706.1,0.33
22708.1,0.31
22710.0,0.33
22712.0,0.31
22713.8,0.35
22715.7,0.33
22717.7,0.31
22719.6,0.33
22721.5,0.33
22723.5,0.31
22725.5,0.31
22727.5,0.31
22729.5,0.31
22731.6,0.30
22733.6,0.31
22735.7,0.30
22737.7,0.31
22739.8,0.30
22741.9,0.30
22743.9,0.31
22745.9,0.31
22747.9,0.31
22749.9,0.31
22751.9,0.31
22753.9,0.31
22755.8,0.33
22757.8,0.31
22759.9,0.30
22761.9,0.31
22763.9,0.31
22765.9,0.31
22768.0,0.30
22770.0,0.31
22772.1,0.30
22774.1,0.31
22776.1,0.31
22778.2,0.30
22780.3,0.30
22782.4,0.30
22784.5,0.30
22786.5,0.31
22788.5,0.31
22790.4,0.33
22792.3,0.33
22794.2,0.33
22796.1,0.33
22798.1,0.31
22800.0,0.33
22802.0,0.31
22804.0,0.31
22806.1,0.30
22808.3,0.29
22810.4,0.30
22812.3,0.33
22814.2,0.33
22816.2,0.31
22818.1,0.33
22820.1,0.31
22822.2,0.30
22824.2,0.31
22826.3,0.30
22828.4,0.30
22830.5,0.30
22832.5,0.31
22834.4,0.33
22836.3,0.33
22838.2,0.33
22840.1,0.33
22842.2,0.30
22844.2,0.31
22846.2,0.31
22848.1,0.33
22850.0,0.33
22851.9,0.33
22853.9,0.31
22855.9,0.31
22857.8,0.33
22859.7,0.33
22861.6,0.33
22863.4,0.35
22865.3,0.33
22867.2,0.33
22869.2,0.31
22871.1,0.33
22873.1,0.31
22875.2,0.30
22877.2,0.31
22879.2,0.31
22881.2,0.31
22883.2,0.31
22885.1,0.33
22887.2,0.30
22889.2,0.31
22891.2,0.31
22893.3,0.30
22895.3,0.31
22897.3,0.31
22899.3,0.31
22901.3,0.31
22903.4,0.30
22905.5,0.30
22907.5,0.31
22909.6,0.30
22911.6,0.31
22913.6,0.31
22915.6,0.31
22917.6,0.31
22919.6,0.31
22921.6,0.31
22923.6,0.31
22925.5,0.33
22927.5,0.31
22929.6,0.30
22931.6,0.31
22933.6,0.31
22935.5,0.33
22937.5,0.31
22939.5,0.31
22941.5,0.31
22943.5,0.31
22945.5,0.31
22947.5,0.31
22949.6,0.30
22951.5,0.33
22953.5,0.31
22955.4,0.33
22957.3,0.33
22959.2,0.33
22961.0,0.35
22963.0,0.31
22964.9,0.33
22966.9,0.31
22968.9,0.31
22971.0,0.30
22973.0,0.31
22975.0,0.31
22976.9,0.33
22979.0,0.30
22980.9,0.33
22982.9,0.31
22984.9,0.31
22987.0,0.30
22989.0,0.31
22991.1,0.30
22993.1,0.31
22995.1,0.31
22997.1,0.31
22999.1,0.31
23001.0,0.33
23002.9,0.33
23004.9,0.31
23006.8,0.33
23008.9,0.30
23011.0,0.30
23013.0,0.31
23015.1,0.30
23017.1,0.31
23019.1,0.31
23021.2,0.30
23023.2,0.31
23025.2,0.31
23027.1,0.33
23029.1,0.31
23031.2,0.30
23033.2,0.31
23035.1,0.33
23037.1,0.31
23039.1,0.31
23041.2,0.30
23043.3,0.30
23045.4,0.30
23047.5,0.30
23049.6,0.30
23051.7,0.30
23053.8,0.30
23055.9,0.30
23057.9,0.31
23059.9,0.31
23061.9,0.31
23064.0,0.30
23066.2,0.29
23068.4,0.29
23070.6,0.29
23072.7,0.30
23074.7,0.31
23076.6,0.33
23078.7,0.30
23080.8,0.30
23083.0,0.29
23085.2,0.29
23087.3,0.30
23089.4,0.30
23091.4,0.31
23093.3,0.33
23095.3,0.31
23097.4,0.30
23099.3,0.33
23101.3,0.31
23103.3,0.31
23105.4,0.30
23107.5,0.30
23109.5,0.31
23111.5,0.31
23113.6,0.30
23115.8,0.29
23117.9,0.30
23120.0,0.30
23122.1,0.30
23124.2,0.30
23126.3,0.30
23128.4,0.30
23130.5,0.30
23132.6,0.30
23134.7,0.30
23136.7,0.31
23138.8,0.30
23140.9,0.30
23143.1,0.29
23145.1,0.31
23147.2,0.30
23149.3,0.30
23151.5,0.29
23153.5,0.31
23155.7,0.29
23157.8,0.30
23160.0,0.29
23162.1,0.30
23164.1,0.31
23166.1,0.31
23168.1,0.31
23170.1,0.31
23172.2,0.30
23174.4,0.29
23176.6,0.29
23178.7,0.30
23180.8,0.30
23182.9,0.30
23185.1,0.29
23187.4,0.27
23189.6,0.29
23191.8,0.29
23193.9,0.30
23196.0,0.30
23198.2,0.29
23200.3,0.30
23202.3,0.31
23204.4,0.30
23206.5,0.30
23208.5,0.31
23210.7,0.29
23212.8,0.30
23214.9,0.30
23216.9,0.31
23219.0,0.30
23221.2,0.29
23223.3,0.30
23225.4,0.30
23227.6,0.29
23229.6,0.31
23231.7,0.30
23233.9,0.29
23236.1,0.29
23238.3,0.29
23240.4,0.30
23242.5,0.30
23244.5,0.31
23246.5,0.31
23248.5,0.31
23250.6,0.30
23252.7,0.30
23254.7,0.31
23256.7,0.31
23258.7,0.31
23260.7,0.31
23262.7,0.31
23264.7,0.31
23266.7,0.31
23268.5,0.35
23270.3,0.35
23272.0,0.37
23273.7,0.37
23275.5,0.35
23277.2,0.37
23279.1,0.33
23281.0,0.33
23282.9,0.33
23284.8,0.33
23286.6,0.35
23288.5,0.33
23290.3,0.35
23292.2,0.33
23294.0,0.35
23295.8,0.35
23297.7,0.33
23299.6,0.33
23301.5,0.33
23303.4,0.33
23305.3,0.33
23307.2,0.33
23309.2,0.31
23311.1,0.33
23313.1,0.31
23315.0,0.33
23316.9,0.33
23318.8,0.33
23320.5,0.37
23322.2,0.37
23323.7,0.42
23325.4,0.37
23327.2,0.35
23329.0,0.35
23331.0,0.31
23332.9,0.33
23334.9,0.31
23336.9,0.31
23339.0,0.30
23341.0,0.31
23342.9,0.33
23345.0,0.30
23347.0,0.31
23349.0,0.31
23350.8,0.35
23352.8,0.31
23354.7,0.33
23356.5,0.35
23358.4,0.33
23360.3,0.33
23362.2,0.33
23364.2,0.31
23366.2,0.31
23368.1,0.33
23370.0,0.33
23372.0,0.31
23374.0,0.31
23376.0,0.31
23378.0,0.31
23379.9,0.33
23381.9,0.31
23383.9,0.31
23385.9,0.31
23388.0,0.30
23390.1,0.30
23392.2,0.30
23394.3,0.30
23396.3,0.31
23398.4,0.30
23400.5,0.30
23402.5,0.31
23404.6,0.30
23406.7,0.30
23408.7,0.31
23410.7,0.31
23412.8,0.30
23414.9,0.30
23416.9,0.31
23418.9,0.31
23420.9,0.31
23423.1,0.29
23425.2,0.30
23427.3,0.30
23429.4,0.30
23431.5,0.30
23433.6,0.30
23435.6,0.31
23437.7,0.30
23439.7,0.31
23441.7,0.31
23443.8,0.30
23445.9,0.30
23447.9,0.31
23449.9,0.31
23451.9,0.31
23453.9,0.31
23456.0,0.30
23458.0,0.31
23460.0,0.31
23462.1,0.30
23464.2,0.30
23466.4,0.29
23468.5,0.30
23470.6,0.30
23472.5,0.33
23474.5,0.31
23476.4,0.33
23478.4,0.31
23480.4,0.31
23482.4,0.31
23484.4,0.31
23486.4,0.31
23488.4,0.31
23490.4,0.31
23492.4,0.31
23494.4,0.31
23496.3,0.33
23498.4,0.30
23500.5,0.30
23502.6,0.30
23504.7,0.30
23506.8,0.30
23509.0,0.29
23511.2,0.29
23513.5,0.27
23515.7,0.29
23517.8,0.30
23519.9,0.30
23522.0,0.30
23524.0,0.31
23526.0,0.31
23528.0,0.31
23530.0,0.31
23532.0,0.31
23533.9,0.33
23535.9,0.31
23537.8,0.33
23539.8,0.31
23541.8,0.31
23543.9,0.30
23545.9,0.31
23548.0,0.30
23550.2,0.29
23552.2,0.31
23554.3,0.30
23556.4,0.30
23558.5,0.30
23560.6,0.30
23562.7,0.30
23564.9,0.29
23567.0,0.30
23569.1,0.30
23571.2,0.30
23573.2,0.31
23575.2,0.31
23577.3,0.30
23579.4,0.30
23581.5,0.30
23583.5,0.31
23585.5,0.31
23587.5,0.31
23589.4,0.33
23591.4,0.31
23593.5,0.30
23595.5,0.31
23597.6,0.30
23599.6,0.31
23601.7,0.30
23603.8,0.30
23605.9,0.30
23608.0,0.30
23610.0,0.31
23612.1,0.30
23614.2,0.30
23616.2,0.31
23618.2,0.31
23620.2,0.31
23622.3,0.30
23624.3,0.31
23626.4,0.30
23628.4,0.31
23630.4,0.31
23632.3,0.33
23634.3,0.31
23636.3,0.31
23638.3,0.31
23640.4,0.30
23642.4,0.31
23644.5,0.30
23646.5,0.31
23648.6,0.30
23650.7,0.30
23652.8,0.30
23655.0,0.29
23657.1,0.30
23659.1,0.31
23661.2,0.30
23663.2,0.31
23665.3,0.30
23667.4,0.30
23669.4,0.31
23671.5,0.30
23673.5,0.31
23675.6,0.30
23677.5,0.33
23679.5,0.31
23681.5,0.31
23683.5,0.31
23685.5,0.31
23687.6,0.30
23689.8,0.29
23692.0,0.29
23694.0,0.31
23696.1,0.30
23698.2,0.30
23700.2,0.31
23702.2,0.31
23704.2,0.31
23706.2,0.31
23708.2,0.31
23710.2,0.31
23712.3,0.30
23714.3,0.31
23716.4,0.30
23718.5,0.30
23720.6,0.30
23722.8,0.29
23725.0,0.29
23727.1,0.30
23729.2,0.30
23731.3,0.30
23733.5,0.29
23735.6,0.30
23737.8,0.29
23739.9,0.30
23742.0,0.30
23744.1,0.30
23746.3,0.29
23748.5,0.29
23750.7,0.29
23752.9,0.29
23755.1,0.29
23757.3,0.29
23759.3,0.31
23761.4,0.30
23763.4,0.31
23765.5,0.30
23767.5,0.31
23769.6,0.30
23771.6,0.31
23773.7,0.30
23775.8,0.30
23777.9,0.30
23780.0,0.30
23782.2,0.29
23784.4,0.29
23786.8,0.26
23789.1,0.27
23791.3,0.29
23793.3,0.31
23795.3,0.31
23797.2,0.33
23799.2,0.31
23801.1,0.33
23803.1,0.31
23805.0,0.33
23807.1,0.30
23809.1,0.31
23811.1,0.31
23813.1,0.31
23815.0,0.33
23817.0,0.31
23818.8,0.35
23820.8,0.31
23822.7,0.33
23824.6,0.33
23826.5,0.33
23828.4,0.33
23830.3,0.33
23832.2,0.33
23834.0,0.35
23835.8,0.35
23837.7,0.33
23839.5,0.35
23841.4,0.33
23843.3,0.33
23845.2,0.33
23847.3,0.30
23849.3,0.31
23851.2,0.33
23853.2,0.31
23855.0,0.35
23856.9,0.33
23858.8,0.33
23860.7,0.33
23862.6,0.33
23864.6,0.31
23866.5,0.33
23868.4,0.33
23870.1,0.37
23871.8,0.37
23873.5,0.37
23875.1,0.39
23876.8,0.37
23878.6,0.35
23880.4,0.35
23882.2,0.35
23884.1,0.33
23886.0,0.33
23887.9,0.33
23889.7,0.35
23891.6,0.33
23893.5,0.33
23895.4,0.33
23897.2,0.35
23899.1,0.33
23900.9,0.35
23902.8,0.33
23904.7,0.33
23906.6,0.33
23908.5,0.33
23910.5,0.31
23912.5,0.31
23914.4,0.33
23916.3,0.33
23918.2,0.33
23920.2,0.31
23922.2,0.31
23924.2,0.31
23926.2,0.31
23928.3,0.30
23930.5,0.29
23932.8,0.27
23935.2,0.26
23937.6,0.26
23940.0,0.26
23942.5,0.25
23945.3,0.22
23948.4,0.20
23951.6,0.20
23954.5,0.22
23957.2,0.23
23959.9,0.23
23962.6,0.23
23965.5,0.22
23968.4,0.22
23971.5,0.20
23974.5,0.21
23977.3,0.22
23980.1,0.22
23983.0,0.22
23985.8,0.22
23988.6,0.22
23991.6,0.21
23994.7,0.20
23997.8,0.20
24000.8,0.21
24003.9,0.20
24007.4,0.18
24011.7,0.15
24016.3,0.14
24021.5,0.12
0.0,0.00
