2373.5,0.17
2378.6,0.12
2381.5,0.22
2382.8,0.48
2384.2,0.45
2385.5,0.48
2386.8,0.48
2388.1,0.48
2389.4,0.48
2390.7,0.48
2392.0,0.48
2393.4,0.45
2394.7,0.48
2396.1,0.45
2397.5,0.45
2398.9,0.45
2400.2,0.48
2401.6,0.45
2402.9,0.48
2404.2,0.48
2405.5,0.48
2406.9,0.45
2408.2,0.48
2409.6,0.45
2410.9,0.48
2412.3,0.45
2413.6,0.48
2415.0,0.45
2416.4,0.45
2417.9,0.42
2419.3,0.45
2420.7,0.45
2422.1,0.45
2423.5,0.45
2424.9,0.45
2426.3,0.45
2427.7,0.45
2429.1,0.45
2430.5,0.45
2431.9,0.45
2433.3,0.45
2434.8,0.42
2436.3,0.42
2437.7,0.45
2439.2,0.42
2440.7,0.42
2442.2,0.42
2443.7,0.42
2445.1,0.45
2446.7,0.39
2448.2,0.42
2449.8,0.39
2451.3,0.42
2452.8,0.42
2454.3,0.42
2455.8,0.42
2457.3,0.42
2458.8,0.42
2460.2,0.45
2461.5,0.48
2462.8,0.48
2464.1,0.48
2465.3,0.52
2466.7,0.45
2468.0,0.48
2469.3,0.48
2470.6,0.48
2472.0,0.45
2473.3,0.48
2474.6,0.48
2476.0,0.45
2477.4,0.45
2478.8,0.45
2480.2,0.45
2481.5,0.48
2482.8,0.48
2484.2,0.45
2485.6,0.45
2486.9,0.48
2488.3,0.45
2489.6,0.48
2491.0,0.45
2492.3,0.48
2493.7,0.45
2495.1,0.45
2496.6,0.42
2498.1,0.42
2499.6,0.42
2501.0,0.45
2502.4,0.45
2503.8,0.45
2505.2,0.45
2506.6,0.45
2507.9,0.48
2509.3,0.45
2510.7,0.45
2512.1,0.45
2513.6,0.42
2515.0,0.45
2516.5,0.42
2517.9,0.45
2519.4,0.42
2520.8,0.45
2522.2,0.45
2523.6,0.45
2525.0,0.45
2526.3,0.48
2527.7,0.45
2529.1,0.45
2530.5,0.45
2531.8,0.48
2533.2,0.45
2534.7,0.42
2536.2,0.42
2537.6,0.45
2539.0,0.45
2540.4,0.45
2541.8,0.45
2543.1,0.48
2544.5,0.45
2545.8,0.48
2547.2,0.45
2548.7,0.42
2550.1,0.45
2551.6,0.42
2553.0,0.45
2554.5,0.42
2556.0,0.42
2557.5,0.42
2559.0,0.42
2560.4,0.45
2561.8,0.45
2563.2,0.45
2564.6,0.45
2566.0,0.45
2567.4,0.45
2568.8,0.45
2570.2,0.45
2571.6,0.45
2573.1,0.42
2574.6,0.42
2576.1,0.42
2577.5,0.45
2579.0,0.42
2580.3,0.48
2581.7,0.45
2583.0,0.48
2584.3,0.48
2585.7,0.45
2587.0,0.48
2588.3,0.48
2589.7,0.45
2591.0,0.48
2592.3,0.48
2593.7,0.45
2595.2,0.42
2596.6,0.45
2598.0,0.45
2599.4,0.45
2600.8,0.45
2602.1,0.48
2603.5,0.45
2604.9,0.45
2606.3,0.45
2607.8,0.42
2609.2,0.45
2610.6,0.45
2612.1,0.42
2613.5,0.45
2615.0,0.42
2616.4,0.45
2617.9,0.42
2619.4,0.42
2620.9,0.42
2622.4,0.42
2623.9,0.42
2625.4,0.42
2626.8,0.45
2628.3,0.42
2629.9,0.39
2631.4,0.42
2633.0,0.39
2634.6,0.39
2636.2,0.39
2637.8,0.39
2639.4,0.39
2641.0,0.39
2642.6,0.39
2644.2,0.39
2645.7,0.42
2647.1,0.45
2648.6,0.42
2650.2,0.39
2651.7,0.42
2653.2,0.42
2654.8,0.39
2656.3,0.42
2657.9,0.39
2659.5,0.39
2661.1,0.39
2662.5,0.45
2664.0,0.42
2665.4,0.45
2666.8,0.45
2668.2,0.45
2669.6,0.45
2671.1,0.42
2672.6,0.42
2674.2,0.39
2675.8,0.39
2677.5,0.37
2679.2,0.37
2680.8,0.39
2682.3,0.42
2683.9,0.39
2685.4,0.42
2686.9,0.42
2688.4,0.42
2689.9,0.42
2691.4,0.42
2693.0,0.39
2694.6,0.39
2696.2,0.39
2697.8,0.39
2699.5,0.37
2701.2,0.37
2702.8,0.39
2704.3,0.42
2705.8,0.42
2707.3,0.42
2708.7,0.45
2710.2,0.42
2711.8,0.39
2713.5,0.37
2715.3,0.35
2717.1,0.35
2718.7,0.39
2720.2,0.42
2721.7,0.42
2723.2,0.42
2724.6,0.45
2726.1,0.42
2727.6,0.42
2729.1,0.42
2730.7,0.39
2732.3,0.39
2733.8,0.42
2735.4,0.39
2737.0,0.39
2738.6,0.39
2740.2,0.39
2741.7,0.42
2743.2,0.42
2744.7,0.42
2746.1,0.45
2747.6,0.42
2749.1,0.42
2750.6,0.42
2752.1,0.42
2753.6,0.42
2755.3,0.37
2757.0,0.37
2758.7,0.37
2760.4,0.37
2762.0,0.39
2763.5,0.42
2765.0,0.42
2766.6,0.39
2768.2,0.39
2769.8,0.39
2771.4,0.39
2773.0,0.39
2774.8,0.35
2776.6,0.35
2778.3,0.37
2780.1,0.35
2781.7,0.39
2783.3,0.39
2784.8,0.42
2786.3,0.42
2787.8,0.42
2789.3,0.42
2790.8,0.42
2792.2,0.45
2793.7,0.42
2795.2,0.42
2796.8,0.39
2798.4,0.39
2799.9,0.42
2801.4,0.42
2802.9,0.42
2804.3,0.45
2805.8,0.42
2807.2,0.45
2808.7,0.42
2810.2,0.42
2811.6,0.45
2813.1,0.42
2814.6,0.42
2816.2,0.39
2817.8,0.39
2819.3,0.42
2820.8,0.42
2822.3,0.42
2823.7,0.45
2825.1,0.45
2826.5,0.45
2827.9,0.45
2829.3,0.45
2830.7,0.45
2832.2,0.42
2833.7,0.42
2835.2,0.42
2836.7,0.42
2838.2,0.42
2839.7,0.42
2841.1,0.45
2842.5,0.45
2844.0,0.42
2845.4,0.45
2846.8,0.45
2848.2,0.45
2849.6,0.45
2851.1,0.42
2852.5,0.45
2853.9,0.45
2855.4,0.42
2856.9,0.42
2858.4,0.42
2860.0,0.39
2861.4,0.45
2862.9,0.42
2864.3,0.45
2865.7,0.45
2867.1,0.45
2868.5,0.45
2869.9,0.45
2871.4,0.42
2872.9,0.42
2874.4,0.42
2875.9,0.42
2877.5,0.39
2879.0,0.42
2880.6,0.39
2882.0,0.45
2883.5,0.42
2885.0,0.42
2886.4,0.45
2887.9,0.42
2889.3,0.45
2890.7,0.45
2892.1,0.45
2893.6,0.42
2895.1,0.42
2896.5,0.45
2898.0,0.42
2899.4,0.45
2900.8,0.45
2902.2,0.45
2903.6,0.45
2905.0,0.45
2906.4,0.45
2907.8,0.45
2909.2,0.45
2910.6,0.45
2912.0,0.45
2913.4,0.45
2914.8,0.45
2916.3,0.42
2917.8,0.42
2919.2,0.45
2920.6,0.45
2922.0,0.45
2923.4,0.45
2924.8,0.45
2926.2,0.45
2927.6,0.45
2929.0,0.45
2930.5,0.42
2932.0,0.42
2933.4,0.45
2935.0,0.39
2936.5,0.42
2938.1,0.39
2939.5,0.45
2940.9,0.45
2942.2,0.48
2943.5,0.48
2944.8,0.48
2946.0,0.52
2947.2,0.52
2948.5,0.48
2949.8,0.48
2951.0,0.52
2952.4,0.45
2953.8,0.45
2955.2,0.45
2956.6,0.45
2958.0,0.45
2959.4,0.45
2960.7,0.48
2962.1,0.45
2963.4,0.48
2964.7,0.48
2966.0,0.48
2967.4,0.45
2968.8,0.45
2970.2,0.45
2971.6,0.45
2972.9,0.48
2974.3,0.45
2975.7,0.45
2977.1,0.45
2978.6,0.42
2980.0,0.45
2981.4,0.45
2982.8,0.45
2984.1,0.48
2985.4,0.48
2986.7,0.48
2988.1,0.45
2989.4,0.48
2990.8,0.45
2992.2,0.45
2993.6,0.45
2995.1,0.42
2996.5,0.45
2997.9,0.45
2999.4,0.42
3000.9,0.42
3002.4,0.42
3003.8,0.45
3005.2,0.45
3006.7,0.42
3008.1,0.45
3009.6,0.42
3011.1,0.42
3012.6,0.42
3014.1,0.42
3015.6,0.42
3017.1,0.42
3018.6,0.42
3020.2,0.39
3021.7,0.42
3023.3,0.39
3024.8,0.42
3026.3,0.42
3027.8,0.42
3029.3,0.42
3030.9,0.39
3032.4,0.42
3033.9,0.42
3035.4,0.42
3036.9,0.42
3038.5,0.39
3040.0,0.42
3041.5,0.42
3043.1,0.39
3044.6,0.42
3046.2,0.39
3047.6,0.45
3049.2,0.39
3050.7,0.42
3052.2,0.42
3053.8,0.39
3055.3,0.42
3056.8,0.42
3058.3,0.42
3059.9,0.39
3061.4,0.42
3063.0,0.39
3064.5,0.42
3066.0,0.42
3067.5,0.42
3069.0,0.42
3070.4,0.45
3071.9,0.42
3073.4,0.42
3074.9,0.42
3076.6,0.37
3078.2,0.39
3079.8,0.39
3081.3,0.42
3082.8,0.42
3084.3,0.42
3085.8,0.42
3087.3,0.42
3088.8,0.42
3090.4,0.39
3092.0,0.39
3093.5,0.42
3095.0,0.42
3096.6,0.39
3098.1,0.42
3099.7,0.39
3101.2,0.42
3102.8,0.39
3104.3,0.42
3105.8,0.42
3107.2,0.45
3108.7,0.42
3110.2,0.42
3111.7,0.42
3113.2,0.42
3114.7,0.42
3116.2,0.42
3117.7,0.42
3119.2,0.42
3120.7,0.42
3122.2,0.42
3123.7,0.42
3125.2,0.42
3126.7,0.42
3128.2,0.42
3129.6,0.45
3131.1,0.42
3132.6,0.42
3134.1,0.42
3135.6,0.42
3137.2,0.39
3138.7,0.42
3140.2,0.42
3141.7,0.42
3143.2,0.42
3144.8,0.39
3146.3,0.42
3147.8,0.42
3149.3,0.42
3150.8,0.42
3152.4,0.39
3153.9,0.42
3155.4,0.42
3157.0,0.39
3158.5,0.42
3160.0,0.42
3161.5,0.42
3162.9,0.45
3164.5,0.39
3166.0,0.42
3167.5,0.42
3169.0,0.42
3170.6,0.39
3172.1,0.42
3173.6,0.42
3175.1,0.42
3176.7,0.39
3178.2,0.42
3179.6,0.45
3181.1,0.42
3182.5,0.45
3183.9,0.45
3185.2,0.48
3186.6,0.45
3187.8,0.52
3189.0,0.52
3190.3,0.48
3191.6,0.48
3192.9,0.48
3194.3,0.45
3195.7,0.45
3197.0,0.48
3198.4,0.45
3199.8,0.45
3201.2,0.45
3202.6,0.45
3204.1,0.42
3205.4,0.48
3206.8,0.45
3208.2,0.45
3209.6,0.45
3211.1,0.42
3212.5,0.45
3213.9,0.45
3215.3,0.45
3216.7,0.45
3218.1,0.45
3219.4,0.48
3220.8,0.45
3222.1,0.48
3223.5,0.45
3224.8,0.48
3226.2,0.45
3227.6,0.45
3229.0,0.45
3230.4,0.45
3231.8,0.45
3233.2,0.45
3234.6,0.45
3235.9,0.48
3237.3,0.45
3238.7,0.45
3240.0,0.48
3241.4,0.45
3242.8,0.45
3244.1,0.48
3245.6,0.42
3247.0,0.45
3248.4,0.45
3249.9,0.42
3251.5,0.39
3253.0,0.42
3254.6,0.39
3256.1,0.42
3257.7,0.39
3259.2,0.42
3260.8,0.39
3262.4,0.39
3264.0,0.39
3265.6,0.39
3267.3,0.37
3268.9,0.39
3270.7,0.35
3272.5,0.35
3274.3,0.35
3276.1,0.35
3277.9,0.35
3279.6,0.37
3281.3,0.37
3282.9,0.39
3284.6,0.37
3286.2,0.39
3287.8,0.39
3289.3,0.42
3290.8,0.42
3292.4,0.39
3293.9,0.42
3295.5,0.39
3297.1,0.39
3298.7,0.39
3300.3,0.39
3301.8,0.42
3303.3,0.42
3304.9,0.39
3306.5,0.39
3308.0,0.42
3309.6,0.39
3311.1,0.42
3312.7,0.39
3314.2,0.42
3315.8,0.39
3317.4,0.39
3318.9,0.42
3320.5,0.39
3322.1,0.39
3323.7,0.39
3325.2,0.42
3326.8,0.39
3328.3,0.42
3329.9,0.39
3331.6,0.37
3333.2,0.39
3334.8,0.39
3336.4,0.39
3338.1,0.37
3339.8,0.37
3341.4,0.39
3343.0,0.39
3344.6,0.39
3346.2,0.39
3347.8,0.39
3349.3,0.42
3350.9,0.39
3352.5,0.39
3354.1,0.39
3355.6,0.42
3357.2,0.39
3358.8,0.39
3360.4,0.39
3362.0,0.39
3363.6,0.39
3365.2,0.39
3366.8,0.39
3368.4,0.39
3369.9,0.42
3371.5,0.39
3373.1,0.39
3374.7,0.39
3376.3,0.39
3377.9,0.39
3379.5,0.39
3381.1,0.39
3382.8,0.37
3384.4,0.39
3386.0,0.39
3387.6,0.39
3389.2,0.39
3390.8,0.39
3392.4,0.39
3394.1,0.37
3395.7,0.39
3397.3,0.39
3398.9,0.39
3400.4,0.42
3402.0,0.39
3403.6,0.39
3405.1,0.42
3406.7,0.39
3408.3,0.39
3409.9,0.39
3411.5,0.39
3413.2,0.37
3414.8,0.39
3416.4,0.39
3418.0,0.39
3419.6,0.39
3421.2,0.39
3422.8,0.39
3424.4,0.39
3426.0,0.39
3427.5,0.42
3429.1,0.39
3430.7,0.39
3432.3,0.39
3434.0,0.37
3435.7,0.37
3437.3,0.39
3439.0,0.37
3440.6,0.39
3442.2,0.39
3443.9,0.37
3445.5,0.39
3447.2,0.37
3448.8,0.39
3450.4,0.39
3452.1,0.37
3453.7,0.39
3455.4,0.37
3457.0,0.39
3458.6,0.39
3460.3,0.37
3462.0,0.37
3463.7,0.37
3465.3,0.39
3467.0,0.37
3468.6,0.39
3470.3,0.37
3471.9,0.39
3473.5,0.39
3475.1,0.39
3476.6,0.42
3478.2,0.39
3479.8,0.39
3481.4,0.39
3483.0,0.39
3484.6,0.39
3486.3,0.37
3487.9,0.39
3489.6,0.37
3491.3,0.37
3492.9,0.39
3494.6,0.37
3496.3,0.37
3498.0,0.37
3499.8,0.35
3501.5,0.37
3503.1,0.39
3504.8,0.37
3506.4,0.39
3508.0,0.39
3509.6,0.39
3511.2,0.39
3512.8,0.39
3514.3,0.42
3515.9,0.39
3517.4,0.42
3519.1,0.37
3520.7,0.39
3522.3,0.39
3523.8,0.42
3525.4,0.39
3527.1,0.37
3528.7,0.39
3530.2,0.42
3531.8,0.39
3533.5,0.37
3535.2,0.37
3536.9,0.37
3538.6,0.37
3540.3,0.37
3541.9,0.39
3543.6,0.37
3545.2,0.39
3546.8,0.39
3548.4,0.39
3550.0,0.39
3551.7,0.37
3553.2,0.42
3554.9,0.37
3556.5,0.39
3558.1,0.39
3559.8,0.37
3561.4,0.39
3563.1,0.37
3564.7,0.39
3566.4,0.37
3568.1,0.37
3569.7,0.39
3571.3,0.39
3573.0,0.37
3574.6,0.39
3576.3,0.37
3578.0,0.37
3579.6,0.39
3581.2,0.39
3582.8,0.39
3584.3,0.42
3585.9,0.39
3587.4,0.42
3589.1,0.37
3590.8,0.37
3592.6,0.35
3594.3,0.37
3596.1,0.35
3597.8,0.37
3599.6,0.35
3601.4,0.35
3603.1,0.37
3604.8,0.37
3606.5,0.37
3608.2,0.37
3609.8,0.39
3611.4,0.39
3613.1,0.37
3614.8,0.37
3616.5,0.37
3618.2,0.37
3619.9,0.37
3621.7,0.35
3623.3,0.39
3625.0,0.37
3626.6,0.39
3628.3,0.37
3630.0,0.37
3631.7,0.37
3633.4,0.37
3635.1,0.37
3636.8,0.37
3638.5,0.37
3640.2,0.37
3641.9,0.37
3643.6,0.37
3645.3,0.37
3647.0,0.37
3648.7,0.37
3650.4,0.37
3652.2,0.35
3653.8,0.39
3655.5,0.37
3657.2,0.37
3658.9,0.37
3660.6,0.37
3662.3,0.37
3663.9,0.39
3665.6,0.37
3667.4,0.35
3669.2,0.35
3670.9,0.37
3672.6,0.37
3674.4,0.35
3676.2,0.35
3678.0,0.35
3679.8,0.35
3681.6,0.35
3683.4,0.35
3685.1,0.37
3686.9,0.35
3688.7,0.35
3690.5,0.35
3692.3,0.35
3694.2,0.33
3695.9,0.37
3697.8,0.33
3699.6,0.35
3701.4,0.35
3703.2,0.35
3705.1,0.33
3706.9,0.35
3708.8,0.33
3710.7,0.33
3712.6,0.33
3714.5,0.33
3716.4,0.33
3718.4,0.31
3720.3,0.33
3722.2,0.33
3724.1,0.33
3726.1,0.31
3728.0,0.33
3729.9,0.33
3731.9,0.31
3733.8,0.33
3735.7,0.33
3737.6,0.33
3739.5,0.33
3741.3,0.35
3743.2,0.33
3745.1,0.33
3747.0,0.33
3748.9,0.33
3750.8,0.33
3752.8,0.31
3754.7,0.33
3756.6,0.33
3758.4,0.35
3760.3,0.33
3762.2,0.33
3764.1,0.33
3766.0,0.33
3767.9,0.33
3769.8,0.33
3771.7,0.33
3773.6,0.33
3775.6,0.31
3777.5,0.33
3779.4,0.33
3781.3,0.33
3783.2,0.33
3785.2,0.31
3787.2,0.31
3789.3,0.30
3791.3,0.31
3793.3,0.31
3795.2,0.33
3797.1,0.33
3799.0,0.33
3801.0,0.31
3803.0,0.31
3805.0,0.31
3806.9,0.33
3808.9,0.31
3810.8,0.33
3812.7,0.33
3814.7,0.31
3816.5,0.35
3818.3,0.35
3820.1,0.35
3822.0,0.33
3823.9,0.33
3825.9,0.31
3828.0,0.30
3830.0,0.31
3831.9,0.33
3833.9,0.31
3835.7,0.35
3837.6,0.33
3839.4,0.35
3841.2,0.35
3843.0,0.35
3844.8,0.35
3846.6,0.35
3848.5,0.33
3850.3,0.35
3852.1,0.35
3853.9,0.35
3855.7,0.35
3857.5,0.35
3859.3,0.35
3861.0,0.37
3862.5,0.42
3864.0,0.42
3865.5,0.42
3866.9,0.45
3868.5,0.39
3870.2,0.37
3871.8,0.39
3873.3,0.42
3874.8,0.42
3876.2,0.45
3877.7,0.42
3879.2,0.42
3880.7,0.42
3882.2,0.42
3883.7,0.42
3885.2,0.42
3886.7,0.42
3888.1,0.45
3889.5,0.45
3890.9,0.45
3892.2,0.48
3893.6,0.45
3894.9,0.48
3896.4,0.42
3897.8,0.45
3899.3,0.42
3900.7,0.45
3902.2,0.42
3903.7,0.42
3905.3,0.39
3906.9,0.39
3908.5,0.39
3910.2,0.37
3911.9,0.37
3913.7,0.35
3915.5,0.35
3917.3,0.35
3919.1,0.35
3920.9,0.35
3922.7,0.35
3924.4,0.37
3926.2,0.35
3927.9,0.37
3929.7,0.35
3931.5,0.35
3933.3,0.35
3935.0,0.37
3936.8,0.35
3938.6,0.35
3940.4,0.35
3942.3,0.33
3944.1,0.35
3945.9,0.35
3947.7,0.35
3949.5,0.35
3951.4,0.33
3953.4,0.31
3955.4,0.31
3957.3,0.33
3959.2,0.33
3961.2,0.31
3963.0,0.35
3964.9,0.33
3966.7,0.35
3968.5,0.35
3970.3,0.35
3972.1,0.35
3974.0,0.33
3975.9,0.33
3977.8,0.33
3979.6,0.35
3981.4,0.35
3983.2,0.35
3985.1,0.33
3986.9,0.35
3988.7,0.35
3990.5,0.35
3992.3,0.35
3994.1,0.35
3995.9,0.35
3997.7,0.35
3999.5,0.35
4001.3,0.35
4003.1,0.35
4005.0,0.33
4006.7,0.37
4008.5,0.35
4010.2,0.37
4012.0,0.35
4013.8,0.35
4015.6,0.35
4017.5,0.33
4019.4,0.33
4021.3,0.33
4023.1,0.35
4024.9,0.35
4026.8,0.33
4028.6,0.35
4030.4,0.35
4032.3,0.33
4034.2,0.33
4036.0,0.35
4037.8,0.35
4039.8,0.31
4041.7,0.33
4043.6,0.33
4045.5,0.33
4047.4,0.33
4049.2,0.35
4051.1,0.33
4053.0,0.33
4054.8,0.35
4056.7,0.33
4058.6,0.33
4060.4,0.35
4062.3,0.33
4064.1,0.35
4065.9,0.35
4067.8,0.33
4069.6,0.35
4071.3,0.37
4073.2,0.33
4075.0,0.35
4076.8,0.35
4078.7,0.33
4080.7,0.31
4082.7,0.31
4084.6,0.33
4086.6,0.31
4088.5,0.33
4090.4,0.33
4092.2,0.35
4094.1,0.33
4095.9,0.35
4097.8,0.33
4099.6,0.35
4101.5,0.33
4103.3,0.35
4105.1,0.35
4106.8,0.37
4108.6,0.35
4110.5,0.33
4112.4,0.33
4114.4,0.31
4116.3,0.33
4118.2,0.33
4120.1,0.33
4122.0,0.33
4123.9,0.33
4125.9,0.31
4127.9,0.31
4129.9,0.31
4131.9,0.31
4133.9,0.31
4135.8,0.33
4137.7,0.33
4139.7,0.31
4141.6,0.33
4143.6,0.31
4145.5,0.33
4147.4,0.33
4149.3,0.33
4151.2,0.33
4153.2,0.31
4155.2,0.31
4157.1,0.33
4159.0,0.33
4160.9,0.33
4162.8,0.33
4164.5,0.37
4166.3,0.35
4168.2,0.33
4170.1,0.33
4172.0,0.33
4173.9,0.33
4175.9,0.31
4177.8,0.33
4179.7,0.33
4181.7,0.31
4183.6,0.33
4185.6,0.31
4187.5,0.33
4189.4,0.33
4191.4,0.31
4193.4,0.31
4195.5,0.30
4197.5,0.31
4199.5,0.31
4201.5,0.31
4203.4,0.33
4205.3,0.33
4207.2,0.33
4209.1,0.33
4210.9,0.35
4212.8,0.33
4214.8,0.31
4216.8,0.31
4218.8,0.31
4220.8,0.31
4222.7,0.33
4224.6,0.33
4226.4,0.35
4228.4,0.31
4230.4,0.31
4232.3,0.33
4234.3,0.31
4236.2,0.33
4238.2,0.31
4240.2,0.31
4242.3,0.30
4244.3,0.31
4246.3,0.31
4248.4,0.30
4250.5,0.30
4252.6,0.30
4254.6,0.31
4256.6,0.31
4258.6,0.31
4260.6,0.31
4262.6,0.31
4264.5,0.33
4266.3,0.35
4268.2,0.33
4270.1,0.33
4272.0,0.33
4273.9,0.33
4275.8,0.33
4277.7,0.33
4279.6,0.33
4281.5,0.33
4283.5,0.31
4285.5,0.31
4287.4,0.33
4289.4,0.31
4291.4,0.31
4293.5,0.30
4295.6,0.30
4297.7,0.30
4299.8,0.30
4301.9,0.30
4304.1,0.29
4306.1,0.31
4308.2,0.30
4310.4,0.29
4312.5,0.30
4314.5,0.31
4316.5,0.31
4318.6,0.30
4320.8,0.29
4322.9,0.30
4325.0,0.30
4327.1,0.30
4329.3,0.29
4331.3,0.31
4333.3,0.31
4335.4,0.30
4337.5,0.30
4339.6,0.30
4341.7,0.30
4343.7,0.31
4345.6,0.33
4347.6,0.31
4349.7,0.30
4351.7,0.31
4353.7,0.31
4355.7,0.31
4357.8,0.30
4359.9,0.30
4362.1,0.29
4364.1,0.31
4366.3,0.29
4368.4,0.30
4370.4,0.31
4372.5,0.30
4374.6,0.30
4376.6,0.31
4378.6,0.31
4380.7,0.30
4382.7,0.31
4384.9,0.29
4386.9,0.31
4388.9,0.31
4390.8,0.33
4392.6,0.35
4394.2,0.39
4395.9,0.37
4397.4,0.42
4399.0,0.39
4400.6,0.39
4402.3,0.37
4404.0,0.37
4405.8,0.35
4407.5,0.37
4409.2,0.37
4410.9,0.37
4412.6,0.37
4414.3,0.37
4416.0,0.37
4417.7,0.37
4419.4,0.37
4421.0,0.39
4422.7,0.37
4424.3,0.39
4426.0,0.37
4427.7,0.37
4429.3,0.39
4431.0,0.37
4432.7,0.37
4434.4,0.37
4436.1,0.37
4437.8,0.37
4439.6,0.35
4441.4,0.35
4443.1,0.37
4444.8,0.37
4446.6,0.35
4448.3,0.37
4450.1,0.35
4451.9,0.35
4453.6,0.37
4455.3,0.37
4457.1,0.35
4458.8,0.37
4460.6,0.35
4462.3,0.37
4464.0,0.37
4465.7,0.37
4467.5,0.35
4469.1,0.39
4470.8,0.37
4472.5,0.37
4474.1,0.39
4475.9,0.35
4477.6,0.37
4479.4,0.35
4481.1,0.37
4482.9,0.35
4484.6,0.37
4486.3,0.37
4488.0,0.37
4489.7,0.37
4491.5,0.35
4493.4,0.33
4495.2,0.35
4497.1,0.33
4499.0,0.33
4500.8,0.35
4502.6,0.35
4504.5,0.33
4506.4,0.33
4508.2,0.35
4510.1,0.33
4512.0,0.33
4513.9,0.33
4515.9,0.31
4518.0,0.30
4519.9,0.33
4521.7,0.35
4523.5,0.35
4525.2,0.37
4526.8,0.39
4528.5,0.37
4530.2,0.37
4532.0,0.35
4533.8,0.35
4535.5,0.37
4537.3,0.35
4539.2,0.33
4541.0,0.35
4542.8,0.35
4544.6,0.35
4546.4,0.35
4548.2,0.35
4550.0,0.35
4551.8,0.35
4553.5,0.37
4555.3,0.35
4557.1,0.35
4558.9,0.35
4560.7,0.35
4562.5,0.35
4564.4,0.33
4566.1,0.37
4567.9,0.35
4569.6,0.37
4571.4,0.35
4573.2,0.35
4575.1,0.33
4576.9,0.35
4578.8,0.33
4580.6,0.35
4582.4,0.35
4584.1,0.37
4585.8,0.37
4587.5,0.37
4589.1,0.39
4590.8,0.37
4592.5,0.37
4594.2,0.37
4596.0,0.35
4597.8,0.35
4599.7,0.33
4601.5,0.35
4603.3,0.35
4605.2,0.33
4607.1,0.33
4608.9,0.35
4610.6,0.37
4612.4,0.35
4614.3,0.33
4616.2,0.33
4618.0,0.35
4619.9,0.33
4621.8,0.33
4623.7,0.33
4625.5,0.35
4627.3,0.35
4629.1,0.35
4630.9,0.35
4632.7,0.35
4634.5,0.35
4636.4,0.33
4638.2,0.35
4640.0,0.35
4641.7,0.37
4643.4,0.37
4645.1,0.37
4646.8,0.37
4648.5,0.37
4650.2,0.37
4652.0,0.35
4653.8,0.35
4655.6,0.35
4657.4,0.35
4659.2,0.35
4661.1,0.33
4663.0,0.33
4664.8,0.35
4666.6,0.35
4668.4,0.35
4670.2,0.35
4671.9,0.37
4673.8,0.33
4675.7,0.33
4677.6,0.33
4679.5,0.33
4681.3,0.35
4683.2,0.33
4685.0,0.35
4686.8,0.35
4688.6,0.35
4690.4,0.35
4692.2,0.35
4694.1,0.33
4695.9,0.35
4697.8,0.33
4699.7,0.33
4701.6,0.33
4703.4,0.35
4705.2,0.35
4707.0,0.35
4708.9,0.33
4710.8,0.33
4712.7,0.33
4714.7,0.31
4716.7,0.31
4718.6,0.33
4720.5,0.33
4722.5,0.31
4724.4,0.33
4726.3,0.33
4728.2,0.33
4730.0,0.35
4731.8,0.35
4733.7,0.33
4735.5,0.35
4737.5,0.31
4739.4,0.33
4741.3,0.33
4743.1,0.35
4744.8,0.37
4746.4,0.39
4748.1,0.37
4749.9,0.35
4751.8,0.33
4753.6,0.35
4755.4,0.35
4757.3,0.33
4759.2,0.33
4761.2,0.31
4763.2,0.31
4765.1,0.33
4766.9,0.35
4768.8,0.33
4770.5,0.37
4772.3,0.35
4774.1,0.35
4775.9,0.35
4777.8,0.33
4779.6,0.35
4781.4,0.35
4783.3,0.33
4785.2,0.33
4787.1,0.33
4789.0,0.33
4790.9,0.33
4792.6,0.37
4794.4,0.35
4796.2,0.35
4798.0,0.35
4799.7,0.37
4801.4,0.37
4803.1,0.37
4804.8,0.37
4806.6,0.35
4808.4,0.35
4810.2,0.35
4812.0,0.35
4813.9,0.33
4815.8,0.33
4817.7,0.33
4819.5,0.35
4821.4,0.33
4823.2,0.35
4825.0,0.35
4826.9,0.33
4828.7,0.35
4830.4,0.37
4832.2,0.35
4834.0,0.35
4835.9,0.33
4837.7,0.35
4839.6,0.33
4841.3,0.37
4843.0,0.37
4844.7,0.37
4846.4,0.37
4848.2,0.35
4850.0,0.35
4851.9,0.33
4853.8,0.33
4855.9,0.30
4858.0,0.30
4860.0,0.31
4862.1,0.30
4864.2,0.30
4866.3,0.30
4868.4,0.30
4870.5,0.30
4872.7,0.29
4874.8,0.30
4877.0,0.29
4879.1,0.30
4881.2,0.30
4883.3,0.30
4885.3,0.31
4887.3,0.31
4889.4,0.30
4891.6,0.29
4893.7,0.30
4895.9,0.29
4898.0,0.30
4900.0,0.31
4902.0,0.31
4904.0,0.31
4906.1,0.30
4908.1,0.31
4910.1,0.31
4912.1,0.31
4914.2,0.30
4916.3,0.30
4918.4,0.30
4920.5,0.30
4922.6,0.30
4924.8,0.29
4926.9,0.30
4929.0,0.30
4931.0,0.31
4932.9,0.33
4934.9,0.31
4936.9,0.31
4939.1,0.29
4941.1,0.31
4943.2,0.30
4945.2,0.31
4947.3,0.30
4949.3,0.31
4951.2,0.33
4953.1,0.33
4955.1,0.31
4957.2,0.30
4959.2,0.31
4961.2,0.31
4963.2,0.31
4965.3,0.30
4967.3,0.31
4969.4,0.30
4971.3,0.33
4973.3,0.31
4975.3,0.31
4977.3,0.31
4979.2,0.33
4981.2,0.31
4983.2,0.31
4985.1,0.33
4987.1,0.31
4989.1,0.31
4991.1,0.31
4993.1,0.31
4995.2,0.30
4997.2,0.31
4999.3,0.30
5001.3,0.31
5003.3,0.31
5005.3,0.31
5007.3,0.31
5009.2,0.33
5011.3,0.30
5013.3,0.31
5015.4,0.30
5017.4,0.31
5019.4,0.31
5021.6,0.29
5023.6,0.31
5025.8,0.29
5027.9,0.30
5029.9,0.31
5031.9,0.31
5033.9,0.31
5036.0,0.30
5038.1,0.30
5040.2,0.30
5042.4,0.29
5044.5,0.30
5046.6,0.30
5048.7,0.30
5050.8,0.30
5052.8,0.31
5054.9,0.30
5056.9,0.31
5058.9,0.31
5061.0,0.30
5063.0,0.31
5065.2,0.29
5067.3,0.30
5069.4,0.30
5071.5,0.30
5073.6,0.30
5075.7,0.30
5077.7,0.31
5079.8,0.30
5081.7,0.33
5083.6,0.33
5085.6,0.31
5087.5,0.33
5089.4,0.33
5091.3,0.33
5093.2,0.33
5095.3,0.30
5097.3,0.31
5099.4,0.30
5101.4,0.31
5103.4,0.31
5105.3,0.33
5107.3,0.31
5109.4,0.30
5111.5,0.30
5113.6,0.30
5115.6,0.31
5117.6,0.31
5119.7,0.30
5121.7,0.31
5123.6,0.33
5125.6,0.31
5127.7,0.30
5129.8,0.30
5131.9,0.30
5133.9,0.31
5136.0,0.30
5138.1,0.30
5140.2,0.30
5142.3,0.30
5144.4,0.30
5146.3,0.33
5148.3,0.31
5150.4,0.30
5152.5,0.30
5154.7,0.29
5156.8,0.30
5158.9,0.30
5161.0,0.30
5163.1,0.30
5165.2,0.30
5167.3,0.30
5169.4,0.30
5171.4,0.31
5173.4,0.31
5175.5,0.30
5177.5,0.31
5179.6,0.30
5181.6,0.31
5183.6,0.31
5185.6,0.31
5187.6,0.31
5189.6,0.31
5191.6,0.31
5193.6,0.31
5195.5,0.33
5197.5,0.31
5199.5,0.31
5201.5,0.31
5203.5,0.31
5205.4,0.33
5207.4,0.31
5209.4,0.31
5211.5,0.30
5213.6,0.30
5215.8,0.29
5218.0,0.29
5220.2,0.29
5222.4,0.29
5224.5,0.30
5226.5,0.31
5228.5,0.31
5230.4,0.33
5232.5,0.30
5234.6,0.30
5236.8,0.29
5238.9,0.30
5240.9,0.31
5243.0,0.30
5245.1,0.30
5247.2,0.30
5249.2,0.31
5251.2,0.31
5253.3,0.30
5255.3,0.31
5257.4,0.30
5259.5,0.30
5261.7,0.29
5263.8,0.30
5265.8,0.31
5267.9,0.30
5269.9,0.31
5272.1,0.29
5274.2,0.30
5276.4,0.29
5278.5,0.30
5280.6,0.30
5282.7,0.30
5284.7,0.31
5286.8,0.30
5288.9,0.30
5291.0,0.30
5293.0,0.31
5295.2,0.29
5297.2,0.31
5299.4,0.29
5301.5,0.30
5303.6,0.30
5305.7,0.30
5307.8,0.30
5309.9,0.30
5311.9,0.31
5313.9,0.31
5315.9,0.31
5317.9,0.31
5320.0,0.30
5322.0,0.31
5324.1,0.30
5326.1,0.31
5328.1,0.31
5330.2,0.30
5332.2,0.31
5334.4,0.29
5336.5,0.30
5338.6,0.30
5340.6,0.31
5342.7,0.30
5344.7,0.31
5346.8,0.30
5349.0,0.29
5351.1,0.30
5353.2,0.30
5355.3,0.30
5357.4,0.30
5359.5,0.30
5361.6,0.30
5363.6,0.31
5365.6,0.31
5367.7,0.30
5369.7,0.31
5371.7,0.31
5373.8,0.30
5375.9,0.30
5378.0,0.30
5380.1,0.30
5382.1,0.31
5384.3,0.29
5386.3,0.31
5388.3,0.31
5390.3,0.31
5392.4,0.30
5394.6,0.29
5396.8,0.29
5399.0,0.29
5401.2,0.29
5403.3,0.30
5405.5,0.29
5407.6,0.30
5409.8,0.29
5411.8,0.31
5413.9,0.30
5416.1,0.29
5418.3,0.29
5420.5,0.29
5422.7,0.29
5424.8,0.30
5426.9,0.30
5429.0,0.30
5431.1,0.30
5433.2,0.30
5435.4,0.29
5437.5,0.30
5439.6,0.30
5441.6,0.31
5443.6,0.31
5445.6,0.31
5447.6,0.31
5449.8,0.29
5451.8,0.31
5454.0,0.29
5456.1,0.30
5458.3,0.29
5460.4,0.30
5462.6,0.29
5464.7,0.30
5466.9,0.29
5469.0,0.30
5471.1,0.30
5473.3,0.29
5475.3,0.31
5477.1,0.35
5478.8,0.37
5480.5,0.37
5482.2,0.37
5483.9,0.37
5485.6,0.37
5487.4,0.35
5489.1,0.37
5490.8,0.37
5492.4,0.39
5494.0,0.39
5495.6,0.39
5497.2,0.39
5498.8,0.39
5500.3,0.42
5502.0,0.37
5503.6,0.39
5505.3,0.37
5506.9,0.39
5508.5,0.39
5510.1,0.39
5511.6,0.42
5513.2,0.39
5514.8,0.39
5516.5,0.37
5518.1,0.39
5519.6,0.42
5521.2,0.39
5522.8,0.39
5524.4,0.39
5526.1,0.37
5527.7,0.39
5529.5,0.35
5531.2,0.37
5533.1,0.33
5535.1,0.31
5537.1,0.31
5539.0,0.33
5541.0,0.31
5543.0,0.31
5545.1,0.30
5547.3,0.29
5549.5,0.29
5551.6,0.30
5553.8,0.29
5556.0,0.29
5558.2,0.29
5560.4,0.29
5562.5,0.30
5564.7,0.29
5566.9,0.29
5569.0,0.30
5571.0,0.31
5573.1,0.30
5575.3,0.29
5577.5,0.29
5579.7,0.29
5582.0,0.27
5584.3,0.27
5586.4,0.30
5588.5,0.30
5590.6,0.30
5592.6,0.31
5594.7,0.30
5597.0,0.27
5599.1,0.30
5601.3,0.29
5603.5,0.29
5605.7,0.29
5607.9,0.29
5610.0,0.30
5612.2,0.29
5614.4,0.29
5616.7,0.27
5618.9,0.29
5621.0,0.30
5623.1,0.30
5625.3,0.29
5627.3,0.31
5629.4,0.30
5631.4,0.31
5633.5,0.30
5635.6,0.30
5637.7,0.30
5639.8,0.30
5641.8,0.31
5644.0,0.29
5646.1,0.30
5648.2,0.30
5650.2,0.31
5652.4,0.29
5654.6,0.29
5656.8,0.29
5658.9,0.30
5661.0,0.30
5662.9,0.33
5665.0,0.30
5667.1,0.30
5669.2,0.30
5671.3,0.30
5673.4,0.30
5675.6,0.29
5677.8,0.29
5680.1,0.27
5682.1,0.31
5684.2,0.30
5686.2,0.31
5688.3,0.30
5690.5,0.29
5692.7,0.29
5694.8,0.30
5696.9,0.30
5698.9,0.31
5701.1,0.29
5703.2,0.30
5705.2,0.31
5707.3,0.30
5709.4,0.30
5711.4,0.31
5713.6,0.29
5715.8,0.29
5718.0,0.29
5720.2,0.29
5722.4,0.29
5724.6,0.29
5726.6,0.31
5728.7,0.30
5730.9,0.29
5733.0,0.30
5735.2,0.29
5737.4,0.29
5739.6,0.29
5741.8,0.29
5743.9,0.30
5746.1,0.29
5748.3,0.29
5750.4,0.30
5752.6,0.29
5754.7,0.30
5757.0,0.27
5759.3,0.27
5761.6,0.27
5763.8,0.29
5765.9,0.30
5768.1,0.29
5770.4,0.27
5772.5,0.30
5774.7,0.29
5776.9,0.29
5779.1,0.29
5781.2,0.30
5783.2,0.31
5785.3,0.30
5787.3,0.31
5789.4,0.30
5791.5,0.30
5793.6,0.30
5795.8,0.29
5798.0,0.29
5800.2,0.29
5802.4,0.29
5804.5,0.30
5806.7,0.29
5808.8,0.30
5811.0,0.29
5813.2,0.29
5815.3,0.30
5817.5,0.29
5819.7,0.29
5821.9,0.29
5824.1,0.29
5826.4,0.27
5828.6,0.29
5830.8,0.29
5832.9,0.30
5835.1,0.29
5837.3,0.29
5839.5,0.29
5841.6,0.30
5843.8,0.29
5846.1,0.27
5848.3,0.29
5850.6,0.27
5852.7,0.30
5854.9,0.29
5856.9,0.31
5859.0,0.30
5861.1,0.30
5863.2,0.30
5865.3,0.30
5867.4,0.30
5869.5,0.30
5871.6,0.30
5873.9,0.27
5876.1,0.29
5878.3,0.29
5880.5,0.29
5882.6,0.30
5884.8,0.29
5886.9,0.30
5889.1,0.29
5891.3,0.29
5893.6,0.27
5895.8,0.29
5898.0,0.29
5900.2,0.29
5902.4,0.29
5904.8,0.26
5907.0,0.29
5909.2,0.29
5911.4,0.29
5913.4,0.31
5915.5,0.30
5917.6,0.30
5919.7,0.30
5921.7,0.31
5923.9,0.29
5926.0,0.30
5928.1,0.30
5930.2,0.30
5932.4,0.29
5934.6,0.29
5936.7,0.30
5938.8,0.30
5940.8,0.31
5942.9,0.30
5945.0,0.30
5947.1,0.30
5949.2,0.30
5951.5,0.27
5953.7,0.29
5956.0,0.27
5958.1,0.30
5960.2,0.30
5962.4,0.29
5964.6,0.29
5966.8,0.29
5969.0,0.29
5971.2,0.29
5973.5,0.27
5975.8,0.27
5978.1,0.27
5980.2,0.30
5982.4,0.29
5984.6,0.29
5986.8,0.29
5989.0,0.29
5991.2,0.29
5993.4,0.29
5995.7,0.27
5998.0,0.27
6000.4,0.26
6002.8,0.26
6005.1,0.27
6007.5,0.26
6009.9,0.26
6012.2,0.27
6014.6,0.26
6016.9,0.27
6019.2,0.27
6021.4,0.29
6023.5,0.30
6025.6,0.30
6027.7,0.30
6029.9,0.29
6032.1,0.29
6034.3,0.29
6036.6,0.27
6038.9,0.27
6041.1,0.29
6043.3,0.29
6045.4,0.30
6047.6,0.29
6049.8,0.29
6051.9,0.30
6054.1,0.29
6056.2,0.30
6058.4,0.29
6060.7,0.27
6063.0,0.27
6065.2,0.29
6067.3,0.30
6069.5,0.29
6071.7,0.29
6074.0,0.27
6076.3,0.27
6078.5,0.29
6080.7,0.29
6082.7,0.31
6084.8,0.30
6086.9,0.30
6089.0,0.30
6091.2,0.29
6093.4,0.29
6095.6,0.29
6097.9,0.27
6100.1,0.29
6102.3,0.29
6104.5,0.29
6106.8,0.27
6108.9,0.30
6111.1,0.29
6113.1,0.31
6115.2,0.30
6117.3,0.30
6119.4,0.30
6121.4,0.31
6123.4,0.31
6125.5,0.30
6127.6,0.30
6129.7,0.30
6131.6,0.33
6133.3,0.37
6134.9,0.39
6136.4,0.42
6137.9,0.42
6139.4,0.42
6140.9,0.42
6142.4,0.42
6143.9,0.42
6145.4,0.42
6146.8,0.45
6148.1,0.48
6149.5,0.45
6150.9,0.45
6152.4,0.42
6154.0,0.39
6155.6,0.39
6157.2,0.39
6158.9,0.37
6160.7,0.35
6162.4,0.37
6164.1,0.37
6165.9,0.35
6167.7,0.35
6169.6,0.33
6171.4,0.35
6173.2,0.35
6174.9,0.37
6176.8,0.33
6178.7,0.33
6180.6,0.33
6182.6,0.31
6184.6,0.31
6186.6,0.31
6188.6,0.31
6190.7,0.30
6192.8,0.30
6194.8,0.31
6196.9,0.30
6199.0,0.30
6201.2,0.29
6203.3,0.30
6205.4,0.30
6207.5,0.30
6209.6,0.30
6211.6,0.31
6213.8,0.29
6215.8,0.31
6217.9,0.30
6219.9,0.31
6222.0,0.30
6224.1,0.30
6226.2,0.30
6228.4,0.29
6230.5,0.30
6232.6,0.30
6234.7,0.30
6236.8,0.30
6239.0,0.29
6241.2,0.29
6243.4,0.29
6245.6,0.29
6247.8,0.29
6249.9,0.30
6252.2,0.27
6254.4,0.29
6256.6,0.29
6258.8,0.29
6261.1,0.27
6263.4,0.27
6265.6,0.29
6267.9,0.27
6270.1,0.29
6272.3,0.29
6274.5,0.29
6276.8,0.27
6279.0,0.29
6281.1,0.30
6283.4,0.27
6285.6,0.29
6287.8,0.29
6290.1,0.27
6292.3,0.29
6294.6,0.27
6296.9,0.27
6299.1,0.29
6301.4,0.27
6303.7,0.27
6305.9,0.29
6308.1,0.29
6310.4,0.27
6312.7,0.27
6315.0,0.27
6317.3,0.27
6319.6,0.27
6321.7,0.30
6323.8,0.30
6325.8,0.31
6327.9,0.30
6330.1,0.29
6332.3,0.29
6334.5,0.29
6336.8,0.27
6339.0,0.29
6341.1,0.30
6343.2,0.30
6345.4,0.29
6347.6,0.29
6349.9,0.27
6352.1,0.29
6354.4,0.27
6356.6,0.29
6358.8,0.29
6361.0,0.29
6363.2,0.29
6365.5,0.27
6367.8,0.27
6370.0,0.29
6372.2,0.29
6374.4,0.29
6376.6,0.29
6378.7,0.30
6380.8,0.30
6382.9,0.30
6385.1,0.29
6387.1,0.31
6389.2,0.30
6391.2,0.31
6393.3,0.30
6395.5,0.29
6397.6,0.30
6399.7,0.30
6401.8,0.30
6403.9,0.30
6405.9,0.31
6408.0,0.30
6410.1,0.30
6412.2,0.30
6414.3,0.30
6416.5,0.29
6418.7,0.29
6420.8,0.30
6422.9,0.30
6425.1,0.29
6427.3,0.29
6429.3,0.31
6431.4,0.30
6433.6,0.29
6435.8,0.29
6438.1,0.27
6440.2,0.30
6442.4,0.29
6444.6,0.29
6446.8,0.29
6449.1,0.27
6451.3,0.29
6453.6,0.27
6456.0,0.26
6458.2,0.29
6460.4,0.29
6462.5,0.30
6464.6,0.30
6466.6,0.31
6468.7,0.30
6470.8,0.30
6473.0,0.29
6475.1,0.30
6477.2,0.30
6479.2,0.31
6481.3,0.30
6483.3,0.31
6485.5,0.29
6487.7,0.29
6489.8,0.30
6492.0,0.29
6494.2,0.29
6496.3,0.30
6498.4,0.30
6500.5,0.30
6502.6,0.30
6504.6,0.31
6506.7,0.30
6508.8,0.30
6511.1,0.27
6513.3,0.29
6515.4,0.30
6517.6,0.29
6519.9,0.27
6522.1,0.29
6524.4,0.27
6526.6,0.29
6528.9,0.27
6531.2,0.27
6533.5,0.27
6535.9,0.26
6538.2,0.27
6540.5,0.27
6542.8,0.27
6545.0,0.29
6547.1,0.30
6549.3,0.29
6551.5,0.29
6553.7,0.29
6556.0,0.27
6558.2,0.29
6560.4,0.29
6562.6,0.29
6564.8,0.29
6567.1,0.27
6569.3,0.29
6571.4,0.30
6573.6,0.29
6575.9,0.27
6578.2,0.27
6580.4,0.29
6582.6,0.29
6584.9,0.27
6587.1,0.29
6589.3,0.29
6591.4,0.30
6593.6,0.29
6595.9,0.27
6598.3,0.26
6600.6,0.27
6602.7,0.30
6604.8,0.30
6606.9,0.30
6609.0,0.30
6611.1,0.30
6613.4,0.27
6615.6,0.29
6617.8,0.29
6619.9,0.30
6622.0,0.30
6624.0,0.31
6626.0,0.31
6628.1,0.30
6630.1,0.31
6632.2,0.30
6634.3,0.30
6636.4,0.30
6638.5,0.30
6640.6,0.30
6642.9,0.27
6645.2,0.27
6647.5,0.27
6649.6,0.30
6651.8,0.29
6653.9,0.30
6655.9,0.31
6658.0,0.30
6660.1,0.30
6662.2,0.30
6664.3,0.30
6666.3,0.31
6668.3,0.31
6670.2,0.33
6672.2,0.31
6674.3,0.30
6676.5,0.29
6678.6,0.30
6680.8,0.29
6682.7,0.33
6684.4,0.37
6686.0,0.39
6687.6,0.39
6689.1,0.42
6690.7,0.39
6692.2,0.42
6693.8,0.39
6695.4,0.39
6697.1,0.37
6698.8,0.37
6700.6,0.35
6702.3,0.37
6704.1,0.35
6705.9,0.35
6707.7,0.35
6709.5,0.35
6711.1,0.39
6712.9,0.35
6714.6,0.37
6716.4,0.35
6718.1,0.37
6719.9,0.35
6721.7,0.35
6723.4,0.37
6725.2,0.35
6727.0,0.35
6728.9,0.33
6730.7,0.35
6732.5,0.35
6734.2,0.37
6736.0,0.35
6737.8,0.35
6739.6,0.35
6741.3,0.37
6743.1,0.35
6744.9,0.35
6746.7,0.35
6748.6,0.33
6750.4,0.35
6752.2,0.35
6754.0,0.35
6755.8,0.35
6757.6,0.35
6759.5,0.33
6761.4,0.33
6763.2,0.35
6765.1,0.33
6767.0,0.33
6768.9,0.33
6770.8,0.33
6772.7,0.33
6774.6,0.33
6776.5,0.33
6778.3,0.35
6780.3,0.31
6782.2,0.33
6784.1,0.33
6786.1,0.31
6788.1,0.31
6790.0,0.33
6792.1,0.30
6794.1,0.31
6796.2,0.30
6798.2,0.31
6800.2,0.31
6802.2,0.31
6804.2,0.31
6806.2,0.31
6808.2,0.31
6810.2,0.31
6812.1,0.33
6814.1,0.31
6816.0,0.33
6818.0,0.31
6819.9,0.33
6821.7,0.35
6823.6,0.33
6825.6,0.31
6827.5,0.33
6829.5,0.31
6831.5,0.31
6833.4,0.33
6835.4,0.31
6837.4,0.31
6839.3,0.33
6841.3,0.31
6843.2,0.33
6845.0,0.35
6846.8,0.35
6848.6,0.35
6850.4,0.35
6852.3,0.33
6854.1,0.35
6856.0,0.33
6858.0,0.31
6859.9,0.33
6861.7,0.35
6863.6,0.33
6865.4,0.35
6867.2,0.35
6869.0,0.35
6870.9,0.33
6872.7,0.35
6874.5,0.35
6876.3,0.35
6878.2,0.33
6880.1,0.33
6882.0,0.33
6883.9,0.33
6885.7,0.35
6887.6,0.33
6889.5,0.33
6891.4,0.33
6893.2,0.35
6895.1,0.33
6897.1,0.31
6899.0,0.33
6900.8,0.35
6902.6,0.35
6904.4,0.35
6906.2,0.35
6908.0,0.35
6909.8,0.35
6911.7,0.33
6913.5,0.35
6915.3,0.35
6917.2,0.33
6919.0,0.35
6920.9,0.33
6922.9,0.31
6924.8,0.33
6926.7,0.33
6928.6,0.33
6930.5,0.33
6932.4,0.33
6934.1,0.37
6935.9,0.35
6937.8,0.33
6939.6,0.35
6941.4,0.35
6943.3,0.33
6945.1,0.35
6947.0,0.33
6948.9,0.33
6950.7,0.35
6952.6,0.33
6954.3,0.37
6956.1,0.35
6957.9,0.35
6959.7,0.35
6961.6,0.33
6963.4,0.35
6965.3,0.33
6967.2,0.33
6969.1,0.33
6971.0,0.33
6973.0,0.31
6974.9,0.33
6976.9,0.31
6978.8,0.33
6980.6,0.35
6982.4,0.35
6984.2,0.35
6986.0,0.35
6987.8,0.35
6989.6,0.35
6991.5,0.33
6993.3,0.35
6995.1,0.35
6996.9,0.35
6998.7,0.35
7000.4,0.37
7002.1,0.37
7003.7,0.39
7005.4,0.37
7007.1,0.37
7008.9,0.35
7010.7,0.35
7012.7,0.31
7014.7,0.31
7016.8,0.30
7018.8,0.31
7020.8,0.31
7022.9,0.30
7024.9,0.31
7026.9,0.31
7028.9,0.31
7030.9,0.31
7033.0,0.30
7035.1,0.30
7037.1,0.31
7039.2,0.30
7041.3,0.30
7043.5,0.29
7045.7,0.29
7047.8,0.30
7049.9,0.30
7052.0,0.30
7054.1,0.30
7056.3,0.29
7058.5,0.29
7060.7,0.29
7062.7,0.31
7064.8,0.30
7066.8,0.31
7068.9,0.30
7071.0,0.30
7073.1,0.30
7075.2,0.30
7077.4,0.29
7079.5,0.30
7081.6,0.30
7083.7,0.30
7085.7,0.31
7087.7,0.31
7089.7,0.31
7091.8,0.30
7093.9,0.30
7096.0,0.30
7098.2,0.29
7100.5,0.27
7102.8,0.27
7105.1,0.27
7107.3,0.29
7109.5,0.29
7111.7,0.29
7113.8,0.30
7116.0,0.29
7118.1,0.30
7120.3,0.29
7122.5,0.29
7124.7,0.29
7126.9,0.29
7129.1,0.29
7131.3,0.29
7133.5,0.29
7135.8,0.27
7138.1,0.27
7140.3,0.29
7142.6,0.27
7144.8,0.29
7147.0,0.29
7149.1,0.30
7151.3,0.29
7153.4,0.30
7155.5,0.30
7157.7,0.29
7159.9,0.29
7161.9,0.31
7163.9,0.31
7166.0,0.30
7168.2,0.29
7170.4,0.29
7172.6,0.29
7174.8,0.29
7177.0,0.29
7179.2,0.29
7181.4,0.29
7183.5,0.30
7185.6,0.30
7187.7,0.30
7190.0,0.27
7192.3,0.27
7194.7,0.26
7197.1,0.26
7199.2,0.30
7201.4,0.29
7203.4,0.31
7205.5,0.30
7207.6,0.30
7209.8,0.29
7211.9,0.30
7214.0,0.30
7216.1,0.30
7218.4,0.27
7220.6,0.29
7222.7,0.30
7224.8,0.30
7226.8,0.31
7228.9,0.30
7231.0,0.30
7233.1,0.30
7235.2,0.30
7237.4,0.29
7239.6,0.29
7241.8,0.29
7243.9,0.30
7246.0,0.30
7248.1,0.30
7250.2,0.30
7252.3,0.30
7254.4,0.30
7256.6,0.29
7258.9,0.27
7261.1,0.29
7263.3,0.29
7265.6,0.27
7267.8,0.29
7269.9,0.30
7271.9,0.31
7274.1,0.29
7276.3,0.29
7278.4,0.30
7280.6,0.29
7282.7,0.30
7284.8,0.30
7286.8,0.31
7288.8,0.31
7290.9,0.30
7293.1,0.29
7295.3,0.29
7297.4,0.30
7299.6,0.29
7301.9,0.27
7304.0,0.30
7306.1,0.30
7308.2,0.30
7310.3,0.30
7312.4,0.30
7314.5,0.30
7316.6,0.30
7318.7,0.30
7320.8,0.30
7322.8,0.31
7324.9,0.30
7327.0,0.30
7329.0,0.31
7331.2,0.29
7333.3,0.30
7335.4,0.30
7337.6,0.29
7339.7,0.30
7341.8,0.30
7343.8,0.31
7346.0,0.29
7348.1,0.30
7350.2,0.30
7352.4,0.29
7354.5,0.30
7356.6,0.30
7358.7,0.30
7360.8,0.30
7362.9,0.30
7364.9,0.31
7366.9,0.31
7369.0,0.30
7371.0,0.31
7373.1,0.30
7375.2,0.30
7377.3,0.30
7379.3,0.31
7381.4,0.30
7383.5,0.30
7385.6,0.30
7387.6,0.31
7389.6,0.31
7391.6,0.31
7393.6,0.31
7395.4,0.35
7397.1,0.37
7398.9,0.35
7400.6,0.37
7402.3,0.37
7404.1,0.35
7405.9,0.35
7407.8,0.33
7409.7,0.33
7411.7,0.31
7413.7,0.31
7415.7,0.31
7417.7,0.31
7419.7,0.31
7421.7,0.31
7423.7,0.31
7425.7,0.31
7427.8,0.30
7429.8,0.31
7431.9,0.30
7433.9,0.31
7436.1,0.29
7438.3,0.29
7440.4,0.30
7442.4,0.31
7444.4,0.31
7446.4,0.31
7448.5,0.30
7450.5,0.31
7452.6,0.30
7454.6,0.31
7456.7,0.30
7458.7,0.31
7460.8,0.30
7462.9,0.30
7465.0,0.30
7467.1,0.30
7469.1,0.31
7471.1,0.31
7473.2,0.30
7475.3,0.30
7477.4,0.30
7479.6,0.29
7481.7,0.30
7483.7,0.31
7485.8,0.30
7487.8,0.31
7489.9,0.30
7491.9,0.31
7494.0,0.30
7496.1,0.30
7498.2,0.30
7500.4,0.29
7502.4,0.31
7504.5,0.30
7506.5,0.31
7508.6,0.30
7510.6,0.31
7512.8,0.29
7514.8,0.31
7516.8,0.31
7518.8,0.31
7520.9,0.30
7522.9,0.31
7525.0,0.30
7527.0,0.31
7529.1,0.30
7531.2,0.30
7533.2,0.31
7535.3,0.30
7537.3,0.31
7539.3,0.31
7541.3,0.31
7543.3,0.31
7545.4,0.30
7547.4,0.31
7549.4,0.31
7551.4,0.31
7553.5,0.30
7555.5,0.31
7557.6,0.30
7559.7,0.30
7561.7,0.31
7563.7,0.31
7565.7,0.31
7567.7,0.31
7569.7,0.31
7571.8,0.30
7573.9,0.30
7576.1,0.29
7578.2,0.30
7580.3,0.30
7582.4,0.30
7584.4,0.31
7586.5,0.30
7588.5,0.31
7590.5,0.31
7592.6,0.30
7594.6,0.31
7596.8,0.29
7598.9,0.30
7601.1,0.29
7603.3,0.29
7605.4,0.30
7607.4,0.31
7609.5,0.30
7611.6,0.30
7613.8,0.29
7616.0,0.29
7618.2,0.29
7620.4,0.29
7622.5,0.30
7624.6,0.30
7626.7,0.30
7628.8,0.30
7631.0,0.29
7633.1,0.30
7635.2,0.30
7637.4,0.29
7639.4,0.31
7641.5,0.30
7643.6,0.30
7645.6,0.31
7647.6,0.31
7649.7,0.30
7651.7,0.31
7653.8,0.30
7655.9,0.30
7658.1,0.29
7660.3,0.29
7662.5,0.29
7664.6,0.30
7666.6,0.31
7668.7,0.30
7670.8,0.30
7672.9,0.30
7674.9,0.31
7677.0,0.30
7679.1,0.30
7681.2,0.30
7683.3,0.30
7685.3,0.31
7687.4,0.30
7689.4,0.31
7691.4,0.31
7693.4,0.31
7695.1,0.37
7696.8,0.37
7698.5,0.37
7700.0,0.42
7701.5,0.42
7703.0,0.42
7704.5,0.42
7706.1,0.39
7707.6,0.42
7709.2,0.39
7710.9,0.37
7712.6,0.37
7714.1,0.42
7715.6,0.42
7717.2,0.39
7718.7,0.42
7720.2,0.42
7721.8,0.39
7723.3,0.42
7724.9,0.39
7726.5,0.39
7728.2,0.37
7729.9,0.37
7731.5,0.39
7733.2,0.37
7734.9,0.37
7736.5,0.39
7738.1,0.39
7739.7,0.39
7741.2,0.42
7742.9,0.37
7744.5,0.39
7746.1,0.39
7747.8,0.37
7749.4,0.39
7751.1,0.37
7752.8,0.37
7754.6,0.35
7756.3,0.37
7758.0,0.37
7759.7,0.37
7761.3,0.39
7762.9,0.39
7764.6,0.37
7766.4,0.35
7768.1,0.37
7769.9,0.35
7771.8,0.33
7773.8,0.31
7775.9,0.30
7777.8,0.33
7779.8,0.31
7781.7,0.33
7783.7,0.31
7785.7,0.31
7787.7,0.31
7789.7,0.31
7791.7,0.31
7793.7,0.31
7795.8,0.30
7797.9,0.30
7799.9,0.31
7802.0,0.30
7804.0,0.31
7806.0,0.31
7808.0,0.31
7809.9,0.33
7811.9,0.31
7813.9,0.31
7815.9,0.31
7818.0,0.30
7820.1,0.30
7822.2,0.30
7824.3,0.30
7826.4,0.30
7828.5,0.30
7830.6,0.30
7832.7,0.30
7834.8,0.30
7836.9,0.30
7839.0,0.30
7841.2,0.29
7843.3,0.30
7845.3,0.31
7847.3,0.31
7849.4,0.30
7851.4,0.31
7853.4,0.31
7855.5,0.30
7857.6,0.30
7859.8,0.29
7862.0,0.29
7864.2,0.29
7866.3,0.30
7868.3,0.31
7870.4,0.30
7872.5,0.30
7874.7,0.29
7877.1,0.26
7879.4,0.27
7881.6,0.29
7883.6,0.31
7885.6,0.31
7887.7,0.30
7889.8,0.30
7891.9,0.30
7894.1,0.29
7896.2,0.30
7898.2,0.31
7900.2,0.31
7902.2,0.31
7904.2,0.31
7906.3,0.30
7908.4,0.30
7910.4,0.31
7912.6,0.29
7914.7,0.30
7916.8,0.30
7918.9,0.30
7921.0,0.30
7923.1,0.30
7925.1,0.31
7927.3,0.29
7929.3,0.31
7931.4,0.30
7933.4,0.31
7935.5,0.30
7937.6,0.30
7939.8,0.29
7942.0,0.29
7944.2,0.29
7946.2,0.31
7948.1,0.33
7950.2,0.30
7952.2,0.31
7954.3,0.30
7956.4,0.30
7958.3,0.33
7960.2,0.33
7962.1,0.33
7964.1,0.31
7966.2,0.30
7968.2,0.31
7970.3,0.30
7972.4,0.30
7974.4,0.31
7976.5,0.30
7978.6,0.30
7980.6,0.31
7982.6,0.31
7984.7,0.30
7986.7,0.31
7988.7,0.31
7990.8,0.30
7992.9,0.30
7995.0,0.30
7997.1,0.30
7999.1,0.31
8001.2,0.30
8003.3,0.30
8005.5,0.29
8007.6,0.30
8009.7,0.30
8011.8,0.30
8013.9,0.30
8016.0,0.30
8018.2,0.29
8020.3,0.30
8022.4,0.30
8024.5,0.30
8026.7,0.29
8028.8,0.30
8030.8,0.31
8032.9,0.30
8034.9,0.31
8037.1,0.29
8039.2,0.30
8041.3,0.30
8043.3,0.31
8045.4,0.30
8047.4,0.31
8049.4,0.31
8051.4,0.31
8053.4,0.31
8055.5,0.30
8057.6,0.30
8059.6,0.31
8061.7,0.30
8063.8,0.30
8065.9,0.30
8068.1,0.29
8070.2,0.30
8072.4,0.29
8074.5,0.30
8076.6,0.30
8078.8,0.29
8080.9,0.30
8083.0,0.30
8085.1,0.30
8087.1,0.31
8089.2,0.30
8091.3,0.30
8093.4,0.30
8095.5,0.30
8097.7,0.29
8099.7,0.31
8101.7,0.31
8103.7,0.31
8105.7,0.31
8107.8,0.30
8109.9,0.30
8112.0,0.30
8114.2,0.29
8116.4,0.29
8118.6,0.29
8120.7,0.30
8122.8,0.30
8124.9,0.30
8127.1,0.29
8129.1,0.31
8131.1,0.31
8133.3,0.29
8135.4,0.30
8137.5,0.30
8139.6,0.30
8141.5,0.33
8143.6,0.30
8145.6,0.31
8147.6,0.31
8149.7,0.30
8151.7,0.31
8153.8,0.30
8155.9,0.30
8158.0,0.30
8160.0,0.31
8162.1,0.30
8164.2,0.30
8166.4,0.29
8168.6,0.29
8170.8,0.29
8172.9,0.30
8175.0,0.30
8177.0,0.31
8179.0,0.31
8180.9,0.33
8182.9,0.31
8184.9,0.31
8186.9,0.31
8188.9,0.31
8191.0,0.30
8193.1,0.30
8195.2,0.30
8197.3,0.30
8199.4,0.30
8201.5,0.30
8203.5,0.31
8205.5,0.31
8207.6,0.30
8209.6,0.31
8211.6,0.31
8213.7,0.30
8215.7,0.31
8217.8,0.30
8220.0,0.29
8222.1,0.30
8224.3,0.29
8226.2,0.33
8228.0,0.35
8229.8,0.35
8231.4,0.39
8233.0,0.39
8234.7,0.37
8236.4,0.37
8238.1,0.37
8239.9,0.35
8241.7,0.35
8243.5,0.35
8245.5,0.31
8247.4,0.33
8249.3,0.33
8251.3,0.31
8253.3,0.31
8255.4,0.30
8257.5,0.30
8259.5,0.31
8261.5,0.31
8263.5,0.31
8265.5,0.31
8267.5,0.31
8269.5,0.31
8271.6,0.30
8273.6,0.31
8275.7,0.30
8277.8,0.30
8279.9,0.30
8281.9,0.31
8284.0,0.30
8286.1,0.30
8288.1,0.31
8290.1,0.31
8292.2,0.30
8294.2,0.31
8296.3,0.30
8298.4,0.30
8300.4,0.31
8302.5,0.30
8304.6,0.30
8306.8,0.29
8308.9,0.30
8311.0,0.30
8313.1,0.30
8315.2,0.30
8317.4,0.29
8319.5,0.30
8321.6,0.30
8323.7,0.30
8325.9,0.29
8328.0,0.30
8330.1,0.30
8332.3,0.29
8334.4,0.30
8336.5,0.30
8338.6,0.30
8340.8,0.29
8342.9,0.30
8345.0,0.30
8347.1,0.30
8349.2,0.30
8351.3,0.30
8353.4,0.30
8355.6,0.29
8357.8,0.29
8360.0,0.29
8362.0,0.31
8364.0,0.31
8366.0,0.31
8368.0,0.31
8369.7,0.37
8371.2,0.42
8372.8,0.39
8374.3,0.42
8375.9,0.39
8377.5,0.39
8379.1,0.39
8380.8,0.37
8382.5,0.37
8384.2,0.37
8386.1,0.33
8387.9,0.35
8389.8,0.33
8391.7,0.33
8393.5,0.35
8395.4,0.33
8397.3,0.33
8399.0,0.37
8400.7,0.37
8402.4,0.37
8404.0,0.39
8405.6,0.39
8407.2,0.39
8408.9,0.37
8410.7,0.35
8412.5,0.35
8414.1,0.39
8415.7,0.39
8417.3,0.39
8418.9,0.39
8420.5,0.39
8422.1,0.39
8423.7,0.39
8425.3,0.39
8426.9,0.39
8428.5,0.39
8430.1,0.39
8431.7,0.39
8433.4,0.37
8435.1,0.37
8437.0,0.33
8438.8,0.35
8440.8,0.31
8442.8,0.31
8444.8,0.31
8446.7,0.33
8448.7,0.31
8450.6,0.33
8452.6,0.31
8454.6,0.31
8456.7,0.30
8458.8,0.30
8460.8,0.31
8462.9,0.30
8464.9,0.31
8466.9,0.31
8469.1,0.29
8471.1,0.31
8473.2,0.30
8475.4,0.29
8477.4,0.31
8479.5,0.30
8481.6,0.30
8483.6,0.31
8485.6,0.31
8487.5,0.33
8489.5,0.31
8491.5,0.31
8493.6,0.30
8495.8,0.29
8497.9,0.30
8500.1,0.29
8502.3,0.29
8504.4,0.30
8506.4,0.31
8508.4,0.31
8510.5,0.30
8512.4,0.33
8514.3,0.33
8516.3,0.31
8518.3,0.31
8520.3,0.31
8522.4,0.30
8524.5,0.30
8526.6,0.30
8528.7,0.30
8530.7,0.31
8532.8,0.30
8534.8,0.31
8537.0,0.29
8539.0,0.31
8541.2,0.29
8543.4,0.29
8545.5,0.30
8547.7,0.29
8549.8,0.30
8552.0,0.29
8554.2,0.29
8556.4,0.29
8558.5,0.30
8560.6,0.30
8562.7,0.30
8564.7,0.31
8566.8,0.30
8568.8,0.31
8570.9,0.30
8573.1,0.29
8575.3,0.29
8577.4,0.30
8579.6,0.29
8581.7,0.30
8583.8,0.30
8586.0,0.29
8588.2,0.29
8590.4,0.29
8592.5,0.30
8594.7,0.29
8596.8,0.30
8598.9,0.30
8600.9,0.31
8602.9,0.31
8605.0,0.30
8607.1,0.30
8609.2,0.30
8611.4,0.29
8613.4,0.31
8615.4,0.31
8617.4,0.31
8619.5,0.30
8621.6,0.30
8623.6,0.31
8625.7,0.30
8627.7,0.31
8629.7,0.31
8631.7,0.31
8633.6,0.33
8635.6,0.31
8637.6,0.31
8639.8,0.29
8641.9,0.30
8644.0,0.30
8646.2,0.29
8648.3,0.30
8650.4,0.30
8652.5,0.30
8654.5,0.31
8656.4,0.33
8658.5,0.30
8660.5,0.31
8662.6,0.30
8664.7,0.30
8666.7,0.31
8668.7,0.31
8670.6,0.33
8672.7,0.30
8674.8,0.30
8676.9,0.30
8678.9,0.31
8681.0,0.30
8683.1,0.30
8685.1,0.31
8687.2,0.30
8689.2,0.31
8691.3,0.30
8693.4,0.30
8695.5,0.30
8697.5,0.31
8699.6,0.30
8701.7,0.30
8703.8,0.30
8705.7,0.33
8707.7,0.31
8709.6,0.33
8711.5,0.33
8713.4,0.33
8715.4,0.31
8717.5,0.30
8719.5,0.31
8721.6,0.30
8723.6,0.31
8725.6,0.31
8727.5,0.33
8729.5,0.31
8731.5,0.31
8733.4,0.33
8735.3,0.33
8737.3,0.31
8739.2,0.33
8741.1,0.33
8743.1,0.31
8745.1,0.31
8747.0,0.33
8749.0,0.31
8750.9,0.33
8752.8,0.33
8754.8,0.31
8756.8,0.31
8758.8,0.31
8760.8,0.31
8762.9,0.30
8764.9,0.31
8767.0,0.30
8769.0,0.31
8771.0,0.31
8773.0,0.31
8775.1,0.30
8777.2,0.30
8779.3,0.30
8781.4,0.30
8783.4,0.31
8785.4,0.31
8787.4,0.31
8789.4,0.31
8791.5,0.30
8793.6,0.30
8795.7,0.30
8797.8,0.30
8799.8,0.31
8801.9,0.30
8803.9,0.31
8805.9,0.31
8807.8,0.33
8809.9,0.30
8811.9,0.31
8814.0,0.30
8816.1,0.30
8818.2,0.30
8820.3,0.30
8822.4,0.30
8824.5,0.30
8826.6,0.30
8828.6,0.31
8830.7,0.30
8832.8,0.30
8834.9,0.30
8837.0,0.30
8839.0,0.31
8841.0,0.31
8843.0,0.31
8845.1,0.30
8847.1,0.31
8849.2,0.30
8851.3,0.30
8853.5,0.29
8855.6,0.30
8857.7,0.30
8859.7,0.31
8861.7,0.31
8863.7,0.31
8865.7,0.31
8867.7,0.31
8869.8,0.30
8872.0,0.29
8874.1,0.30
8876.3,0.29
8878.4,0.30
8880.5,0.30
8882.5,0.31
8884.5,0.31
8886.6,0.30
8888.7,0.30
8890.9,0.29
8893.0,0.30
8895.1,0.30
8897.2,0.30
8899.2,0.31
8901.2,0.31
8903.2,0.31
8905.3,0.30
8907.3,0.31
8909.4,0.30
8911.5,0.30
8913.7,0.29
8915.7,0.31
8917.8,0.30
8919.7,0.33
8921.7,0.31
8923.7,0.31
8925.7,0.31
8927.7,0.31
8929.7,0.31
8931.6,0.33
8933.4,0.35
8935.0,0.39
8936.7,0.37
8938.2,0.42
8939.8,0.39
8941.3,0.42
8942.9,0.39
8944.5,0.39
8946.1,0.39
8947.8,0.37
8949.5,0.37
8951.2,0.37
8953.0,0.35
8954.7,0.37
8956.5,0.35
8958.3,0.35
8960.0,0.37
8961.7,0.37
8963.4,0.37
8965.1,0.37
8966.9,0.35
8968.6,0.37
8970.3,0.37
8972.0,0.37
8973.6,0.39
8975.3,0.37
8977.0,0.37
8978.7,0.37
8980.3,0.39
8982.0,0.37
8983.5,0.42
8985.1,0.39
8986.8,0.37
8988.5,0.37
8990.2,0.37
8992.0,0.35
8993.7,0.37
8995.5,0.35
8997.4,0.33
8999.1,0.37
9000.9,0.35
9002.6,0.37
9004.4,0.35
9006.1,0.37
9007.8,0.37
9009.5,0.37
9011.3,0.35
9013.0,0.37
9014.7,0.37
9016.5,0.35
9018.3,0.35
9020.1,0.35
9021.8,0.37
9023.5,0.37
9025.3,0.35
9027.1,0.35
9028.8,0.37
9030.6,0.35
9032.3,0.37
9034.0,0.37
9035.8,0.35
9037.6,0.35
9039.4,0.35
9041.1,0.37
9042.8,0.37
9044.5,0.37
9046.3,0.35
9048.1,0.35
9050.0,0.33
9051.9,0.33
9053.7,0.35
9055.5,0.35
9057.3,0.35
9059.0,0.37
9060.8,0.35
9062.5,0.37
9064.3,0.35
9066.0,0.37
9067.8,0.35
9069.5,0.37
9071.3,0.35
9073.1,0.35
9074.9,0.35
9076.7,0.35
9078.4,0.37
9080.2,0.35
9081.9,0.37
9083.7,0.35
9085.4,0.37
9087.1,0.37
9088.9,0.35
9090.7,0.35
9092.6,0.33
9094.4,0.35
9096.3,0.33
9098.1,0.35
9100.0,0.33
9101.8,0.35
9103.5,0.37
9105.2,0.37
9107.1,0.33
9108.8,0.37
9110.6,0.35
9112.3,0.37
9114.0,0.37
9115.7,0.37
9117.5,0.35
9119.2,0.37
9121.0,0.35
9122.6,0.39
9124.3,0.37
9126.0,0.37
9127.7,0.37
9129.4,0.37
9131.2,0.35
9133.0,0.35
9134.8,0.35
9136.6,0.35
9138.4,0.35
9140.2,0.35
9142.0,0.35
9143.7,0.37
9145.4,0.37
9147.1,0.37
9148.8,0.37
9150.5,0.37
9152.2,0.37
9153.9,0.37
9155.6,0.37
9157.3,0.37
9159.0,0.37
9160.8,0.35
9162.5,0.37
9164.3,0.35
9166.0,0.37
9167.7,0.37
9169.4,0.37
9171.1,0.37
9172.8,0.37
9174.5,0.37
9176.3,0.35
9178.1,0.35
9179.8,0.37
9181.6,0.35
9183.4,0.35
9185.1,0.37
9186.8,0.37
9188.5,0.37
9190.2,0.37
9192.0,0.35
9193.7,0.37
9195.5,0.35
9197.3,0.35
9199.0,0.37
9200.8,0.35
9202.6,0.35
9204.3,0.37
9206.1,0.35
9207.8,0.37
9209.5,0.37
9211.3,0.35
9213.1,0.35
9215.0,0.33
9216.8,0.35
9218.7,0.33
9220.5,0.35
9222.2,0.37
9223.9,0.37
9225.7,0.35
9227.4,0.37
9229.2,0.35
9230.9,0.37
9232.6,0.37
9234.4,0.35
9236.1,0.37
9237.9,0.35
9239.7,0.35
9241.5,0.35
9243.2,0.37
9244.9,0.37
9246.5,0.39
9248.1,0.39
9249.8,0.37
9251.5,0.37
9253.3,0.35
9255.0,0.37
9256.7,0.37
9258.5,0.35
9260.2,0.37
9262.0,0.35
9263.7,0.37
9265.4,0.37
9267.1,0.37
9268.9,0.35
9270.6,0.37
9272.3,0.37
9274.1,0.35
9275.9,0.35
9277.8,0.33
9279.7,0.33
9281.4,0.37
9283.1,0.37
9284.9,0.35
9286.5,0.39
9288.1,0.39
9289.7,0.39
9291.3,0.39
9293.0,0.37
9294.7,0.37
9296.4,0.37
9298.1,0.37
9299.9,0.35
9301.6,0.37
9303.3,0.37
9305.0,0.37
9306.7,0.37
9308.5,0.35
9310.3,0.35
9312.2,0.33
9314.0,0.35
9315.9,0.33
9317.7,0.35
9319.5,0.35
9321.3,0.35
9323.0,0.37
9324.8,0.35
9326.5,0.37
9328.3,0.35
9330.0,0.37
9331.8,0.35
9333.6,0.35
9335.5,0.33
9337.3,0.35
9339.0,0.37
9340.8,0.35
9342.5,0.37
9344.2,0.37
9346.0,0.35
9347.7,0.37
9349.4,0.37
9351.2,0.35
9352.9,0.37
9354.7,0.35
9356.4,0.37
9358.2,0.35
9359.9,0.37
9361.6,0.37
9363.3,0.37
9365.0,0.37
9366.8,0.35
9368.5,0.37
9370.3,0.35
9372.1,0.35
9374.0,0.33
9376.0,0.31
9378.0,0.31
9380.0,0.31
9382.0,0.31
9384.1,0.30
9386.1,0.31
9388.2,0.30
9390.3,0.30
9392.4,0.30
9394.4,0.31
9396.5,0.30
9398.5,0.31
9400.5,0.31
9402.4,0.33
9404.4,0.31
9406.4,0.31
9408.3,0.33
9410.3,0.31
9412.3,0.31
9414.4,0.30
9416.5,0.30
9418.7,0.29
9420.9,0.29
9423.1,0.29
9425.2,0.30
9427.3,0.30
9429.4,0.30
9431.5,0.30
9433.7,0.29
9435.9,0.29
9438.0,0.30
9440.1,0.30
9442.2,0.30
9444.4,0.29
9446.5,0.30
9448.8,0.27
9450.9,0.30
9453.2,0.27
9455.4,0.29
9457.7,0.27
9459.9,0.29
9462.0,0.30
9464.1,0.30
9466.3,0.29
9468.3,0.31
9470.3,0.31
9472.5,0.29
9474.7,0.29
9476.9,0.29
9479.1,0.29
9481.3,0.29
9483.4,0.30
9485.3,0.33
9487.2,0.33
9489.4,0.29
9491.5,0.30
9493.6,0.30
9495.8,0.29
9498.0,0.29
9500.2,0.29
9502.4,0.29
9504.5,0.30
9506.6,0.30
9508.7,0.30
9510.8,0.30
9513.0,0.29
9515.2,0.29
9517.4,0.29
9519.5,0.30
9521.6,0.30
9523.7,0.30
9525.7,0.31
9527.7,0.31
9529.7,0.31
9531.7,0.31
9533.6,0.33
9535.6,0.31
9537.7,0.30
9539.7,0.31
9541.8,0.30
9543.8,0.31
9545.8,0.31
9547.8,0.31
9549.8,0.31
9551.9,0.30
9554.0,0.30
9556.0,0.31
9558.0,0.31
9560.0,0.31
9562.0,0.31
9564.0,0.31
9566.0,0.31
9567.9,0.33
9569.9,0.31
9572.0,0.30
9574.0,0.31
9576.1,0.30
9578.2,0.30
9580.3,0.30
9582.4,0.30
9584.5,0.30
9586.6,0.30
9588.7,0.30
9590.8,0.30
9592.9,0.30
9594.9,0.31
9597.1,0.29
9599.4,0.27
9601.5,0.30
9603.6,0.30
9605.6,0.31
9607.6,0.31
9609.6,0.31
9611.6,0.31
9613.6,0.31
9615.6,0.31
9617.7,0.30
9619.9,0.29
9622.0,0.30
9624.1,0.30
9626.2,0.30
9628.2,0.31
9630.3,0.30
9632.4,0.30
9634.5,0.30
9636.7,0.29
9638.8,0.30
9640.9,0.30
9643.0,0.30
9645.1,0.30
9647.1,0.31
9649.0,0.33
9651.0,0.31
9653.0,0.31
9654.9,0.33
9656.8,0.33
9658.8,0.31
9660.9,0.30
9663.0,0.30
9665.1,0.30
9667.1,0.31
9669.1,0.31
9671.1,0.31
9673.1,0.31
9675.1,0.31
9677.1,0.31
9679.0,0.33
9681.0,0.31
9683.0,0.31
9685.0,0.31
9687.0,0.31
9689.0,0.31
9691.0,0.31
9693.0,0.31
9695.0,0.31
9697.0,0.31
9699.0,0.31
9700.9,0.33
9702.8,0.33
9704.6,0.35
9706.6,0.31
9708.5,0.33
9710.5,0.31
9712.5,0.31
9714.5,0.31
9716.5,0.31
9718.5,0.31
9720.4,0.33
9722.3,0.33
9724.2,0.33
9726.1,0.33
9728.1,0.31
9730.1,0.31
9732.2,0.30
9734.2,0.31
9736.2,0.31
9738.2,0.31
9740.2,0.31
9742.2,0.31
9744.1,0.33
9745.9,0.35
9747.8,0.33
9749.7,0.33
9751.6,0.33
9753.6,0.31
9755.6,0.31
9757.6,0.31
9759.8,0.29
9761.8,0.31
9763.8,0.31
9765.7,0.33
9767.7,0.31
9769.6,0.33
9771.4,0.35
9773.3,0.33
9775.2,0.33
9777.1,0.33
9779.0,0.33
9780.9,0.33
9782.8,0.33
9784.6,0.35
9786.5,0.33
9788.4,0.33
9790.3,0.33
9792.2,0.33
9794.1,0.33
9796.1,0.31
9798.0,0.33
9799.9,0.33
9801.8,0.33
9803.8,0.31
9805.6,0.35
9807.5,0.33
9809.4,0.33
9811.2,0.35
9813.2,0.31
9815.2,0.31
9817.2,0.31
9819.1,0.33
9821.0,0.33
9822.9,0.33
9824.7,0.35
9826.6,0.33
9828.4,0.35
9830.3,0.33
9832.2,0.33
9834.1,0.33
9836.1,0.31
9838.2,0.30
9840.2,0.31
9842.1,0.33
9844.1,0.31
9845.9,0.35
9847.8,0.33
9849.6,0.35
9851.5,0.33
9853.5,0.31
9855.5,0.31
9857.4,0.33
9859.3,0.33
9861.1,0.35
9862.9,0.35
9864.8,0.33
9866.6,0.35
9868.5,0.33
9870.3,0.35
9872.2,0.33
9874.2,0.31
9876.3,0.30
9878.4,0.30
9880.5,0.30
9882.5,0.31
9884.5,0.31
9886.4,0.33
9888.3,0.33
9890.2,0.33
9892.1,0.33
9894.1,0.31
9896.2,0.30
9898.2,0.31
9900.1,0.33
9902.0,0.33
9903.8,0.35
9905.8,0.31
9907.7,0.33
9909.6,0.33
9911.6,0.31
9913.6,0.31
9915.6,0.31
9917.6,0.31
9919.6,0.31
9921.5,0.33
9923.4,0.33
9925.3,0.33
9927.2,0.33
9929.1,0.33
9931.1,0.31
9933.1,0.31
9935.1,0.31
9937.2,0.30
9939.2,0.31
9941.1,0.33
9943.1,0.31
9945.0,0.33
9947.0,0.31
9949.0,0.31
9951.0,0.31
9953.0,0.31
9955.0,0.31
9957.0,0.31
9959.1,0.30
9961.4,0.27
9963.5,0.30
9965.5,0.31
9967.5,0.31
9969.5,0.31
9971.6,0.30
9973.8,0.29
9976.1,0.27
9978.1,0.31
9979.9,0.35
9981.6,0.37
9983.1,0.42
9984.5,0.45
9986.0,0.42
9987.4,0.45
9988.8,0.45
9990.3,0.42
9991.7,0.45
9993.1,0.45
9994.4,0.48
9995.8,0.45
9997.1,0.48
9998.6,0.42
10000.0,0.45
10001.5,0.42
10002.9,0.45
10004.3,0.45
10005.7,0.45
10007.2,0.42
10008.6,0.45
10010.0,0.45
10011.5,0.42
10012.9,0.45
10014.6,0.37
10016.3,0.37
10018.2,0.33
10020.0,0.35
10021.8,0.35
10023.6,0.35
10025.5,0.33
10027.5,0.31
10029.4,0.33
10031.3,0.33
10033.2,0.33
10035.1,0.33
10036.9,0.35
10038.8,0.33
10040.7,0.33
10042.6,0.33
10044.5,0.33
10046.3,0.35
10048.2,0.33
10050.1,0.33
10052.1,0.31
10054.2,0.30
10056.1,0.33
10058.1,0.31
10060.0,0.33
10061.8,0.35
10063.7,0.33
10065.4,0.37
10067.2,0.35
10069.1,0.33
10071.0,0.33
10072.8,0.35
10074.7,0.33
10076.5,0.35
10078.4,0.33
10080.3,0.33
10082.2,0.33
10084.0,0.35
10085.9,0.33
10087.8,0.33
10089.7,0.33
10091.7,0.31
10093.6,0.33
10095.6,0.31
10097.6,0.31
10099.6,0.31
10101.5,0.33
10103.5,0.31
10105.4,0.33
10107.2,0.35
10109.1,0.33
10111.0,0.33
10113.0,0.31
10115.0,0.31
10117.0,0.31
10119.1,0.30
10121.1,0.31
10123.1,0.31
10125.1,0.31
10127.1,0.31
10129.2,0.30
10131.1,0.33
10133.1,0.31
10135.2,0.30
10137.2,0.31
10139.2,0.31
10141.1,0.33
10143.0,0.33
10144.9,0.33
10146.7,0.35
10148.6,0.33
10150.5,0.33
10152.5,0.31
10154.4,0.33
10156.4,0.31
10158.4,0.31
10160.4,0.31
10162.2,0.35
10164.1,0.33
10166.1,0.31
10168.1,0.31
10170.0,0.33
10172.0,0.31
10173.9,0.33
10175.8,0.33
10177.8,0.31
10179.7,0.33
10181.6,0.33
10183.5,0.33
10185.5,0.31
10187.4,0.33
10189.3,0.33
10191.2,0.33
10193.1,0.33
10195.0,0.33
10197.0,0.31
10198.9,0.33
10200.9,0.31
10202.8,0.33
10204.8,0.31
10206.8,0.31
10208.8,0.31
10210.7,0.33
10212.7,0.31
10214.6,0.33
10216.6,0.31
10218.6,0.31
10220.5,0.33
10222.4,0.33
10224.3,0.33
10226.2,0.33
10228.1,0.33
10230.1,0.31
10232.1,0.31
10234.1,0.31
10236.1,0.31
10238.2,0.30
10240.3,0.30
10242.4,0.30
10244.4,0.31
10246.4,0.31
10248.4,0.31
10250.5,0.30
10252.6,0.30
10254.7,0.30
10256.7,0.31
10258.6,0.33
10260.6,0.31
10262.6,0.31
10264.5,0.33
10266.4,0.33
10268.3,0.33
10270.3,0.31
10272.3,0.31
10274.3,0.31
10276.3,0.31
10278.3,0.31
10280.3,0.31
10282.3,0.31
10284.2,0.33
10286.1,0.33
10288.1,0.31
10290.1,0.31
10292.2,0.30
10294.3,0.30
10296.4,0.30
10298.5,0.30
10300.6,0.30
10302.6,0.31
10304.6,0.31
10306.4,0.35
10308.4,0.31
10310.2,0.35
10312.2,0.31
10314.2,0.31
10316.2,0.31
10318.3,0.30
10320.4,0.30
10322.3,0.33
10324.2,0.33
10326.2,0.31
10328.2,0.31
10330.2,0.31
10332.2,0.31
10334.1,0.33
10336.1,0.31
10338.0,0.33
10340.0,0.31
10342.0,0.31
10343.8,0.35
10345.7,0.33
10347.6,0.33
10349.5,0.33
10351.5,0.31
10353.5,0.31
10355.5,0.31
10357.6,0.30
10359.6,0.31
10361.7,0.30
10363.7,0.31
10365.7,0.31
10367.7,0.31
10369.7,0.31
10371.7,0.31
10373.7,0.31
10375.7,0.31
10377.7,0.31
10379.7,0.31
10381.7,0.31
10383.6,0.33
10385.6,0.31
10387.7,0.30
10389.7,0.31
10391.6,0.33
10393.5,0.33
10395.5,0.31
10397.5,0.31
10399.5,0.31
10401.5,0.31
10403.4,0.33
10405.4,0.31
10407.3,0.33
10409.1,0.35
10410.7,0.39
10412.3,0.39
10414.0,0.37
10415.6,0.39
10417.3,0.37
10419.0,0.37
10420.7,0.37
10422.5,0.35
10424.4,0.33
10426.3,0.33
10428.1,0.35
10429.9,0.35
10431.7,0.35
10433.5,0.35
10435.5,0.31
10437.5,0.31
10439.5,0.31
10441.5,0.31
10443.5,0.31
10445.6,0.30
10447.7,0.30
10449.7,0.31
10451.7,0.31
10453.7,0.31
10455.7,0.31
10457.6,0.33
10459.6,0.31
10461.7,0.30
10463.8,0.30
10465.9,0.30
10467.9,0.31
10469.9,0.31
10472.0,0.30
10474.1,0.30
10476.2,0.30
10478.3,0.30
10480.4,0.30
10482.3,0.33
10484.1,0.35
10486.0,0.33
10487.9,0.33
10489.8,0.33
10491.8,0.31
10493.8,0.31
10495.9,0.30
10497.8,0.33
10499.8,0.31
10501.8,0.31
10503.8,0.31
10505.7,0.33
10507.7,0.31
10509.8,0.30
10511.8,0.31
10513.8,0.31
10515.8,0.31
10517.9,0.30
10520.0,0.30
10522.0,0.31
10524.0,0.31
10526.0,0.31
10528.0,0.31
10530.1,0.30
10532.1,0.31
10534.0,0.33
10536.0,0.31
10538.0,0.31
10540.0,0.31
10542.0,0.31
10544.0,0.31
10546.0,0.31
10548.0,0.31
10550.0,0.31
10552.0,0.31
10554.1,0.30
10556.2,0.30
10558.3,0.30
10560.3,0.31
10562.4,0.30
10564.4,0.31
10566.4,0.31
10568.4,0.31
10570.5,0.30
10572.6,0.30
10574.6,0.31
10576.6,0.31
10578.6,0.31
10580.7,0.30
10582.7,0.31
10584.7,0.31
10586.8,0.30
10588.8,0.31
10590.7,0.33
10592.7,0.31
10594.8,0.30
10596.9,0.30
10598.9,0.31
10600.9,0.31
10602.9,0.31
10604.9,0.31
10607.0,0.30
10609.0,0.31
10611.1,0.30
10613.2,0.30
10615.3,0.30
10617.4,0.30
10619.5,0.30
10621.6,0.30
10623.7,0.30
10625.7,0.31
10627.7,0.31
10629.7,0.31
10631.7,0.31
10633.8,0.30
10635.9,0.30
10638.0,0.30
10640.1,0.30
10642.0,0.33
10643.8,0.35
10645.5,0.37
10647.1,0.39
10648.6,0.42
10650.2,0.39
10651.8,0.39
10653.4,0.39
10655.0,0.39
10656.7,0.37
10658.3,0.39
10659.9,0.39
10661.4,0.42
10663.0,0.39
10664.5,0.42
10666.0,0.42
10667.6,0.39
10669.1,0.42
10670.7,0.39
10672.3,0.39
10674.0,0.37
10675.7,0.37
10677.4,0.37
10679.0,0.39
10680.7,0.37
10682.4,0.37
10684.0,0.39
10685.6,0.39
10687.2,0.39
10688.8,0.39
10690.5,0.37
10692.2,0.37
10693.9,0.37
10695.6,0.37
10697.4,0.35
10699.2,0.35
10701.0,0.35
10702.9,0.33
10704.8,0.33
10706.8,0.31
10708.8,0.31
10710.9,0.30
10713.0,0.30
10715.2,0.29
10717.4,0.29
10719.4,0.31
10721.5,0.30
10723.5,0.31
10725.5,0.31
10727.5,0.31
10729.5,0.31
10731.5,0.31
10733.6,0.30
10735.7,0.30
10737.9,0.29
10740.0,0.30
10742.0,0.31
10744.1,0.30
10746.1,0.31
10748.1,0.31
10750.0,0.33
10751.8,0.35
10753.7,0.33
10755.6,0.33
10757.5,0.33
10759.5,0.31
10761.5,0.31
10763.5,0.31
10765.4,0.33
10767.3,0.33
10769.4,0.30
10771.5,0.30
10773.7,0.29
10775.9,0.29
10778.0,0.30
10780.1,0.30
10782.1,0.31
10784.2,0.30
10786.2,0.31
10788.4,0.29
10790.5,0.30
10792.6,0.30
10794.7,0.30
10796.8,0.30
10798.9,0.30
10800.9,0.31
10802.9,0.31
10805.0,0.30
10807.0,0.31
10809.1,0.30
10811.1,0.31
10813.2,0.30
10815.3,0.30
10817.3,0.31
10819.3,0.31
10821.2,0.33
10823.2,0.31
10825.0,0.35
10827.0,0.31
10828.9,0.33
10830.8,0.33
10832.7,0.33
10834.6,0.33
10836.6,0.31
10838.6,0.31
10840.6,0.31
10842.5,0.33
10844.5,0.31
10846.5,0.31
10848.5,0.31
10850.5,0.31
10852.6,0.30
10854.6,0.31
10856.7,0.30
10858.8,0.30
10860.9,0.30
10863.0,0.30
10865.0,0.31
10867.1,0.30
10869.1,0.31
10871.1,0.31
10873.1,0.31
10875.2,0.30
10877.2,0.31
10879.3,0.30
10881.4,0.30
10883.3,0.33
10885.2,0.33
10887.0,0.35
10888.9,0.33
10890.8,0.33
10892.8,0.31
10894.9,0.30
10896.9,0.31
10899.0,0.30
10901.1,0.30
10903.2,0.30
10905.1,0.33
10907.1,0.31
10909.2,0.30
10911.2,0.31
10913.4,0.29
10915.5,0.30
10917.7,0.29
10920.0,0.27
10922.2,0.29
10924.2,0.31
10926.2,0.31
10928.2,0.31
10930.2,0.31
10932.2,0.31
10934.2,0.31
10936.2,0.31
10938.2,0.31
10940.2,0.31
10942.2,0.31
10944.2,0.31
10946.4,0.29
10948.5,0.30
10950.7,0.29
10952.8,0.30
10954.9,0.30
10957.0,0.30
10959.0,0.31
10960.9,0.33
10962.9,0.31
10965.0,0.30
10967.1,0.30
10969.2,0.30
10971.3,0.30
10973.4,0.30
10975.5,0.30
10977.6,0.30
10979.6,0.31
10981.8,0.29
10983.9,0.30
10985.9,0.31
10987.9,0.31
10989.9,0.31
10991.9,0.31
10993.9,0.31
10995.9,0.31
10998.0,0.30
10999.9,0.33
11001.9,0.31
11003.8,0.33
11005.8,0.31
11007.9,0.30
11009.9,0.31
11012.0,0.30
11014.1,0.30
11016.1,0.31
11018.2,0.30
11020.2,0.31
11022.3,0.30
11024.4,0.30
11026.5,0.30
11028.5,0.31
11030.5,0.31
11032.5,0.31
11034.5,0.31
11036.6,0.30
11038.7,0.30
11040.8,0.30
11042.8,0.31
11044.8,0.31
11046.8,0.31
11048.8,0.31
11050.8,0.31
11052.8,0.31
11054.9,0.30
11057.1,0.29
11059.1,0.31
11061.1,0.31
11063.1,0.31
11065.1,0.31
11067.2,0.30
11069.1,0.33
11071.0,0.33
11073.0,0.31
11075.0,0.31
11077.1,0.30
11079.2,0.30
11081.2,0.31
11083.3,0.30
11085.5,0.29
11087.7,0.29
11089.9,0.29
11092.1,0.29
11094.4,0.27
11096.6,0.29
11098.8,0.29
11100.9,0.30
11102.9,0.31
11104.8,0.33
11106.8,0.31
11108.8,0.31
11110.9,0.30
11113.0,0.30
11115.1,0.30
11117.3,0.29
11119.4,0.30
11121.4,0.31
11123.5,0.30
11125.6,0.30
11127.7,0.30
11129.8,0.30
11132.0,0.29
11134.0,0.31
11136.2,0.29
11138.4,0.29
11140.5,0.30
11142.6,0.30
11144.8,0.29
11146.9,0.30
11149.1,0.29
11151.1,0.31
11153.3,0.29
11155.4,0.30
11157.6,0.29
11159.6,0.31
11161.7,0.30
11163.7,0.31
11165.6,0.33
11167.7,0.30
11169.8,0.30
11172.0,0.29
11174.3,0.27
11176.6,0.27
11178.8,0.29
11181.0,0.29
11183.1,0.30
11185.2,0.30
11187.3,0.30
11189.3,0.31
11191.4,0.30
11193.5,0.30
11195.6,0.30
11197.8,0.29
11199.8,0.31
11201.8,0.31
11203.8,0.31
11205.8,0.31
11207.7,0.33
11209.4,0.37
11210.9,0.42
11212.5,0.39
11214.0,0.42
11215.6,0.39
11217.2,0.39
11218.9,0.37
11220.6,0.37
11222.4,0.35
11224.2,0.35
11225.9,0.37
11227.7,0.35
11229.5,0.35
11231.3,0.35
11233.1,0.35
11234.9,0.35
11236.7,0.35
11238.5,0.35
11240.3,0.35
11242.0,0.37
11243.8,0.35
11245.5,0.37
11247.2,0.37
11249.0,0.35
11250.9,0.33
11252.8,0.33
11254.7,0.33
11256.6,0.33
11258.4,0.35
11260.0,0.39
11261.8,0.35
11263.5,0.37
11265.3,0.35
11267.0,0.37
11268.8,0.35
11270.6,0.35
11272.5,0.33
11274.3,0.35
11276.2,0.33
11278.1,0.33
11279.9,0.35
11281.8,0.33
11283.5,0.37
11285.3,0.35
11287.0,0.37
11288.9,0.33
11290.9,0.31
11292.8,0.33
11294.7,0.33
11296.6,0.33
11298.5,0.33
11300.5,0.31
11302.3,0.35
11304.2,0.33
11306.0,0.35
11307.9,0.33
11309.7,0.35
11311.6,0.33
11313.4,0.35
11315.3,0.33
11317.2,0.33
11319.1,0.33
11320.9,0.35
11322.8,0.33
11324.6,0.35
11326.3,0.37
11328.0,0.37
11329.6,0.39
11331.3,0.37
11333.0,0.37
11334.8,0.35
11336.6,0.35
11338.5,0.33
11340.2,0.37
11342.1,0.33
11343.9,0.35
11345.7,0.35
11347.5,0.35
11349.4,0.33
11351.3,0.33
11353.2,0.33
11355.1,0.33
11357.1,0.31
11359.0,0.33
11361.0,0.31
11362.9,0.33
11364.8,0.33
11366.6,0.35
11368.4,0.35
11370.3,0.33
11372.1,0.35
11373.9,0.35
11375.7,0.35
11377.5,0.35
11379.4,0.33
11381.2,0.35
11383.1,0.33
11385.0,0.33
11386.9,0.33
11388.9,0.31
11391.0,0.30
11393.1,0.30
11395.5,0.26
11397.8,0.27
11400.0,0.29
11402.2,0.29
11404.4,0.29
11406.6,0.29
11408.9,0.27
11411.0,0.30
11413.2,0.29
11415.4,0.29
11417.6,0.29
11419.8,0.29
11421.9,0.30
11423.9,0.31
11426.0,0.30
11428.0,0.31
11430.0,0.31
11431.9,0.33
11433.8,0.33
11435.9,0.30
11438.1,0.29
11440.4,0.27
11442.6,0.29
11444.7,0.30
11446.9,0.29
11449.0,0.30
11451.1,0.30
11453.3,0.29
11455.4,0.30
11457.5,0.30
11459.7,0.29
11461.8,0.30
11463.9,0.30
11465.9,0.31
11467.9,0.31
11470.0,0.30
11472.1,0.30
11474.2,0.30
11476.3,0.30
11478.5,0.29
11480.6,0.30
11482.6,0.31
11484.7,0.30
11486.7,0.31
11488.8,0.30
11490.8,0.31
11492.8,0.31
11494.9,0.30
11497.0,0.30
11499.1,0.30
11501.2,0.30
11503.2,0.31
11505.2,0.31
11507.2,0.31
11509.2,0.31
11511.3,0.30
11513.4,0.30
11515.5,0.30
11517.6,0.30
11519.6,0.31
11521.7,0.30
11523.7,0.31
11525.7,0.31
11527.8,0.30
11529.9,0.30
11532.0,0.30
11534.2,0.29
11536.4,0.29
11538.6,0.29
11540.8,0.29
11542.9,0.30
11545.0,0.30
11547.1,0.30
11549.1,0.31
11551.2,0.30
11553.3,0.30
11555.4,0.30
11557.4,0.31
11559.4,0.31
11561.4,0.31
11563.4,0.31
11565.4,0.31
11567.4,0.31
11569.5,0.30
11571.6,0.30
11573.7,0.30
11575.9,0.29
11578.1,0.29
11580.4,0.27
11582.5,0.30
11584.5,0.31
11586.5,0.31
11588.5,0.31
11590.4,0.33
11592.4,0.31
11594.4,0.31
11596.5,0.30
11598.6,0.30
11600.7,0.30
11602.8,0.30
11604.8,0.31
11606.9,0.30
11608.9,0.31
11611.0,0.30
11613.1,0.30
11615.2,0.30
11617.2,0.31
11619.1,0.33
11621.0,0.33
11622.9,0.33
11625.0,0.30
11627.1,0.30
11629.3,0.29
11631.4,0.30
11633.6,0.29
11635.8,0.29
11638.0,0.29
11640.2,0.29
11642.3,0.30
11644.5,0.29
11646.6,0.30
11648.7,0.30
11650.7,0.31
11652.8,0.30
11654.9,0.30
11657.0,0.30
11659.1,0.30
11661.1,0.31
11663.1,0.31
11665.1,0.31
11667.1,0.31
11669.0,0.33
11671.0,0.31
11673.1,0.30
11675.4,0.27
11677.6,0.29
11679.9,0.27
11682.0,0.30
11684.0,0.31
11686.0,0.31
11688.1,0.30
11690.2,0.30
11692.2,0.31
11694.3,0.30
11696.4,0.30
11698.6,0.29
11700.7,0.30
11702.8,0.30
11704.9,0.30
11707.0,0.30
11709.0,0.31
11711.0,0.31
11713.0,0.31
11715.0,0.31
11717.0,0.31
11719.0,0.31
11721.0,0.31
11723.0,0.31
11725.1,0.30
11727.1,0.31
11729.1,0.31
11731.1,0.31
11733.1,0.31
11735.1,0.31
11737.2,0.30
11739.2,0.31
11741.2,0.31
11743.2,0.31
11745.2,0.31
11747.2,0.31
11749.3,0.30
11751.5,0.29
11753.7,0.29
11756.0,0.27
11758.2,0.29
11760.5,0.27
11762.6,0.30
11764.7,0.30
11766.7,0.31
11768.7,0.31
11770.6,0.33
11772.7,0.30
11774.8,0.30
11776.8,0.31
11778.9,0.30
11781.0,0.30
11783.0,0.31
11785.0,0.31
11787.0,0.31
11789.0,0.31
11791.0,0.31
11793.1,0.30
11795.2,0.30
11797.3,0.30
11799.4,0.30
11801.3,0.33
11803.3,0.31
11805.2,0.33
11807.1,0.33
11809.0,0.33
11811.0,0.31
11813.0,0.31
11815.1,0.30
11817.2,0.30
11819.4,0.29
11821.4,0.31
11823.5,0.30
11825.5,0.31
11827.5,0.31
11829.5,0.31
11831.5,0.31
11833.5,0.31
11835.7,0.29
11837.8,0.30
11839.8,0.31
11841.8,0.31
11843.8,0.31
11845.9,0.30
11848.0,0.30
11850.0,0.31
11852.1,0.30
11854.4,0.27
11856.7,0.27
11858.9,0.29
11861.0,0.30
11863.2,0.29
11865.3,0.30
11867.5,0.29
11869.7,0.29
11871.8,0.30
11873.9,0.30
11875.9,0.31
11878.0,0.30
11880.0,0.31
11882.1,0.30
11884.1,0.31
11886.0,0.33
11887.9,0.33
11889.9,0.31
11891.7,0.35
11893.6,0.33
11895.6,0.31
11897.5,0.33
11899.5,0.31
11901.5,0.31
11903.6,0.30
11905.8,0.29
11907.8,0.31
11910.0,0.29
11912.1,0.30
11914.4,0.27
11916.8,0.26
11919.0,0.29
11921.2,0.29
11923.4,0.29
11925.5,0.30
11927.5,0.31
11929.5,0.31
11931.5,0.31
11933.6,0.30
11935.7,0.30
11937.8,0.30
11939.8,0.31
11941.9,0.30
11943.9,0.31
11945.9,0.31
11947.9,0.31
11950.0,0.30
11951.9,0.33
11953.9,0.31
11956.0,0.30
11958.1,0.30
11960.2,0.30
11962.3,0.30
11964.4,0.30
11966.4,0.31
11968.4,0.31
11970.3,0.33
11972.4,0.30
11974.5,0.30
11976.6,0.30
11978.7,0.30
11980.7,0.31
11982.8,0.30
11984.9,0.30
11986.9,0.31
11988.7,0.35
11990.4,0.37
11992.1,0.37
11993.8,0.37
11995.4,0.39
11997.0,0.39
11998.7,0.37
12000.4,0.37
12002.0,0.39
12003.8,0.35
12005.5,0.37
12007.2,0.37
12009.0,0.35
12010.6,0.39
12012.4,0.35
12014.1,0.37
12016.0,0.33
12018.0,0.31
12020.1,0.30
12022.0,0.33
12023.9,0.33
12025.9,0.31
12028.0,0.30
12030.1,0.30
12032.2,0.30
12034.4,0.29
12036.5,0.30
12038.6,0.30
12040.7,0.30
12042.6,0.33
12044.6,0.31
12046.7,0.30
12048.7,0.31
12050.6,0.33
12052.5,0.33
12054.4,0.33
12056.3,0.33
12058.2,0.33
12060.1,0.33
12062.0,0.33
12064.0,0.31
12066.0,0.31
12068.0,0.31
12070.0,0.31
12072.1,0.30
12074.1,0.31
12076.2,0.30
12078.3,0.30
12080.2,0.33
12082.2,0.31
12084.1,0.33
12086.0,0.33
12088.0,0.31
12090.0,0.31
12092.1,0.30
12094.3,0.29
12096.5,0.29
12098.6,0.30
12100.5,0.33
12102.5,0.31
12104.4,0.33
12106.4,0.31
12108.4,0.31
12110.4,0.31
12112.5,0.30
12114.6,0.30
12116.7,0.30
12118.6,0.33
12120.5,0.33
12122.3,0.35
12124.2,0.33
12126.1,0.33
12128.1,0.31
12130.1,0.31
12132.1,0.31
12134.1,0.31
12136.0,0.33
12138.0,0.31
12140.0,0.31
12142.0,0.31
12144.0,0.31
12146.0,0.31
12147.9,0.33
12149.9,0.31
12151.9,0.31
12154.0,0.30
12156.0,0.31
12158.2,0.29
12160.2,0.31
12162.1,0.33
12164.1,0.31
12166.0,0.33
12168.0,0.31
12170.0,0.31
12172.0,0.31
12174.1,0.30
12176.2,0.30
12178.3,0.30
12180.3,0.31
12182.3,0.31
12184.3,0.31
12186.4,0.30
12188.5,0.30
12190.5,0.31
12192.5,0.31
12194.6,0.30
12196.6,0.31
12198.7,0.30
12200.7,0.31
12202.6,0.33
12204.6,0.31
12206.7,0.30
12208.8,0.30
12210.9,0.30
12213.0,0.30
12215.3,0.27
12217.5,0.29
12219.6,0.30
12221.6,0.31
12223.7,0.30
12225.7,0.31
12227.7,0.31
12229.8,0.30
12231.9,0.30
12234.0,0.30
12236.1,0.30
12238.3,0.29
12240.4,0.30
12242.5,0.30
12244.4,0.33
12246.4,0.31
12248.4,0.31
12250.4,0.31
12252.5,0.30
12254.6,0.30
12256.8,0.29
12258.9,0.30
12260.9,0.31
12262.9,0.31
12265.0,0.30
12267.1,0.30
12269.2,0.30
12271.3,0.30
12273.4,0.30
12275.5,0.30
12277.6,0.30
12279.7,0.30
12281.8,0.30
12283.8,0.31
12285.8,0.31
12287.7,0.33
12289.7,0.31
12291.7,0.31
12293.8,0.30
12296.0,0.29
12298.2,0.29
12300.5,0.27
12302.6,0.30
12304.8,0.29
12306.9,0.30
12309.0,0.30
12311.1,0.30
12313.2,0.30
12315.3,0.30
12317.3,0.31
12319.5,0.29
12321.6,0.30
12323.6,0.31
12325.8,0.29
12327.9,0.30
12330.1,0.29
12332.3,0.29
12334.5,0.29
12336.7,0.29
12338.9,0.29
12341.0,0.30
12342.9,0.33
12344.9,0.31
12346.9,0.31
12348.9,0.31
12351.0,0.30
12353.2,0.29
12355.5,0.27
12357.9,0.26
12360.0,0.30
12362.0,0.31
12363.9,0.33
12365.9,0.31
12367.9,0.31
12369.9,0.31
12371.9,0.31
12374.0,0.30
12376.2,0.29
12378.3,0.30
12380.4,0.30
12382.5,0.30
12384.6,0.30
12386.7,0.30
12388.8,0.30
12390.9,0.30
12393.1,0.29
12395.2,0.30
12397.4,0.29
12399.5,0.30
12401.6,0.30
12403.6,0.31
12405.5,0.33
12407.6,0.30
12409.7,0.30
12411.9,0.29
12414.0,0.30
12416.3,0.27
12418.4,0.30
12420.6,0.29
12422.7,0.30
12424.8,0.30
12426.9,0.30
12429.1,0.29
12431.1,0.31
12433.2,0.30
12435.3,0.30
12437.5,0.29
12439.6,0.30
12441.8,0.29
12443.9,0.30
12446.0,0.30
12448.1,0.30
12450.2,0.30
12452.3,0.30
12454.4,0.30
12456.5,0.30
12458.7,0.29
12460.8,0.30
12462.9,0.30
12465.0,0.30
12467.0,0.31
12469.0,0.31
12471.1,0.30
12473.3,0.29
12475.4,0.30
12477.6,0.29
12479.8,0.29
12481.8,0.31
12483.8,0.31
12485.9,0.30
12488.0,0.30
12490.0,0.31
12492.1,0.30
12494.1,0.31
12496.2,0.30
12498.4,0.29
12500.5,0.30
12502.5,0.31
12504.4,0.33
12506.4,0.31
12508.4,0.31
12510.4,0.31
12512.3,0.33
12514.4,0.30
12516.5,0.30
12518.7,0.29
12520.8,0.30
12522.9,0.30
12524.9,0.31
12526.9,0.31
12529.1,0.29
12531.2,0.30
12533.3,0.30
12535.5,0.29
12537.8,0.27
12539.9,0.30
12542.0,0.30
12544.1,0.30
12546.2,0.30
12548.3,0.30
12550.5,0.29
12552.8,0.27
12555.0,0.29
12557.3,0.27
12559.6,0.27
12561.8,0.29
12564.0,0.29
12566.2,0.29
12568.4,0.29
12570.5,0.30
12572.7,0.29
12574.9,0.29
12577.1,0.29
12579.2,0.30
12581.4,0.29
12583.5,0.30
12585.6,0.30
12587.7,0.30
12589.8,0.30
12591.8,0.31
12593.9,0.30
12596.0,0.30
12598.2,0.29
12600.4,0.29
12602.6,0.29
12604.7,0.30
12606.8,0.30
12608.8,0.31
12610.9,0.30
12613.0,0.30
12615.2,0.29
12617.4,0.29
12619.4,0.31
12621.5,0.30
12623.7,0.29
12625.8,0.30
12628.0,0.29
12630.0,0.31
12632.2,0.29
12634.5,0.27
12636.7,0.29
12638.9,0.29
12641.0,0.30
12643.1,0.30
12645.1,0.31
12647.1,0.31
12649.2,0.30
12651.2,0.31
12653.3,0.30
12655.5,0.29
12657.7,0.29
12659.9,0.29
12662.1,0.29
12664.4,0.27
12666.7,0.27
12668.9,0.29
12671.1,0.29
12673.2,0.30
12675.3,0.30
12677.3,0.31
12679.1,0.35
12680.7,0.39
12682.2,0.42
12683.6,0.45
12685.1,0.42
12686.6,0.42
12688.1,0.42
12689.7,0.39
12691.3,0.39
12692.9,0.39
12694.6,0.37
12696.4,0.35
12698.3,0.33
12700.1,0.35
12701.8,0.37
12703.6,0.35
12705.4,0.35
12707.2,0.35
12709.0,0.35
12710.8,0.35
12712.6,0.35
12714.5,0.33
12716.4,0.33
12718.3,0.33
12720.2,0.33
12722.1,0.33
12724.0,0.33
12725.9,0.33
12727.8,0.33
12729.7,0.33
12731.6,0.33
12733.5,0.33
12735.5,0.31
12737.6,0.30
12739.7,0.30
12741.9,0.29
12743.9,0.31
12746.0,0.30
12748.0,0.31
12750.0,0.31
12752.0,0.31
12754.0,0.31
12756.1,0.30
12758.1,0.31
12760.1,0.31
12762.0,0.33
12763.9,0.33
12766.0,0.30
12768.0,0.31
12769.9,0.33
12771.9,0.31
12773.9,0.31
12775.9,0.31
12778.0,0.30
12780.0,0.31
12782.0,0.31
12784.0,0.31
12786.0,0.31
12787.9,0.33
12789.8,0.33
12791.7,0.33
12793.8,0.30
12795.9,0.30
12797.9,0.31
12799.9,0.31
12801.8,0.33
12803.8,0.31
12805.7,0.33
12807.6,0.33
12809.6,0.31
12811.6,0.31
12813.6,0.31
12815.7,0.30
12817.7,0.31
12819.7,0.31
12821.6,0.33
12823.6,0.31
12825.5,0.33
12827.4,0.33
12829.4,0.31
12831.4,0.31
12833.4,0.31
12835.4,0.31
12837.4,0.31
12839.2,0.35
12841.2,0.31
12843.1,0.33
12845.0,0.33
12846.9,0.33
12848.9,0.31
12851.0,0.30
12853.1,0.30
12855.3,0.29
12857.5,0.29
12859.5,0.31
12861.6,0.30
12863.7,0.30
12865.8,0.30
12867.8,0.31
12869.8,0.31
12871.8,0.31
12873.9,0.30
12876.0,0.30
12878.1,0.30
12880.3,0.29
12882.4,0.30
12884.4,0.31
12886.3,0.33
12888.3,0.31
12890.3,0.31
12892.3,0.31
12894.3,0.31
12896.2,0.33
12898.3,0.30
12900.3,0.31
12902.3,0.31
12904.3,0.31
12906.3,0.31
12908.4,0.30
12910.5,0.30
12912.5,0.31
12914.6,0.30
12916.7,0.30
12918.9,0.29
12920.9,0.31
12922.9,0.31
12924.9,0.31
12926.8,0.33
12928.9,0.30
12931.0,0.30
12933.1,0.30
12935.3,0.29
12937.5,0.29
12939.6,0.30
12941.7,0.30
12943.7,0.31
12945.7,0.31
12947.6,0.33
12949.6,0.31
12951.7,0.30
12953.8,0.30
12955.9,0.30
12958.0,0.30
12960.1,0.30
12962.2,0.30
12964.2,0.31
12966.3,0.30
12968.3,0.31
12970.4,0.30
12972.5,0.30
12974.6,0.30
12976.8,0.29
12979.0,0.29
12981.0,0.31
12983.1,0.30
12985.1,0.31
12987.1,0.31
12989.2,0.30
12991.2,0.31
12993.2,0.31
12995.3,0.30
12997.5,0.29
12999.6,0.30
13001.6,0.31
13003.7,0.30
13005.7,0.31
13007.8,0.30
13009.9,0.30
13012.1,0.29
13014.3,0.29
13016.7,0.26
13018.9,0.29
13021.0,0.30
13023.0,0.31
13025.0,0.31
13027.1,0.30
13029.2,0.30
13031.3,0.30
13033.5,0.29
13035.6,0.30
13037.8,0.29
13039.9,0.30
13042.0,0.30
13044.0,0.31
13046.0,0.31
13048.0,0.31
13050.0,0.31
13052.1,0.30
13054.2,0.30
13056.3,0.30
13058.5,0.29
13060.6,0.30
13062.7,0.30
13064.6,0.33
13066.5,0.33
13068.5,0.31
13070.7,0.29
13072.8,0.30
13074.9,0.30
13077.1,0.29
13079.2,0.30
13081.2,0.31
13083.2,0.31
13085.3,0.30
13087.3,0.31
13089.2,0.33
13091.1,0.33
13093.2,0.30
13095.2,0.31
13097.4,0.29
13099.4,0.31
13101.5,0.30
13103.6,0.30
13105.7,0.30
13107.7,0.31
13109.8,0.30
13111.8,0.31
13113.9,0.30
13116.1,0.29
13118.2,0.30
13120.4,0.29
13122.6,0.29
13124.7,0.30
13126.7,0.31
13128.9,0.29
13131.0,0.30
13133.0,0.31
13135.0,0.31
13137.0,0.31
13139.0,0.31
13141.0,0.31
13143.1,0.30
13145.1,0.31
13147.0,0.33
13148.7,0.37
13150.4,0.37
13152.0,0.39
13153.5,0.42
13155.2,0.37
13156.9,0.37
13158.6,0.37
13160.4,0.35
13162.1,0.37
13163.8,0.37
13165.6,0.35
13167.4,0.35
13169.2,0.35
13171.0,0.35
13172.8,0.35
13174.6,0.35
13176.4,0.35
13178.1,0.37
13179.9,0.35
13181.6,0.37
13183.4,0.35
13185.1,0.37
13186.8,0.37
13188.6,0.35
13190.4,0.35
13192.2,0.35
13194.1,0.33
13196.0,0.33
13197.8,0.35
13199.7,0.33
13201.7,0.31
13203.6,0.33
13205.6,0.31
13207.7,0.30
13209.9,0.29
13212.1,0.29
13214.2,0.30
13216.4,0.29
13218.5,0.30
13220.5,0.31
13222.5,0.31
13224.5,0.31
13226.5,0.31
13228.6,0.30
13230.7,0.30
13232.8,0.30
13234.9,0.30
13237.0,0.30
13239.1,0.30
13241.1,0.31
13243.1,0.31
13245.2,0.30
13247.2,0.31
13249.3,0.30
13251.4,0.30
13253.4,0.31
13255.6,0.29
13257.6,0.31
13259.7,0.30
13261.7,0.31
13263.7,0.31
13265.7,0.31
13267.8,0.30
13270.0,0.29
13272.2,0.29
13274.5,0.27
13276.8,0.27
13279.1,0.27
13281.4,0.27
13283.5,0.30
13285.6,0.30
13287.6,0.31
13289.8,0.29
13292.0,0.29
13294.3,0.27
13296.6,0.27
13298.9,0.27
13301.1,0.29
13303.2,0.30
13305.3,0.30
13307.5,0.29
13309.7,0.29
13312.0,0.27
13314.2,0.29
13316.5,0.27
13318.6,0.30
13320.8,0.29
13323.0,0.29
13325.1,0.30
13327.2,0.30
13329.3,0.30
13331.3,0.31
13333.4,0.30
13335.5,0.30
13337.7,0.29
13339.8,0.30
13342.0,0.29
13344.2,0.29
13346.5,0.27
13348.7,0.29
13351.0,0.27
13353.1,0.30
13355.3,0.29
13357.5,0.29
13359.6,0.30
13361.8,0.29
13363.8,0.31
13365.9,0.30
13368.0,0.30
13370.1,0.30
13372.2,0.30
13374.3,0.30
13376.5,0.29
13378.6,0.30
13380.9,0.27
13383.0,0.30
13385.1,0.30
13387.2,0.30
13389.3,0.30
13391.4,0.30
13393.4,0.31
13395.5,0.30
13397.7,0.29
13399.9,0.29
13402.0,0.30
13404.1,0.30
13406.2,0.30
13408.3,0.30
13410.4,0.30
13412.6,0.29
13414.8,0.29
13417.0,0.29
13419.0,0.31
13421.1,0.30
13423.2,0.30
13425.3,0.30
13427.4,0.30
13429.3,0.33
13431.3,0.31
13433.3,0.31
13435.3,0.31
13437.4,0.30
13439.5,0.30
13441.6,0.30
13443.7,0.30
13445.7,0.31
13447.8,0.30
13449.9,0.30
13451.9,0.31
13454.0,0.30
13456.0,0.31
13458.1,0.30
13460.2,0.30
13462.3,0.30
13464.4,0.30
13466.5,0.30
13468.5,0.31
13470.5,0.31
13472.5,0.31
13474.7,0.29
13477.0,0.27
13479.1,0.30
13481.3,0.29
13483.4,0.30
13485.6,0.29
13487.8,0.29
13490.0,0.29
13492.2,0.29
13494.4,0.29
13496.6,0.29
13498.6,0.31
13500.6,0.31
13502.6,0.31
13504.6,0.31
13506.6,0.31
13508.7,0.30
13510.7,0.31
13512.8,0.30
13514.9,0.30
13516.9,0.31
13518.9,0.31
13520.9,0.31
13522.9,0.31
13524.9,0.31
13526.9,0.31
13528.9,0.31
13530.9,0.31
13533.0,0.30
13535.1,0.30
13537.1,0.31
13539.1,0.31
13541.2,0.30
13543.3,0.30
13545.2,0.33
13547.2,0.31
13549.2,0.31
13551.3,0.30
13553.4,0.30
13555.5,0.30
13557.7,0.29
13560.0,0.27
13562.2,0.29
13564.3,0.30
13566.4,0.30
13568.4,0.31
13570.4,0.31
13572.5,0.30
13574.7,0.29
13577.0,0.27
13579.2,0.29
13581.5,0.27
13583.6,0.30
13585.8,0.29
13587.9,0.30
13590.0,0.30
13592.2,0.29
13594.3,0.30
13596.5,0.29
13598.6,0.30
13600.7,0.30
13602.7,0.31
13604.8,0.30
13606.9,0.30
13609.0,0.30
13611.1,0.30
13613.2,0.30
13615.5,0.27
13617.7,0.29
13619.8,0.30
13622.0,0.29
13624.2,0.29
13626.4,0.29
13628.4,0.31
13630.6,0.29
13632.7,0.30
13634.8,0.30
13637.0,0.29
13639.2,0.29
13641.4,0.29
13643.6,0.29
13645.8,0.29
13648.0,0.29
13650.0,0.31
13652.1,0.30
13654.5,0.26
13656.8,0.27
13659.1,0.27
13661.5,0.26
13663.8,0.27
13666.1,0.27
13668.4,0.27
13670.7,0.27
13673.0,0.27
13675.3,0.27
13677.6,0.27
13679.8,0.29
13682.0,0.29
13684.1,0.30
13686.2,0.30
13688.3,0.30
13690.5,0.29
13692.7,0.29
13694.9,0.29
13697.0,0.30
13699.2,0.29
13701.4,0.29
13703.5,0.30
13705.6,0.30
13707.8,0.29
13710.0,0.29
13712.3,0.27
13714.7,0.26
13717.0,0.27
13719.3,0.27
13721.5,0.29
13723.7,0.29
13726.0,0.27
13728.3,0.27
13730.7,0.26
13733.1,0.26
13735.4,0.27
13737.7,0.27
13740.0,0.27
13742.4,0.26
13744.6,0.29
13746.9,0.27
13749.0,0.30
13751.1,0.30
13753.2,0.30
13755.4,0.29
13757.6,0.29
13759.8,0.29
13761.8,0.31
13763.8,0.31
13765.9,0.30
13767.9,0.31
13770.1,0.29
13772.4,0.27
13774.8,0.26
13777.1,0.27
13779.4,0.27
13781.7,0.27
13783.9,0.29
13786.2,0.27
13788.4,0.29
13790.5,0.30
13792.7,0.29
13795.0,0.27
13797.3,0.27
13799.6,0.27
13801.7,0.30
13803.7,0.31
13805.7,0.31
13807.8,0.30
13809.9,0.30
13812.0,0.30
13814.2,0.29
13816.4,0.29
13818.6,0.29
13820.8,0.29
13822.9,0.30
13825.0,0.30
13827.1,0.30
13829.2,0.30
13831.4,0.29
13833.6,0.29
13835.9,0.27
13838.2,0.27
13840.4,0.29
13842.5,0.30
13844.5,0.31
13846.5,0.31
13848.6,0.30
13850.7,0.30
13852.9,0.29
13855.0,0.30
13857.2,0.29
13859.4,0.29
13861.7,0.27
13863.9,0.29
13866.0,0.30
13868.1,0.30
13870.3,0.29
13872.5,0.29
13874.7,0.29
13876.9,0.29
13879.1,0.29
13881.4,0.27
13883.7,0.27
13886.0,0.27
13888.2,0.29
13890.4,0.29
13892.6,0.29
13894.8,0.29
13897.1,0.27
13899.4,0.27
13901.6,0.29
13903.9,0.27
13906.1,0.29
13908.4,0.27
13910.6,0.29
13912.9,0.27
13915.1,0.29
13917.5,0.26
13919.7,0.29
13921.9,0.29
13924.2,0.27
13926.6,0.26
13928.8,0.29
13931.0,0.29
13933.2,0.29
13935.4,0.29
13937.6,0.29
13939.8,0.29
13942.1,0.27
13944.5,0.26
13946.8,0.27
13949.0,0.29
13951.1,0.30
13953.3,0.29
13955.6,0.27
13957.9,0.27
13960.1,0.29
13962.3,0.29
13964.5,0.29
13966.7,0.29
13968.9,0.29
13971.1,0.29
13973.4,0.27
13975.7,0.27
13977.9,0.29
13980.1,0.29
13982.2,0.30
13984.4,0.29
13986.5,0.30
13988.5,0.31
13990.8,0.27
13993.0,0.29
13995.3,0.27
13997.5,0.29
13999.8,0.27
14002.0,0.29
14004.1,0.30
14006.1,0.31
14008.2,0.30
14010.4,0.29
14012.6,0.29
14014.9,0.27
14017.1,0.29
14019.3,0.29
14021.5,0.29
14023.8,0.27
14026.0,0.29
14028.3,0.27
14030.5,0.29
14032.6,0.30
14034.9,0.27
14037.1,0.29
14039.3,0.29
14041.6,0.27
14043.9,0.27
14046.1,0.29
14048.3,0.29
14050.6,0.27
14052.9,0.27
14055.3,0.26
14057.8,0.25
14060.1,0.27
14062.3,0.29
14064.5,0.29
14066.6,0.30
14068.9,0.27
14071.2,0.27
14073.6,0.26
14076.1,0.25
14078.5,0.26
14080.9,0.26
14083.3,0.26
14085.5,0.29
14087.8,0.27
14090.2,0.26
14092.5,0.27
14094.9,0.26
14097.5,0.24
14100.1,0.24
14102.5,0.26
14105.0,0.25
14107.5,0.25
14109.8,0.27
14112.0,0.29
14114.2,0.29
14116.5,0.27
14118.9,0.26
14121.3,0.26
14123.9,0.24
14126.3,0.26
14128.6,0.27
14130.8,0.29
14133.0,0.29
14135.2,0.29
14137.5,0.27
14139.8,0.27
14142.0,0.29
14144.2,0.29
14146.4,0.29
14148.6,0.29
14150.9,0.27
14153.3,0.26
14155.5,0.29
14157.8,0.27
14160.0,0.29
14162.1,0.30
14164.4,0.27
14166.5,0.30
14168.7,0.29
14170.9,0.29
14173.0,0.30
14175.3,0.27
14177.5,0.29
14179.9,0.26
14182.1,0.29
14184.3,0.29
14186.6,0.27
14188.9,0.27
14191.1,0.29
14193.4,0.27
14195.7,0.27
14198.1,0.26
14200.5,0.26
14202.9,0.26
14205.5,0.24
14208.0,0.25
14210.5,0.25
14213.0,0.25
14215.4,0.26
14217.8,0.26
14220.1,0.27
14222.5,0.26
14225.0,0.25
14227.4,0.26
14230.0,0.24
14232.6,0.24
14235.2,0.24
14237.5,0.27
14239.7,0.29
14241.7,0.31
14243.8,0.30
14245.8,0.31
14248.0,0.29
14250.3,0.27
14252.7,0.26
14255.1,0.26
14257.4,0.27
14259.7,0.27
14262.1,0.26
14264.4,0.27
14266.8,0.26
14269.2,0.26
14271.7,0.25
14274.2,0.25
14276.6,0.26
14279.0,0.26
14281.3,0.27
14283.7,0.26
14286.1,0.26
14288.5,0.26
14291.0,0.25
14293.8,0.22
14296.9,0.20
14299.8,0.22
14302.3,0.25
14304.7,0.26
14307.1,0.26
14309.4,0.27
14311.8,0.26
14314.3,0.25
14316.9,0.24
14319.4,0.25
14321.7,0.27
14324.0,0.27
14326.5,0.25
14329.0,0.25
14331.6,0.24
14334.0,0.26
14336.4,0.26
14338.7,0.27
14341.1,0.26
14343.5,0.26
14346.0,0.25
14348.8,0.22
14351.6,0.22
14354.5,0.22
14357.2,0.23
14359.9,0.23
14362.5,0.24
14365.3,0.22
14367.9,0.24
14370.5,0.24
14373.2,0.23
14375.9,0.23
14378.5,0.24
14381.0,0.25
14383.4,0.26
14385.7,0.27
14388.0,0.27
14390.4,0.26
14392.9,0.25
14395.4,0.25
14398.0,0.24
14400.4,0.26
14402.8,0.26
14405.1,0.27
14407.4,0.27
14409.7,0.27
14412.1,0.26
14414.6,0.25
14416.9,0.27
14419.3,0.26
14421.7,0.26
14424.2,0.25
14426.9,0.23
14429.8,0.22
14432.4,0.24
14435.1,0.23
14437.9,0.22
14440.5,0.24
14443.0,0.25
14445.5,0.25
14448.0,0.25
14450.4,0.26
14452.8,0.26
14455.4,0.24
14457.8,0.26
14460.2,0.26
14462.7,0.25
14465.0,0.27
14467.4,0.26
14469.9,0.25
14472.5,0.24
14475.4,0.22
14478.5,0.20
14481.2,0.23
14483.8,0.24
14486.5,0.23
14489.2,0.23
14491.8,0.24
14494.5,0.23
14497.1,0.24
14499.7,0.24
14502.2,0.25
14504.7,0.25
14507.2,0.25
14509.8,0.24
14512.5,0.23
14515.3,0.22
14518.0,0.23
14520.5,0.25
14522.9,0.26
14525.3,0.26
14527.7,0.26
14530.2,0.25
14533.0,0.22
14535.9,0.22
14538.9,0.21
14541.5,0.24
14544.0,0.25
14546.4,0.26
14548.8,0.26
14551.5,0.23
14554.5,0.21
14557.4,0.22
14560.1,0.23
14562.6,0.25
14565.2,0.24
14568.0,0.22
14570.8,0.22
14573.6,0.22
14576.4,0.22
14579.0,0.24
14581.5,0.25
14584.1,0.24
14586.8,0.23
14589.6,0.22
14592.4,0.22
14595.1,0.23
14598.0,0.22
14600.7,0.23
14603.4,0.23
14605.9,0.25
14608.5,0.24
14611.1,0.24
14613.6,0.25
14616.1,0.25
14618.7,0.24
14621.5,0.22
14624.2,0.23
14626.9,0.23
14629.7,0.22
14632.5,0.22
14635.2,0.23
14638.0,0.22
14640.7,0.23
14643.5,0.22
14646.1,0.24
14648.8,0.23
14651.8,0.21
14655.0,0.20
14658.3,0.19
14661.3,0.21
14664.1,0.22
14667.1,0.21
14670.4,0.19
14673.6,0.20
14677.1,0.18
14679.9,0.22
14682.5,0.24
14685.3,0.22
14688.2,0.22
14691.3,0.20
14694.3,0.21
14697.4,0.20
14700.4,0.21
14703.2,0.22
14706.1,0.22
14709.0,0.22
14712.2,0.20
14715.2,0.21
14717.9,0.23
14720.5,0.24
14723.0,0.25
14725.6,0.24
14728.5,0.22
14731.3,0.22
14734.2,0.22
14737.1,0.22
14739.6,0.25
14742.0,0.26
14744.5,0.25
14747.4,0.22
14750.5,0.20
14753.7,0.20
14757.0,0.19
14760.2,0.20
14763.4,0.20
14766.5,0.20
14769.5,0.21
14772.7,0.20
14775.8,0.20
14779.0,0.20
14781.8,0.22
14784.5,0.23
14787.2,0.23
14789.8,0.24
14792.5,0.23
14795.7,0.20
14798.9,0.20
14801.9,0.21
14804.7,0.22
14807.4,0.23
14810.3,0.22
14813.3,0.21
14816.3,0.21
14819.4,0.20
14822.3,0.22
14824.9,0.24
14827.5,0.24
14830.3,0.22
14833.2,0.22
14836.1,0.22
14838.9,0.22
14841.9,0.21
14844.6,0.23
14847.3,0.23
14849.9,0.24
14852.8,0.22
14855.8,0.21
14858.5,0.23
14861.0,0.25
14863.4,0.26
14865.8,0.26
14868.1,0.27
14870.6,0.25
14873.2,0.24
14876.0,0.22
14878.9,0.22
14881.5,0.24
14884.2,0.23
14887.1,0.22
14889.9,0.22
14892.7,0.22
14895.8,0.20
14898.9,0.20
14901.6,0.23
14904.2,0.24
14907.1,0.22
14910.5,0.18
14913.8,0.19
14917.3,0.18
14920.6,0.19
14923.6,0.21
14926.7,0.20
14929.6,0.22
14932.5,0.22
14935.3,0.22
14938.0,0.23
14940.8,0.22
14943.7,0.22
14946.6,0.22
14949.8,0.20
14952.9,0.20
14956.2,0.19
14959.3,0.20
14962.2,0.22
14964.9,0.23
14967.7,0.22
14970.6,0.22
14973.6,0.21
14976.5,0.22
14979.3,0.22
14982.0,0.23
14985.2,0.20
14988.2,0.21
14991.2,0.21
14994.2,0.21
14997.1,0.22
15000.2,0.20
15003.1,0.22
15006.2,0.20
15009.2,0.21
15012.1,0.22
15014.8,0.23
15017.7,0.22
15020.6,0.22
15023.2,0.24
15026.0,0.22
15028.8,0.22
15031.7,0.22
15034.7,0.21
15037.7,0.21
15041.0,0.19
15044.3,0.19
15047.9,0.17
15051.3,0.18
15054.7,0.18
15058.0,0.19
15061.2,0.20
15064.0,0.22
15066.9,0.22
15070.0,0.20
15073.2,0.20
15076.6,0.18
15079.7,0.20
15082.5,0.22
15085.4,0.22
15088.5,0.20
15091.5,0.21
15094.5,0.21
15097.7,0.20
15100.6,0.22
15103.4,0.22
15106.4,0.21
15109.4,0.21
15112.5,0.20
15115.7,0.20
15119.3,0.17
15122.8,0.18
15126.0,0.20
15129.0,0.21
15132.2,0.20
15135.6,0.18
15138.8,0.20
15141.8,0.21
15144.6,0.22
15147.7,0.20
15150.9,0.20
15154.0,0.20
15157.4,0.18
15160.7,0.19
15163.7,0.21
15166.8,0.20
15169.8,0.21
15172.8,0.21
15175.8,0.21
15178.8,0.21
15181.8,0.21
15184.8,0.21
15187.6,0.22
15190.3,0.23
15193.2,0.22
15196.4,0.20
15199.4,0.21
15202.4,0.21
15205.2,0.22
15208.2,0.21
15211.2,0.21
15214.5,0.19
15218.1,0.17
15221.1,0.21
15224.1,0.21
15227.3,0.20
15230.2,0.22
15233.3,0.20
15236.5,0.20
15239.8,0.19
15243.0,0.20
15246.3,0.19
15249.6,0.19
15253.0,0.18
15256.6,0.17
15259.9,0.19
15263.0,0.20
15266.4,0.18
15269.9,0.18
15274.0,0.15
15277.5,0.18
15280.9,0.18
15284.4,0.18
15287.8,0.18
15291.6,0.17
15296.3,0.13
15301.7,0.12
15305.2,0.18
15308.4,0.20
15311.7,0.19
15315.3,0.17
15318.6,0.19
15322.0,0.18
15325.6,0.17
15328.8,0.20
15332.1,0.19
15335.5,0.18
15338.8,0.19
15341.9,0.20
15345.1,0.20
15348.3,0.20
15351.9,0.17
15355.1,0.20
15358.2,0.20
15361.3,0.20
15364.5,0.20
15367.8,0.19
15371.1,0.19
15374.6,0.18
15378.2,0.17
15381.7,0.18
15384.8,0.20
15388.1,0.19
15391.5,0.18
15395.1,0.17
15398.7,0.17
15401.9,0.20
15404.9,0.21
15408.1,0.20
15411.3,0.20
15414.6,0.19
15417.8,0.20
15420.6,0.22
15423.3,0.23
15426.3,0.21
15429.8,0.18
15433.6,0.17
15437.3,0.17
15440.6,0.19
15444.0,0.18
15447.7,0.17
15451.2,0.18
15455.2,0.16
15459.2,0.16
15462.7,0.18
15466.3,0.17
15469.7,0.18
15472.9,0.20
15476.1,0.20
15479.3,0.20
15482.2,0.22
15485.5,0.19
15489.0,0.18
15492.4,0.18
15495.6,0.20
15498.9,0.19
15502.0,0.20
15505.1,0.20
15508.3,0.20
15511.6,0.19
15514.9,0.19
15518.3,0.18
15521.4,0.20
15524.5,0.20
15527.9,0.18
15531.6,0.17
15535.2,0.17
15539.2,0.16
15543.0,0.17
15546.4,0.18
15550.3,0.16
15554.4,0.15
15558.0,0.17
15561.2,0.20
15564.0,0.22
15567.0,0.21
15570.4,0.18
15574.1,0.17
15577.9,0.17
15581.1,0.20
15584.2,0.20
15587.1,0.22
15590.2,0.20
15593.9,0.17
15597.2,0.19
15600.7,0.18
15604.0,0.19
15607.2,0.20
15610.5,0.19
15614.1,0.17
15617.3,0.20
15620.8,0.18
15624.1,0.19
15627.5,0.18
15630.8,0.19
15634.3,0.18
15638.1,0.17
15641.6,0.18
15645.1,0.18
15648.3,0.20
15651.6,0.19
15655.0,0.18
15659.5,0.14
15663.1,0.17
15666.2,0.20
15669.6,0.18
15672.9,0.19
15675.9,0.21
15678.8,0.22
15681.7,0.22
15684.9,0.20
15688.1,0.20
15691.3,0.20
15694.7,0.18
15698.1,0.18
15701.4,0.19
15704.9,0.18
15708.4,0.18
15712.0,0.17
15715.8,0.17
15718.9,0.20
15722.0,0.20
15725.4,0.18
15728.6,0.20
15732.2,0.17
15736.0,0.17
15739.5,0.18
15742.7,0.20
15745.9,0.20
15749.6,0.17
15753.1,0.18
15756.6,0.18
15760.0,0.18
15763.4,0.18
15766.9,0.18
15770.9,0.16
15774.6,0.17
15778.4,0.17
15782.2,0.17
15785.4,0.20
15788.6,0.20
15792.2,0.17
15796.5,0.15
15801.1,0.14
15805.5,0.14
15809.2,0.17
15813.5,0.15
15817.1,0.17
15820.5,0.18
15823.7,0.20
15827.0,0.19
15831.0,0.16
15835.0,0.16
15838.6,0.17
15841.9,0.19
15845.6,0.17
15849.6,0.16
15853.3,0.17
15857.1,0.17
15861.2,0.15
15864.9,0.17
15868.7,0.17
15872.6,0.16
15876.3,0.17
15879.9,0.17
15883.4,0.18
15886.7,0.19
15890.0,0.19
15893.2,0.20
15896.7,0.18
15900.0,0.19
15903.3,0.19
15906.5,0.20
15909.9,0.18
15913.8,0.16
15918.0,0.15
15921.1,0.20
15924.2,0.20
15927.2,0.21
15930.5,0.19
15934.7,0.15
15938.7,0.16
15942.2,0.18
15945.5,0.19
15949.0,0.18
15952.8,0.17
15956.6,0.17
15959.6,0.21
15962.9,0.19
15966.6,0.17
15970.7,0.15
15974.3,0.17
15977.8,0.18
15980.8,0.21
15984.0,0.20
15987.3,0.19
15990.5,0.20
15994.1,0.17
15997.9,0.17
16001.3,0.18
16004.5,0.20
16008.0,0.18
16011.9,0.16
16015.7,0.17
16019.8,0.15
16023.5,0.17
16026.6,0.20
16029.8,0.20
16032.6,0.22
16036.0,0.18
16040.1,0.15
16043.4,0.19
16046.4,0.21
16049.4,0.21
16053.2,0.17
16057.2,0.16
16060.9,0.17
16064.3,0.18
16067.7,0.18
16070.9,0.20
16074.2,0.19
16077.5,0.19
16080.5,0.21
16083.4,0.22
16086.4,0.21
16089.5,0.20
16093.0,0.18
16096.7,0.17
16099.9,0.20
16102.9,0.21
16106.2,0.19
16109.9,0.17
16113.8,0.16
16118.1,0.15
16121.8,0.17
16125.6,0.17
16129.2,0.17
16133.0,0.17
16136.4,0.18
16139.7,0.19
16142.9,0.20
16146.2,0.19
16149.9,0.17
16154.3,0.14
16158.2,0.16
16161.4,0.20
16164.9,0.18
16168.3,0.18
16172.1,0.17
16176.6,0.14
16180.7,0.15
16184.5,0.17
16188.3,0.17
16192.7,0.14
16196.2,0.18
16199.6,0.18
16202.9,0.19
16206.4,0.18
16209.8,0.18
16213.6,0.17
16217.1,0.18
16220.2,0.20
16223.5,0.19
16227.8,0.15
16231.9,0.15
16235.9,0.16
16239.6,0.17
16242.9,0.19
16246.3,0.18
16249.8,0.18
16253.2,0.18
16257.1,0.16
16260.6,0.18
16264.0,0.18
16268.0,0.16
16272.8,0.13
16277.4,0.14
16282.3,0.13
16285.9,0.17
16289.3,0.18
16292.8,0.18
16296.8,0.16
16301.2,0.14
16305.2,0.16
16308.9,0.17
16312.5,0.17
16316.2,0.17
16319.7,0.18
16323.2,0.18
16326.7,0.18
16330.5,0.17
16334.4,0.16
16338.5,0.15
16342.0,0.18
16345.7,0.17
16350.0,0.15
16353.7,0.17
16357.7,0.16
16361.0,0.19
16363.9,0.22
16366.8,0.22
16370.0,0.20
16373.5,0.18
16377.0,0.18
16380.6,0.17
16384.4,0.17
16388.0,0.17
16392.0,0.16
16395.8,0.17
16399.7,0.16
16403.3,0.17
16406.8,0.18
16410.4,0.17
16414.3,0.16
16418.2,0.16
16421.4,0.20
16424.7,0.19
16428.2,0.18
16431.7,0.18
16435.6,0.16
16440.0,0.14
16443.2,0.20
16446.5,0.19
16450.0,0.18
16453.5,0.18
16457.2,0.17
16460.7,0.18
16464.4,0.17
16468.5,0.15
16473.9,0.12
16478.0,0.15
16482.0,0.16
16485.5,0.18
16489.3,0.17
16493.1,0.17
16496.8,0.17
16501.0,0.15
16504.3,0.19
16507.6,0.19
16511.2,0.17
16515.0,0.17
16518.9,0.16
16522.7,0.17
16526.6,0.16
16530.4,0.17
16534.2,0.17
16538.1,0.16
16542.2,0.15
16546.2,0.16
16550.0,0.17
16554.2,0.15
16558.3,0.15
16561.7,0.18
16565.4,0.17
16569.9,0.14
16575.0,0.12
16579.3,0.15
16583.1,0.17
16586.3,0.20
16589.5,0.20
16593.0,0.18
16596.9,0.16
16600.7,0.17
16604.6,0.16
16608.9,0.15
16612.8,0.16
16616.6,0.17
16620.6,0.16
16624.2,0.17
16628.0,0.17
16632.2,0.15
16636.0,0.17
16639.7,0.17
16643.6,0.16
16647.2,0.17
16651.0,0.17
16654.8,0.17
16659.2,0.14
16662.9,0.17
16666.6,0.17
16669.9,0.19
16673.4,0.18
16677.2,0.17
16681.0,0.17
16685.8,0.13
16690.8,0.13
16695.9,0.12
16700.5,0.14
16704.2,0.17
16707.8,0.17
16711.5,0.17
16715.4,0.16
16719.3,0.16
16723.0,0.17
16726.8,0.17
16730.6,0.17
16734.6,0.16
16738.5,0.16
16742.1,0.17
16745.5,0.18
16749.1,0.17
16754.0,0.13
16759.3,0.12
16763.2,0.16
16767.0,0.17
16770.5,0.18
16774.0,0.18
16777.4,0.18
16780.6,0.20
16784.1,0.18
16787.7,0.17
16791.2,0.18
16795.0,0.17
16799.7,0.13
16804.2,0.14
16808.8,0.14
16812.5,0.17
16816.8,0.15
16821.7,0.13
16825.5,0.17
16829.3,0.17
16832.7,0.18
16836.2,0.18
16840.0,0.17
16843.9,0.16
16847.8,0.16
16852.8,0.13
16856.5,0.17
16860.0,0.18
16863.4,0.18
16866.7,0.19
16870.3,0.17
16874.3,0.16
16879.4,0.12
16882.9,0.18
16886.3,0.18
16890.2,0.16
16894.8,0.14
16899.6,0.13
16903.3,0.17
16907.0,0.17
16911.1,0.15
16914.8,0.17
16918.4,0.17
16921.9,0.18
16925.9,0.16
16930.2,0.15
16934.7,0.14
16939.1,0.14
16942.8,0.17
16946.6,0.17
16950.4,0.17
16953.9,0.18
16957.2,0.19
16960.4,0.20
16963.6,0.20
16966.8,0.20
16970.0,0.20
16973.3,0.19
16976.9,0.17
16980.7,0.17
16984.5,0.17
16988.3,0.17
16992.2,0.16
16996.2,0.16
16999.8,0.17
17003.3,0.18
17007.0,0.17
17010.2,0.20
17013.6,0.18
17017.5,0.16
17021.5,0.16
17025.6,0.15
17028.7,0.20
17032.0,0.19
17035.7,0.17
17040.5,0.13
17044.1,0.17
17047.4,0.19
17050.6,0.20
17053.8,0.20
17057.2,0.18
17060.6,0.18
17063.5,0.22
17066.7,0.20
17070.1,0.18
17073.5,0.18
17077.2,0.17
17080.8,0.17
17084.6,0.17
17088.7,0.15
17092.3,0.17
17096.3,0.16
17100.0,0.17
17103.8,0.17
17107.5,0.17
17111.6,0.15
17116.2,0.14
17119.9,0.17
17123.2,0.19
17126.4,0.20
17129.5,0.20
17132.8,0.19
17136.4,0.17
17140.0,0.17
17143.4,0.18
17146.6,0.20
17150.1,0.18
17153.8,0.17
17157.5,0.17
17161.1,0.17
17165.1,0.16
17168.8,0.17
17172.4,0.17
17175.9,0.18
17179.8,0.16
17183.4,0.17
17186.9,0.18
17190.4,0.18
17193.8,0.18
17197.5,0.17
17201.2,0.17
17204.7,0.18
17208.2,0.18
17212.2,0.16
17216.4,0.15
17220.7,0.15
17224.2,0.18
17227.6,0.18
17231.4,0.17
17235.6,0.15
17239.2,0.17
17242.7,0.18
17246.4,0.17
17250.2,0.17
17253.8,0.17
17257.6,0.17
17261.2,0.17
17264.8,0.17
17268.8,0.16
17272.8,0.16
17276.9,0.15
17281.1,0.15
17285.2,0.15
17290.4,0.12
17295.0,0.14
17299.6,0.14
17303.3,0.17
17306.6,0.19
17310.5,0.16
17314.3,0.17
17318.2,0.16
17321.9,0.17
17325.7,0.17
17329.0,0.19
17332.4,0.18
17336.2,0.17
17340.7,0.14
17344.2,0.18
17348.0,0.17
17351.4,0.18
17354.9,0.18
17358.7,0.17
17361.8,0.20
17365.0,0.20
17368.5,0.18
17372.3,0.17
17376.5,0.15
17380.3,0.17
17384.1,0.17
17388.0,0.16
17392.6,0.14
17397.0,0.14
17400.7,0.17
17404.3,0.17
17408.3,0.16
17412.7,0.14
17417.1,0.14
17420.7,0.17
17423.7,0.21
17426.9,0.20
17430.6,0.17
17434.3,0.17
17437.8,0.18
17441.1,0.19
17444.4,0.19
17448.1,0.17
17452.0,0.16
17454.9,0.22
17457.7,0.22
17460.4,0.23
17463.4,0.21
17467.0,0.17
17470.7,0.17
17474.2,0.18
17477.9,0.17
17481.4,0.18
17484.8,0.18
17488.6,0.17
17493.3,0.13
17497.4,0.15
17501.1,0.17
17504.7,0.17
17507.5,0.22
17509.9,0.26
17511.8,0.33
17513.7,0.33
17515.8,0.30
17518.0,0.29
17520.2,0.29
17522.5,0.27
17524.8,0.27
17527.2,0.26
17529.5,0.27
17531.9,0.26
17534.3,0.26
17536.8,0.25
17539.0,0.29
17541.2,0.29
17543.5,0.27
17545.7,0.29
17547.9,0.29
17550.4,0.25
17553.2,0.22
17556.4,0.20
17559.8,0.18
17563.1,0.19
17566.3,0.20
17570.0,0.17
17573.5,0.18
17576.7,0.20
17579.8,0.20
17583.0,0.20
17585.8,0.22
17588.6,0.22
17591.3,0.23
17594.1,0.22
17597.4,0.19
17600.7,0.19
17603.5,0.22
17606.2,0.23
17608.9,0.23
17612.0,0.20
17615.1,0.20
17618.1,0.21
17620.7,0.24
17623.1,0.26
17625.5,0.26
17627.8,0.27
17630.3,0.25
17633.1,0.22
17636.0,0.22
17638.7,0.23
17641.1,0.26
17643.5,0.26
17645.9,0.26
17648.2,0.27
17650.7,0.25
17653.2,0.25
17656.1,0.22
17659.1,0.21
17661.6,0.25
17664.0,0.26
17666.3,0.27
17669.0,0.23
17671.6,0.24
17674.4,0.22
17677.5,0.20
17680.4,0.22
17682.8,0.26
17685.2,0.26
17687.5,0.27
17689.9,0.26
17692.6,0.23
17695.5,0.22
17698.4,0.22
17701.1,0.23
17703.6,0.25
17706.0,0.26
17708.7,0.23
17711.6,0.22
17714.8,0.20
17718.1,0.19
17721.0,0.22
17723.5,0.25
17725.9,0.26
17728.6,0.23
17731.5,0.22
17734.7,0.20
17737.8,0.20
17740.8,0.21
17743.5,0.23
17746.1,0.24
17748.9,0.22
17751.7,0.22
17754.7,0.21
17757.8,0.20
17760.7,0.22
17763.5,0.22
17766.4,0.22
17769.5,0.20
17772.5,0.21
17775.8,0.19
17779.1,0.19
17782.0,0.22
17784.8,0.22
17787.6,0.22
17790.4,0.22
17793.4,0.21
17797.0,0.17
17800.2,0.20
17803.2,0.21
17806.0,0.22
17808.7,0.23
17811.9,0.20
17815.2,0.19
17818.3,0.20
17821.7,0.18
17825.0,0.19
17827.8,0.22
17831.2,0.18
17835.3,0.15
17839.4,0.15
17842.6,0.20
17845.7,0.20
17849.0,0.19
17852.5,0.18
17856.4,0.16
17859.9,0.18
17863.0,0.20
17865.8,0.22
17868.5,0.23
17871.3,0.22
17874.5,0.20
17878.0,0.18
17881.2,0.20
17884.1,0.22
17886.9,0.22
17889.7,0.22
17892.9,0.20
17896.7,0.17
17900.5,0.17
17903.7,0.20
17906.6,0.22
17909.5,0.22
17912.6,0.20
17916.2,0.17
17919.9,0.17
17923.7,0.17
17927.3,0.17
17931.3,0.16
17936.3,0.13
17940.2,0.16
17943.6,0.18
17946.9,0.19
17950.9,0.16
17954.9,0.16
17959.0,0.15
17962.6,0.17
17966.2,0.17
17969.7,0.18
17973.8,0.15
17978.1,0.15
17982.0,0.16
17985.1,0.20
17988.2,0.20
17991.6,0.18
17995.2,0.17
17998.9,0.17
18002.1,0.20
18005.5,0.18
18008.7,0.20
18012.1,0.18
18016.0,0.16
18020.6,0.14
18023.9,0.19
18027.1,0.20
18030.1,0.21
18034.2,0.15
18038.5,0.15
18042.2,0.17
18045.3,0.20
18048.5,0.20
18051.7,0.20
18055.0,0.19
18058.6,0.17
18061.9,0.19
18065.3,0.18
18069.7,0.14
18074.1,0.14
18078.2,0.15
18081.8,0.17
18084.3,0.25
18086.3,0.31
18088.1,0.35
18090.2,0.30
18092.3,0.30
18094.8,0.25
18097.3,0.25
18100.0,0.23
18102.6,0.24
18105.3,0.23
18107.9,0.24
18110.6,0.23
18113.5,0.22
18116.2,0.23
18118.8,0.24
18121.3,0.25
18123.6,0.27
18125.9,0.27
18128.2,0.27
18130.4,0.29
18132.8,0.26
18135.3,0.25
18137.8,0.25
18140.2,0.26
18142.2,0.31
18144.3,0.30
18146.4,0.30
18148.7,0.27
18151.2,0.25
18154.5,0.19
18157.1,0.24
18159.1,0.31
18160.9,0.35
18162.7,0.35
18164.3,0.39
18165.9,0.39
18167.5,0.39
18169.0,0.42
18170.7,0.37
18172.5,0.35
18174.2,0.37
18176.1,0.33
18178.0,0.33
18179.8,0.35
18181.5,0.37
18183.1,0.39
18184.8,0.37
18186.4,0.39
18188.1,0.37
18189.8,0.37
18191.5,0.37
18193.1,0.39
18194.8,0.37
18196.4,0.39
18198.2,0.35
18199.9,0.37
18201.6,0.37
18203.2,0.39
18204.8,0.39
18206.4,0.39
18208.0,0.39
18209.6,0.39
18211.2,0.39
18212.9,0.37
18214.7,0.35
18216.5,0.35
18218.3,0.35
18220.1,0.35
18221.8,0.37
18223.4,0.39
18225.0,0.39
18226.7,0.37
18228.4,0.37
18230.1,0.37
18231.8,0.37
18233.5,0.37
18235.2,0.37
18236.9,0.37
18238.7,0.35
18240.4,0.37
18242.2,0.35
18244.0,0.35
18245.7,0.37
18247.4,0.37
18249.1,0.37
18250.9,0.35
18252.8,0.33
18254.8,0.31
18256.8,0.31
18258.9,0.30
18260.8,0.33
18262.5,0.37
18264.2,0.37
18265.9,0.37
18267.5,0.39
18269.1,0.39
18270.7,0.39
18272.4,0.37
18274.0,0.39
18275.7,0.37
18277.4,0.37
18279.1,0.37
18280.8,0.37
18282.4,0.39
18284.1,0.37
18285.8,0.37
18287.5,0.37
18289.1,0.39
18290.8,0.37
18292.5,0.37
18294.2,0.37
18296.0,0.35
18297.9,0.33
18299.8,0.33
18301.7,0.33
18303.5,0.35
18305.3,0.35
18307.2,0.33
18309.1,0.33
18311.1,0.31
18313.2,0.30
18315.3,0.30
18317.5,0.29
18319.6,0.30
18321.5,0.33
18323.3,0.35
18325.1,0.35
18326.8,0.37
18328.6,0.35
18330.2,0.39
18331.9,0.37
18333.6,0.37
18335.4,0.35
18337.2,0.35
18339.0,0.35
18340.8,0.35
18342.5,0.37
18344.2,0.37
18345.8,0.39
18347.5,0.37
18349.2,0.37
18351.0,0.35
18352.7,0.37
18354.5,0.35
18356.3,0.35
18358.2,0.33
18360.0,0.35
18361.8,0.35
18363.5,0.37
18365.2,0.37
18366.9,0.37
18368.6,0.37
18370.3,0.37
18372.0,0.37
18373.7,0.37
18375.4,0.37
18377.2,0.35
18379.1,0.33
18381.0,0.33
18382.8,0.35
18384.5,0.37
18386.3,0.35
18388.1,0.35
18390.0,0.33
18391.8,0.35
18393.6,0.35
18395.4,0.35
18397.2,0.35
18399.1,0.33
18401.0,0.33
18403.0,0.31
18404.8,0.35
18406.7,0.33
18408.5,0.35
18410.2,0.37
18411.9,0.37
18413.5,0.39
18415.0,0.42
18416.6,0.39
18418.2,0.39
18419.9,0.37
18421.5,0.39
18423.1,0.39
18424.7,0.39
18426.4,0.37
18428.1,0.37
18429.8,0.37
18431.5,0.37
18433.4,0.33
18435.5,0.30
18437.6,0.30
18439.6,0.31
18441.5,0.33
18443.3,0.35
18445.2,0.33
18447.0,0.35
18448.8,0.35
18450.4,0.39
18452.1,0.37
18453.8,0.37
18455.5,0.37
18457.3,0.35
18459.0,0.37
18460.8,0.35
18462.6,0.35
18464.5,0.33
18466.3,0.35
18468.1,0.35
18470.1,0.31
18472.2,0.30
18474.3,0.30
18476.5,0.29
18478.7,0.29
18480.7,0.31
18482.8,0.30
18484.8,0.31
18486.7,0.33
18488.6,0.33
18490.6,0.31
18492.6,0.31
18494.8,0.29
18497.0,0.29
18499.3,0.27
18501.8,0.25
18504.0,0.29
18506.3,0.27
18508.9,0.24
18511.3,0.26
18513.7,0.26
18516.2,0.25
18518.8,0.24
18521.5,0.23
18524.4,0.22
18527.3,0.22
18530.3,0.21
18533.6,0.19
18537.0,0.18
18540.7,0.17
18544.4,0.17
18547.6,0.20
18550.6,0.21
18553.7,0.20
18557.7,0.16
18562.0,0.15
18565.3,0.19
18568.1,0.22
18570.8,0.23
18573.7,0.22
18576.8,0.20
18579.9,0.20
18583.2,0.19
18586.4,0.20
18589.3,0.22
18592.4,0.20
18596.0,0.17
18599.5,0.18
18602.2,0.23
18604.7,0.25
18606.8,0.30
18608.8,0.31
18610.8,0.31
18613.0,0.29
18615.5,0.25
18618.0,0.25
18620.7,0.23
18623.4,0.23
18626.0,0.24
18628.6,0.24
18631.4,0.22
18634.0,0.24
18636.7,0.23
18639.3,0.24
18641.6,0.27
18643.7,0.30
18645.7,0.31
18647.8,0.30
18649.8,0.31
18651.9,0.30
18654.0,0.30
18656.3,0.27
18658.6,0.27
18660.9,0.27
18663.3,0.26
18665.5,0.29
18667.5,0.31
18669.5,0.31
18671.4,0.33
18673.6,0.29
18675.9,0.27
18678.5,0.24
18681.0,0.25
18683.6,0.24
18686.0,0.26
18688.3,0.27
18690.6,0.27
18692.9,0.27
18695.5,0.24
18697.9,0.26
18700.2,0.27
18702.6,0.26
18704.8,0.29
18706.8,0.31
18709.0,0.29
18711.2,0.29
18713.3,0.30
18715.6,0.27
18718.0,0.26
18720.1,0.30
18722.2,0.30
18724.2,0.31
18726.1,0.33
18728.1,0.31
18730.3,0.29
18732.6,0.27
18734.8,0.29
18737.1,0.27
18739.3,0.29
18741.5,0.29
18743.6,0.30
18745.6,0.31
18747.6,0.31
18749.6,0.31
18751.6,0.31
18753.7,0.30
18755.9,0.29
18758.1,0.29
18760.4,0.27
18762.5,0.30
18764.5,0.31
18766.7,0.29
18768.8,0.30
18771.1,0.27
18773.5,0.26
18776.0,0.25
18778.7,0.23
18781.2,0.25
18783.7,0.25
18785.9,0.29
18788.1,0.29
18790.3,0.29
18792.7,0.26
18795.1,0.26
18797.7,0.24
18800.2,0.25
18802.7,0.25
18805.0,0.27
18807.5,0.25
18810.0,0.25
18812.5,0.25
18815.2,0.23
18817.9,0.23
18820.4,0.25
18822.6,0.29
18824.8,0.29
18826.9,0.30
18829.1,0.29
18831.2,0.30
18833.4,0.29
18835.8,0.26
18838.3,0.25
18840.6,0.27
18842.8,0.29
18845.0,0.29
18847.2,0.29
18849.5,0.27
18851.7,0.29
18854.1,0.26
18856.7,0.24
18859.4,0.23
18861.9,0.25
18864.4,0.25
18866.8,0.26
18869.2,0.26
18871.6,0.26
18874.3,0.23
18877.6,0.19
18881.3,0.17
18884.8,0.18
18888.0,0.20
18891.3,0.19
18895.6,0.15
18901.0,0.12
18904.3,0.19
18907.0,0.23
18909.7,0.23
18912.5,0.22
18915.5,0.21
18918.4,0.22
18921.6,0.20
18924.2,0.24
18926.7,0.25
18929.1,0.26
18931.6,0.25
18934.0,0.26
18936.4,0.26
18939.0,0.24
18941.4,0.26
18943.8,0.26
18946.3,0.25
18948.7,0.26
18951.4,0.23
18954.2,0.22
18956.8,0.24
18959.4,0.24
18961.8,0.26
18964.0,0.29
18966.2,0.29
18968.3,0.30
18970.4,0.30
18972.7,0.27
18975.0,0.27
18977.4,0.26
18979.5,0.30
18981.6,0.30
18983.7,0.30
18985.8,0.30
18987.8,0.31
18989.9,0.30
18992.0,0.30
18994.2,0.29
18996.7,0.25
18999.1,0.26
19001.5,0.26
19003.7,0.29
19005.9,0.29
19008.1,0.29
19010.3,0.29
19012.6,0.27
19015.0,0.26
19017.4,0.26
19020.0,0.24
19022.2,0.29
19024.3,0.30
19026.3,0.31
19028.3,0.31
19030.4,0.30
19032.5,0.30
19034.8,0.27
19037.1,0.27
19039.3,0.29
19041.5,0.29
19043.7,0.29
19045.9,0.29
19048.0,0.30
19050.3,0.27
19052.5,0.29
19054.8,0.27
19057.1,0.27
19059.4,0.27
19061.6,0.29
19063.8,0.29
19066.1,0.27
19068.4,0.27
19070.8,0.26
19073.2,0.26
19075.6,0.26
19077.9,0.27
19080.1,0.29
19082.2,0.30
19084.3,0.30
19086.4,0.30
19088.5,0.30
19090.8,0.27
19093.1,0.27
19095.6,0.25
19098.0,0.26
19100.4,0.26
19102.6,0.29
19104.7,0.30
19106.7,0.31
19109.0,0.27
19111.5,0.25
19114.0,0.25
19116.6,0.24
19119.1,0.25
19121.5,0.26
19124.0,0.25
19126.3,0.27
19128.7,0.26
19131.1,0.26
19133.3,0.29
19135.2,0.33
19136.9,0.37
19138.5,0.39
19140.1,0.39
19141.7,0.39
19143.2,0.42
19144.8,0.39
19146.4,0.39
19148.1,0.37
19149.7,0.39
19151.4,0.37
19153.1,0.37
19154.8,0.37
19156.6,0.35
19158.2,0.39
19159.9,0.37
19161.5,0.39
19163.1,0.39
19164.7,0.39
19166.3,0.39
19168.0,0.37
19169.6,0.39
19171.3,0.37
19173.0,0.37
19174.8,0.35
19176.6,0.35
19178.5,0.33
19180.4,0.33
19182.2,0.35
19183.9,0.37
19185.6,0.37
19187.3,0.37
19188.9,0.39
19190.6,0.37
19192.4,0.35
19194.1,0.37
19195.8,0.37
19197.6,0.35
19199.3,0.37
19201.0,0.37
19202.6,0.39
19204.1,0.42
19205.7,0.39
19207.3,0.39
19208.9,0.39
19210.6,0.37
19212.3,0.37
19214.2,0.33
19216.1,0.33
19217.9,0.35
19219.8,0.33
19221.6,0.35
19223.4,0.35
19225.3,0.33
19227.2,0.33
19229.3,0.30
19231.5,0.29
19233.8,0.27
19236.3,0.25
19238.8,0.25
19241.2,0.26
19243.5,0.27
19245.7,0.29
19247.8,0.30
19250.0,0.29
19252.3,0.27
19254.7,0.26
19257.0,0.27
19259.3,0.27
19261.5,0.29
19263.7,0.29
19266.0,0.27
19268.3,0.27
19270.7,0.26
19273.2,0.25
19275.9,0.23
19278.5,0.24
19280.9,0.26
19283.2,0.27
19285.5,0.27
19287.9,0.26
19290.4,0.25
19293.0,0.24
19295.6,0.24
19298.3,0.23
19301.0,0.23
19303.5,0.25
19306.0,0.25
19308.6,0.24
19311.3,0.23
19314.5,0.20
19318.0,0.18
19321.9,0.16
19324.9,0.21
19328.1,0.20
0.0,0.00
