219.8,0.30
222.0,0.29
224.6,0.24
228.4,0.17
234.4,0.10
236.8,0.26
249.7,0.30
268.7,0.37
270.5,0.35
272.2,0.37
273.9,0.37
275.7,0.35
277.5,0.35
279.3,0.35
281.1,0.35
282.9,0.35
284.6,0.37
286.4,0.35
288.2,0.35
290.1,0.33
291.9,0.35
293.7,0.35
295.5,0.35
297.3,0.35
299.1,0.35
300.8,0.37
302.5,0.37
304.2,0.37
305.9,0.37
307.6,0.37
309.2,0.39
310.9,0.37
312.5,0.39
314.1,0.39
315.8,0.37
317.4,0.39
318.9,0.42
320.5,0.39
322.1,0.39
323.6,0.42
325.1,0.42
326.6,0.42
328.2,0.39
329.7,0.42
331.3,0.39
332.9,0.39
334.4,0.42
336.0,0.39
337.6,0.39
339.2,0.39
340.8,0.39
342.3,0.42
343.9,0.39
345.4,0.42
346.9,0.42
348.5,0.39
350.0,0.42
351.5,0.42
353.1,0.39
354.6,0.42
356.1,0.42
357.7,0.39
359.2,0.42
360.8,0.39
362.3,0.42
363.9,0.39
365.5,0.39
367.0,0.42
368.5,0.42
370.0,0.42
371.6,0.39
373.1,0.42
374.6,0.42
376.1,0.42
377.6,0.42
379.1,0.42
380.7,0.39
382.2,0.42
383.6,0.45
385.1,0.42
386.6,0.42
388.1,0.42
389.5,0.45
391.0,0.42
392.5,0.42
393.9,0.45
395.4,0.42
396.9,0.42
398.3,0.45
399.8,0.42
401.3,0.42
402.7,0.45
404.2,0.42
405.7,0.42
407.2,0.42
408.6,0.45
410.1,0.42
411.5,0.45
413.0,0.42
414.4,0.45
415.8,0.45
417.2,0.45
418.6,0.45
420.0,0.45
421.4,0.45
422.8,0.45
424.2,0.45
425.6,0.45
427.0,0.45
428.4,0.45
429.8,0.45
431.1,0.48
432.5,0.45
433.9,0.45
435.3,0.45
436.6,0.48
438.1,0.42
439.4,0.48
440.8,0.45
442.1,0.48
443.5,0.45
444.8,0.48
446.2,0.45
447.5,0.48
448.9,0.45
450.3,0.45
451.7,0.45
453.1,0.45
454.5,0.45
455.9,0.45
457.4,0.42
458.8,0.45
460.1,0.48
461.5,0.45
462.9,0.45
464.3,0.45
465.8,0.42
467.2,0.45
468.6,0.45
470.0,0.45
471.4,0.45
472.9,0.42
474.4,0.42
475.8,0.45
477.2,0.45
478.7,0.42
480.1,0.45
481.5,0.45
482.9,0.45
484.3,0.45
485.7,0.45
487.1,0.45
488.4,0.48
489.8,0.45
491.2,0.45
492.6,0.45
493.9,0.48
495.3,0.45
496.8,0.42
498.2,0.45
499.6,0.45
501.0,0.45
502.4,0.45
503.8,0.45
505.2,0.45
506.5,0.48
507.9,0.45
509.2,0.48
510.6,0.45
511.9,0.48
513.3,0.45
514.7,0.45
516.1,0.45
517.5,0.45
518.9,0.45
520.2,0.48
521.7,0.42
523.1,0.45
524.5,0.45
525.9,0.45
527.3,0.45
528.8,0.42
530.2,0.45
531.6,0.45
533.0,0.45
534.4,0.45
535.7,0.48
537.1,0.45
538.5,0.45
539.9,0.45
541.3,0.45
542.8,0.42
544.2,0.45
545.6,0.45
547.0,0.45
548.4,0.45
549.8,0.45
551.2,0.45
552.6,0.45
554.0,0.45
555.4,0.45
556.8,0.45
558.2,0.45
559.6,0.45
561.0,0.45
562.5,0.42
564.0,0.42
565.4,0.45
566.9,0.42
568.2,0.48
569.6,0.45
571.0,0.45
572.4,0.45
573.8,0.45
575.2,0.45
576.6,0.45
578.0,0.45
579.4,0.45
580.9,0.42
582.3,0.45
583.7,0.45
585.1,0.45
586.6,0.42
588.0,0.45
589.5,0.42
590.9,0.45
592.3,0.45
593.7,0.45
595.1,0.45
596.5,0.45
598.0,0.42
599.4,0.45
600.8,0.45
602.1,0.48
603.5,0.45
604.9,0.45
606.3,0.45
607.7,0.45
609.1,0.45
610.6,0.42
612.0,0.45
613.4,0.45
614.9,0.42
616.3,0.45
617.7,0.45
619.2,0.42
620.6,0.45
622.0,0.45
623.5,0.42
624.9,0.45
626.4,0.42
627.8,0.45
629.1,0.48
630.5,0.45
631.9,0.45
633.3,0.45
634.8,0.42
636.2,0.45
637.8,0.39
639.3,0.42
640.9,0.39
642.6,0.37
644.2,0.39
645.9,0.37
647.6,0.37
649.2,0.39
650.9,0.37
652.5,0.39
654.1,0.39
655.7,0.39
657.2,0.42
658.8,0.39
660.2,0.45
661.7,0.42
663.1,0.45
664.6,0.42
666.1,0.42
667.6,0.42
669.0,0.45
670.5,0.42
672.0,0.42
673.4,0.45
674.9,0.42
676.3,0.45
677.8,0.42
679.2,0.45
680.7,0.42
682.1,0.45
683.6,0.42
685.1,0.42
686.6,0.42
688.1,0.42
689.6,0.42
691.0,0.45
692.5,0.42
693.9,0.45
695.3,0.45
696.8,0.42
698.2,0.45
699.6,0.45
701.1,0.42
702.6,0.42
704.0,0.45
705.5,0.42
707.0,0.42
708.4,0.45
709.9,0.42
711.3,0.45
712.7,0.45
714.2,0.42
715.6,0.45
717.1,0.42
718.5,0.45
720.0,0.42
721.5,0.42
723.0,0.42
724.5,0.42
725.9,0.45
727.4,0.42
728.9,0.42
730.4,0.42
732.0,0.39
733.5,0.42
735.0,0.42
736.5,0.42
738.0,0.42
739.6,0.39
741.1,0.42
742.6,0.42
744.1,0.42
745.6,0.42
747.0,0.45
748.5,0.42
749.9,0.45
751.3,0.45
752.8,0.42
754.2,0.45
755.6,0.45
757.1,0.42
758.5,0.45
759.9,0.45
761.4,0.42
762.8,0.45
764.2,0.45
765.7,0.42
767.1,0.45
768.5,0.45
770.0,0.42
771.5,0.42
772.9,0.45
774.4,0.42
775.9,0.42
777.4,0.42
778.9,0.42
780.4,0.42
781.8,0.45
783.3,0.42
784.8,0.42
786.3,0.42
787.8,0.42
789.3,0.42
790.7,0.45
792.2,0.42
793.7,0.42
795.2,0.42
796.6,0.45
798.1,0.42
799.6,0.42
801.1,0.42
802.6,0.42
804.2,0.39
805.7,0.42
807.3,0.39
808.8,0.42
810.4,0.39
811.9,0.42
813.5,0.39
815.0,0.42
816.5,0.42
818.0,0.42
819.6,0.39
821.2,0.39
822.7,0.42
824.3,0.39
825.8,0.42
827.3,0.42
828.8,0.42
830.3,0.42
831.8,0.42
833.2,0.45
834.7,0.42
836.2,0.42
837.8,0.39
839.3,0.42
840.8,0.42
842.3,0.42
843.8,0.42
845.3,0.42
846.7,0.45
848.2,0.42
849.7,0.42
851.2,0.42
852.7,0.42
854.3,0.39
855.8,0.42
857.4,0.39
858.9,0.42
860.4,0.42
861.9,0.42
863.4,0.42
864.9,0.42
866.4,0.42
867.8,0.45
869.2,0.45
870.8,0.39
872.3,0.42
873.8,0.42
875.4,0.39
876.9,0.42
878.5,0.39
880.2,0.37
882.0,0.35
883.7,0.37
885.5,0.35
887.2,0.37
888.9,0.37
890.7,0.35
892.7,0.31
894.6,0.33
896.6,0.31
898.4,0.35
900.2,0.35
902.0,0.35
903.8,0.35
905.5,0.37
907.3,0.35
909.0,0.37
910.7,0.37
912.3,0.39
913.9,0.39
915.6,0.37
917.3,0.37
918.9,0.39
920.6,0.37
922.2,0.39
923.9,0.37
925.5,0.39
927.2,0.37
928.8,0.39
930.4,0.39
932.1,0.37
933.8,0.37
935.4,0.39
937.1,0.37
938.8,0.37
940.4,0.39
942.1,0.37
943.8,0.37
945.5,0.37
947.2,0.37
948.9,0.37
950.5,0.39
952.2,0.37
953.8,0.39
955.5,0.37
957.2,0.37
958.9,0.37
960.6,0.37
962.2,0.39
963.9,0.37
965.5,0.39
967.1,0.39
968.8,0.37
970.5,0.37
972.2,0.37
974.0,0.35
975.6,0.39
977.3,0.37
979.0,0.37
980.7,0.37
982.4,0.37
984.2,0.35
985.9,0.37
987.6,0.37
989.3,0.37
991.1,0.35
992.8,0.37
994.6,0.35
996.3,0.37
998.0,0.37
999.7,0.37
1001.3,0.39
1003.0,0.37
1004.6,0.39
1006.2,0.39
1007.9,0.37
1009.4,0.42
1011.0,0.39
1012.6,0.39
1014.2,0.39
1015.8,0.39
1017.3,0.42
1018.9,0.39
1020.4,0.42
1022.0,0.39
1023.5,0.42
1025.0,0.42
1026.6,0.39
1028.1,0.42
1029.7,0.39
1031.2,0.42
1032.7,0.42
1034.3,0.39
1035.8,0.42
1037.4,0.39
1038.9,0.42
1040.5,0.39
1042.1,0.39
1043.8,0.37
1045.4,0.39
1047.0,0.39
1048.6,0.39
1050.2,0.39
1051.8,0.39
1053.3,0.42
1054.8,0.42
1056.3,0.42
1057.8,0.42
1059.3,0.42
1060.8,0.42
1062.3,0.42
1063.9,0.39
1065.4,0.42
1067.0,0.39
1068.5,0.42
1070.0,0.42
1071.6,0.39
1073.1,0.42
1074.7,0.39
1076.2,0.42
1077.7,0.42
1079.3,0.39
1080.8,0.42
1082.4,0.39
1084.0,0.39
1085.6,0.39
1087.2,0.39
1088.8,0.39
1090.3,0.42
1091.9,0.39
1093.4,0.42
1095.0,0.39
1096.5,0.42
1098.1,0.39
1099.6,0.42
1101.1,0.42
1102.6,0.42
1104.2,0.39
1105.7,0.42
1107.3,0.39
1108.8,0.42
1110.4,0.39
1112.0,0.39
1113.5,0.42
1115.1,0.39
1116.7,0.39
1118.2,0.42
1119.8,0.39
1121.4,0.39
1123.0,0.39
1124.5,0.42
1126.1,0.39
1127.7,0.39
1129.2,0.42
1130.8,0.39
1132.3,0.42
1133.8,0.42
1135.3,0.42
1136.9,0.39
1138.5,0.39
1140.1,0.39
1141.7,0.39
1143.4,0.37
1145.0,0.39
1146.6,0.39
1148.3,0.37
1149.9,0.39
1151.5,0.39
1153.1,0.39
1154.7,0.39
1156.3,0.39
1157.9,0.39
1159.5,0.39
1161.0,0.42
1162.6,0.39
1164.2,0.39
1165.8,0.39
1167.5,0.37
1169.1,0.39
1170.7,0.39
1172.3,0.39
1173.9,0.39
1175.5,0.39
1177.1,0.39
1178.6,0.42
1180.2,0.39
1181.8,0.39
1183.3,0.42
1184.9,0.39
1186.5,0.39
1188.1,0.39
1189.7,0.39
1191.3,0.39
1192.8,0.42
1194.4,0.39
1196.0,0.39
1197.5,0.42
1199.1,0.39
1200.7,0.39
1202.3,0.39
1203.9,0.39
1205.5,0.39
1207.1,0.39
1208.7,0.39
1210.3,0.39
1211.8,0.42
1213.4,0.39
1214.9,0.42
1216.5,0.39
1218.0,0.42
1219.5,0.42
1221.1,0.39
1222.7,0.39
1224.2,0.42
1225.7,0.42
1227.2,0.42
1228.8,0.39
1230.3,0.42
1231.9,0.39
1233.5,0.39
1235.1,0.39
1236.8,0.37
1238.3,0.42
1239.9,0.39
1241.5,0.39
1243.2,0.37
1244.7,0.42
1246.3,0.39
1247.9,0.39
1249.5,0.39
1251.1,0.39
1252.7,0.39
1254.3,0.39
1255.9,0.39
1257.5,0.39
1259.1,0.39
1260.7,0.39
1262.3,0.39
1263.9,0.39
1265.5,0.39
1267.1,0.39
1268.7,0.39
1270.2,0.42
1271.8,0.39
1273.4,0.39
1275.0,0.39
1276.7,0.37
1278.3,0.39
1280.0,0.37
1281.6,0.39
1283.2,0.39
1284.7,0.42
1286.2,0.42
1287.8,0.39
1289.3,0.42
1290.8,0.42
1292.4,0.39
1294.0,0.39
1295.6,0.39
1297.2,0.39
1298.8,0.39
1300.4,0.39
1302.0,0.39
1303.6,0.39
1305.2,0.39
1306.9,0.37
1308.5,0.39
1310.1,0.39
1311.8,0.37
1313.4,0.39
1315.0,0.39
1316.6,0.39
1318.3,0.37
1320.0,0.37
1321.6,0.39
1323.3,0.37
1324.9,0.39
1326.6,0.37
1328.2,0.39
1329.8,0.39
1331.4,0.39
1333.0,0.39
1334.6,0.39
1336.2,0.39
1337.8,0.39
1339.4,0.39
1341.0,0.39
1342.6,0.39
1344.2,0.39
1345.8,0.39
1347.4,0.39
1349.0,0.39
1350.6,0.39
1352.2,0.39
1353.8,0.39
1355.3,0.42
1356.9,0.39
1358.5,0.39
1360.2,0.37
1361.9,0.37
1363.6,0.37
1365.2,0.39
1366.9,0.37
1368.5,0.39
1370.2,0.37
1371.8,0.39
1373.5,0.37
1375.1,0.39
1376.7,0.39
1378.3,0.39
1379.9,0.39
1381.5,0.39
1383.0,0.42
1384.6,0.39
1386.2,0.39
1387.9,0.37
1389.5,0.39
1391.1,0.39
1392.8,0.37
1394.4,0.39
1396.1,0.37
1397.7,0.39
1399.3,0.39
1401.0,0.37
1402.6,0.39
1404.2,0.39
1405.8,0.39
1407.5,0.37
1409.1,0.39
1410.7,0.39
1412.3,0.39
1413.8,0.42
1415.4,0.39
1417.0,0.39
1418.7,0.37
1420.3,0.39
1421.9,0.39
1423.5,0.39
1425.0,0.42
1426.7,0.37
1428.4,0.37
1430.0,0.39
1431.6,0.39
1433.3,0.37
1434.9,0.39
1436.6,0.37
1438.2,0.39
1439.8,0.39
1441.4,0.39
1443.0,0.39
1444.7,0.37
1446.3,0.39
1447.9,0.39
1449.5,0.39
1451.1,0.39
1452.8,0.37
1454.4,0.39
1456.0,0.39
1457.6,0.39
1459.2,0.39
1460.8,0.39
1462.5,0.37
1464.1,0.39
1465.8,0.37
1467.5,0.37
1469.1,0.39
1470.7,0.39
1472.3,0.39
1473.9,0.39
1475.5,0.39
1477.1,0.39
1478.7,0.39
1480.3,0.39
1481.9,0.39
1483.5,0.39
1485.1,0.39
1486.7,0.39
1488.3,0.39
1489.8,0.42
1491.5,0.37
1493.1,0.39
1494.7,0.39
1496.4,0.37
1498.0,0.39
1499.8,0.35
1501.5,0.37
1503.2,0.37
1504.9,0.37
1506.5,0.39
1508.2,0.37
1509.9,0.37
1511.6,0.37
1513.2,0.39
1514.9,0.37
1516.5,0.39
1518.1,0.39
1519.8,0.37
1521.4,0.39
1523.0,0.39
1524.6,0.39
1526.2,0.39
1527.8,0.39
1529.4,0.39
1531.0,0.39
1532.7,0.37
1534.3,0.39
1535.9,0.39
1537.5,0.39
1539.2,0.37
1540.8,0.39
1542.4,0.39
1544.1,0.37
1545.8,0.37
1547.5,0.37
1549.2,0.37
1551.0,0.35
1552.8,0.35
1554.5,0.37
1556.5,0.31
1558.5,0.31
1560.8,0.27
1563.2,0.26
1565.5,0.27
1567.7,0.29
1569.8,0.30
1571.8,0.31
1573.8,0.31
1575.6,0.35
1577.5,0.33
1579.4,0.33
1581.2,0.35
1583.0,0.35
1584.8,0.35
1586.6,0.35
1588.4,0.35
1590.2,0.35
1592.0,0.35
1593.9,0.33
1595.8,0.33
1597.7,0.33
1599.5,0.35
1601.4,0.33
1603.3,0.33
1605.2,0.33
1607.0,0.35
1608.8,0.35
1610.7,0.33
1612.5,0.35
1614.3,0.35
1616.1,0.35
1617.9,0.35
1619.7,0.35
1621.5,0.35
1623.4,0.33
1625.2,0.35
1627.0,0.35
1628.8,0.35
1630.6,0.35
1632.5,0.33
1634.3,0.35
1636.1,0.35
1638.0,0.33
1639.8,0.35
1641.6,0.35
1643.5,0.33
1645.4,0.33
1647.3,0.33
1649.2,0.33
1651.1,0.33
1653.1,0.31
1654.9,0.35
1656.8,0.33
1658.5,0.37
1660.3,0.35
1662.1,0.35
1663.8,0.37
1665.6,0.35
1667.3,0.37
1669.0,0.37
1670.7,0.37
1672.3,0.39
1674.0,0.37
1675.7,0.37
1677.3,0.39
1678.9,0.39
1680.6,0.37
1682.2,0.39
1684.0,0.35
1685.8,0.35
1687.5,0.37
1689.3,0.35
1691.1,0.35
1692.8,0.37
1694.5,0.37
1696.2,0.37
1697.9,0.37
1699.6,0.37
1701.2,0.39
1702.8,0.39
1704.5,0.37
1706.0,0.42
1707.7,0.37
1709.3,0.39
1710.9,0.39
1712.5,0.39
1714.2,0.37
1715.9,0.37
1717.6,0.37
1719.3,0.37
1721.0,0.37
1722.7,0.37
1724.3,0.39
1726.0,0.37
1727.7,0.37
1729.4,0.37
1731.1,0.37
1732.8,0.37
1734.5,0.37
1736.2,0.37
1737.8,0.39
1739.5,0.37
1741.2,0.37
1742.9,0.37
1744.6,0.37
1746.3,0.37
1748.0,0.37
1749.7,0.37
1751.4,0.37
1753.1,0.37
1754.8,0.37
1756.5,0.37
1758.2,0.37
1759.9,0.37
1761.6,0.37
1763.3,0.37
1765.0,0.37
1766.8,0.35
1768.5,0.37
1770.3,0.35
1772.0,0.37
1773.6,0.39
1775.3,0.37
1777.0,0.37
1778.6,0.39
1780.3,0.37
1782.0,0.37
1783.6,0.39
1785.3,0.37
1787.0,0.37
1788.7,0.37
1790.4,0.37
1792.0,0.39
1793.8,0.35
1795.5,0.37
1797.2,0.37
1798.9,0.37
1800.7,0.35
1802.5,0.35
1804.2,0.37
1806.0,0.35
1807.7,0.37
1809.5,0.35
1811.3,0.35
1813.0,0.37
1814.8,0.35
1816.5,0.37
1818.2,0.37
1819.9,0.37
1821.5,0.39
1823.2,0.37
1824.9,0.37
1826.5,0.39
1828.2,0.37
1829.8,0.39
1831.5,0.37
1833.2,0.37
1834.9,0.37
1836.5,0.39
1838.3,0.35
1840.0,0.37
1841.8,0.35
1843.5,0.37
1845.3,0.35
1847.1,0.35
1848.9,0.35
1850.6,0.37
1852.4,0.35
1854.1,0.37
1855.8,0.37
1857.4,0.39
1859.1,0.37
1860.8,0.37
1862.5,0.37
1864.2,0.37
1865.9,0.37
1867.6,0.37
1869.3,0.37
1871.0,0.37
1872.7,0.37
1874.3,0.39
1876.0,0.37
1877.6,0.39
1879.3,0.37
1881.0,0.37
1882.7,0.37
1884.3,0.39
1886.1,0.35
1887.8,0.37
1889.5,0.37
1891.2,0.37
1892.8,0.39
1894.5,0.37
1896.2,0.37
1897.8,0.39
1899.5,0.37
1901.2,0.37
1902.9,0.37
1904.6,0.37
1906.4,0.35
1908.1,0.37
1909.8,0.37
1911.5,0.37
1913.2,0.37
1915.0,0.35
1916.7,0.37
1918.4,0.37
1920.1,0.37
1921.7,0.39
1923.4,0.37
1925.0,0.39
1926.7,0.37
1928.4,0.37
1930.2,0.35
1932.0,0.35
1933.8,0.35
1935.5,0.37
1937.3,0.35
1939.0,0.37
1940.8,0.35
1942.5,0.37
1944.2,0.37
1945.9,0.37
1947.6,0.37
1949.2,0.39
1950.9,0.37
1952.5,0.39
1954.2,0.37
1955.8,0.39
1957.5,0.37
1959.2,0.37
1960.9,0.37
1962.5,0.39
1964.2,0.37
1965.9,0.37
1967.6,0.37
1969.3,0.37
1971.0,0.37
1972.7,0.37
1974.4,0.37
1976.1,0.37
1977.8,0.37
1979.5,0.37
1981.3,0.35
1983.1,0.35
1984.8,0.37
1986.6,0.35
1988.3,0.37
1990.0,0.37
1991.7,0.37
1993.3,0.39
1995.0,0.37
1996.7,0.37
1998.5,0.35
2000.2,0.37
2001.9,0.37
2003.6,0.37
2005.3,0.37
2007.0,0.37
2008.7,0.37
2010.4,0.37
2012.1,0.37
2013.8,0.37
2015.5,0.37
2017.2,0.37
2018.8,0.39
2020.5,0.37
2022.2,0.37
2023.9,0.37
2025.6,0.37
2027.3,0.37
2029.0,0.37
2030.6,0.39
2032.3,0.37
2034.1,0.35
2035.8,0.37
2037.5,0.37
2039.3,0.35
2041.1,0.35
2042.9,0.35
2044.6,0.37
2046.4,0.35
2048.1,0.37
2049.8,0.37
2051.4,0.39
2053.1,0.37
2054.8,0.37
2056.5,0.37
2058.2,0.37
2060.0,0.35
2061.8,0.35
2063.6,0.35
2065.4,0.35
2067.2,0.35
2068.9,0.37
2070.7,0.35
2072.4,0.37
2074.1,0.37
2075.8,0.37
2077.6,0.35
2079.3,0.37
2081.0,0.37
2082.7,0.37
2084.5,0.35
2086.3,0.35
2088.1,0.35
2089.8,0.37
2091.6,0.35
2093.3,0.37
2095.0,0.37
2096.7,0.37
2098.5,0.35
2100.2,0.37
2102.0,0.35
2103.8,0.35
2105.5,0.37
2107.2,0.37
2108.9,0.37
2110.7,0.35
2112.5,0.35
2114.3,0.35
2116.1,0.35
2117.8,0.37
2119.5,0.37
2121.2,0.37
2122.9,0.37
2124.6,0.37
2126.3,0.37
2128.0,0.37
2129.6,0.39
2131.3,0.37
2133.0,0.37
2134.7,0.37
2136.4,0.37
2138.2,0.35
2139.8,0.39
2141.6,0.35
2143.3,0.37
2145.0,0.37
2146.7,0.37
2148.4,0.37
2150.1,0.37
2151.8,0.37
2153.5,0.37
2155.3,0.35
2157.0,0.37
2158.8,0.35
2160.4,0.39
2162.1,0.37
2163.8,0.37
2165.6,0.35
2167.4,0.35
2169.2,0.35
2170.9,0.37
2172.6,0.37
2174.4,0.35
2176.2,0.35
2178.0,0.35
2179.7,0.37
2181.4,0.37
2183.1,0.37
2184.8,0.37
2186.5,0.37
2188.2,0.37
2189.8,0.39
2191.4,0.39
2193.1,0.37
2194.7,0.39
2196.3,0.39
2198.0,0.37
2199.7,0.37
2201.4,0.37
2203.1,0.37
2204.8,0.37
2206.5,0.37
2208.2,0.37
2209.9,0.37
2211.6,0.37
2213.3,0.37
2215.1,0.35
2216.8,0.37
2218.5,0.37
2220.2,0.37
2221.9,0.37
2223.7,0.35
2225.4,0.37
2227.1,0.37
2228.8,0.37
2230.5,0.37
2232.2,0.37
2233.8,0.39
2235.5,0.37
2237.2,0.37
2238.9,0.37
2240.7,0.35
2242.4,0.37
2244.1,0.37
2245.8,0.37
2247.5,0.37
2249.2,0.37
2250.9,0.37
2252.5,0.39
2254.2,0.37
2255.9,0.37
2257.7,0.35
2259.4,0.37
2261.2,0.35
2262.9,0.37
2264.6,0.37
2266.3,0.37
2268.1,0.35
2269.8,0.37
2271.5,0.37
2273.2,0.37
2275.0,0.35
2276.7,0.37
2278.4,0.37
2280.1,0.37
2281.8,0.37
2283.5,0.37
2285.1,0.39
2286.8,0.37
2288.4,0.39
2290.1,0.37
2291.9,0.35
2293.6,0.37
2295.3,0.37
2297.0,0.37
2298.7,0.37
2300.3,0.39
2301.9,0.39
2303.5,0.39
2305.1,0.39
2306.9,0.35
2308.7,0.35
2310.5,0.35
2312.3,0.35
2314.0,0.37
2315.8,0.35
2317.7,0.33
2319.6,0.33
2321.7,0.30
2323.7,0.31
2325.8,0.30
2327.8,0.31
2329.8,0.31
2331.8,0.31
2333.9,0.30
2335.9,0.31
2338.0,0.30
2340.1,0.30
2342.1,0.31
2344.1,0.31
2346.0,0.33
2348.0,0.31
2349.9,0.33
2351.8,0.33
2353.7,0.33
2355.6,0.33
2357.6,0.31
2359.6,0.31
2361.6,0.31
2363.6,0.31
2365.6,0.31
2367.6,0.31
2369.7,0.30
2371.9,0.29
2374.0,0.30
2376.1,0.30
2378.2,0.30
2380.2,0.31
2382.3,0.30
2384.3,0.31
2386.3,0.31
2388.2,0.33
2390.2,0.31
2392.1,0.33
2394.1,0.31
2396.1,0.31
2398.1,0.31
2400.2,0.30
2402.3,0.30
2404.4,0.30
2406.4,0.31
2408.4,0.31
2410.4,0.31
2412.4,0.31
2414.4,0.31
2416.4,0.31
2418.4,0.31
2420.3,0.33
2422.3,0.31
2424.4,0.30
2426.5,0.30
2428.6,0.30
2430.6,0.31
2432.6,0.31
2434.5,0.33
2436.5,0.31
2438.4,0.33
2440.2,0.35
2442.1,0.33
2443.9,0.35
2445.7,0.35
2447.5,0.35
2449.3,0.35
2451.1,0.35
2452.8,0.37
2454.6,0.35
2456.3,0.37
2458.1,0.35
2459.8,0.37
2461.6,0.35
2463.3,0.37
2465.1,0.35
2466.8,0.37
2468.6,0.35
2470.3,0.37
2472.1,0.35
2473.8,0.37
2475.5,0.37
2477.2,0.37
2478.8,0.39
2480.5,0.37
2482.1,0.39
2483.8,0.37
2485.5,0.37
2487.2,0.37
2488.9,0.37
2490.7,0.35
2492.5,0.35
2494.3,0.35
2496.0,0.37
2497.8,0.35
2499.6,0.35
2501.3,0.37
2503.1,0.35
2504.8,0.37
2506.5,0.37
2508.3,0.35
2510.0,0.37
2511.8,0.35
2513.5,0.37
2515.3,0.35
2517.0,0.37
2518.8,0.35
2520.5,0.37
2522.2,0.37
2523.9,0.37
2525.6,0.37
2527.3,0.37
2528.9,0.39
2530.6,0.37
2532.3,0.37
2534.1,0.35
2535.8,0.37
2537.6,0.35
2539.4,0.35
2541.2,0.35
2543.1,0.33
2544.8,0.37
2546.6,0.35
2548.3,0.37
2550.1,0.35
2551.9,0.35
2553.7,0.35
2555.4,0.37
2557.2,0.35
2558.9,0.37
2560.5,0.39
2562.2,0.37
2563.9,0.37
2565.6,0.37
2567.3,0.37
2569.0,0.37
2570.7,0.37
2572.4,0.37
2574.2,0.35
2575.9,0.37
2577.6,0.37
2579.3,0.37
2581.0,0.37
2582.7,0.37
2584.4,0.37
2586.2,0.35
2587.9,0.37
2589.6,0.37
2591.4,0.35
2593.1,0.37
2594.9,0.35
2596.6,0.37
2598.3,0.37
2600.0,0.37
2601.7,0.37
2603.5,0.35
2605.4,0.33
2607.2,0.35
2609.0,0.35
2610.9,0.33
2612.7,0.35
2614.5,0.35
2616.2,0.37
2617.9,0.37
2619.6,0.37
2621.3,0.37
2623.1,0.35
2624.8,0.37
2626.5,0.37
2628.2,0.37
2629.9,0.37
2631.6,0.37
2633.3,0.37
2635.1,0.35
2636.8,0.37
2638.5,0.37
2640.2,0.37
2641.9,0.37
2643.6,0.37
2645.3,0.37
2647.1,0.35
2648.8,0.37
2650.6,0.35
2652.3,0.37
2654.1,0.35
2655.8,0.37
2657.6,0.35
2659.4,0.35
2661.1,0.37
2662.8,0.37
2664.5,0.37
2666.2,0.37
2668.0,0.35
2669.7,0.37
2671.3,0.39
2673.0,0.37
2674.8,0.35
2676.5,0.37
2678.2,0.37
2679.9,0.37
2681.6,0.37
2683.3,0.37
2685.0,0.37
2686.7,0.37
2688.4,0.37
2690.1,0.37
2691.8,0.37
2693.6,0.35
2695.3,0.37
2697.0,0.37
2698.7,0.37
2700.4,0.37
2702.2,0.35
2703.9,0.37
2705.7,0.35
2707.4,0.37
2709.2,0.35
2711.0,0.35
2712.7,0.37
2714.4,0.37
2716.1,0.37
2717.8,0.37
2719.5,0.37
2721.2,0.37
2722.9,0.37
2724.6,0.37
2726.3,0.37
2728.1,0.35
2729.8,0.37
2731.5,0.37
2733.3,0.35
2735.1,0.35
2736.9,0.35
2738.7,0.35
2740.5,0.35
2742.4,0.33
2744.2,0.35
2745.9,0.37
2747.6,0.37
2749.3,0.37
2751.1,0.35
2752.8,0.37
2754.5,0.37
2756.2,0.37
2757.9,0.37
2759.6,0.37
2761.2,0.39
2762.9,0.37
2764.6,0.37
2766.3,0.37
2768.1,0.35
2769.8,0.37
2771.6,0.35
2773.3,0.37
2775.0,0.37
2776.7,0.37
2778.4,0.37
2780.2,0.35
2781.9,0.37
2783.7,0.35
2785.4,0.37
2787.1,0.37
2788.8,0.37
2790.5,0.37
2792.2,0.37
2793.9,0.37
2795.6,0.37
2797.3,0.37
2799.0,0.37
2800.7,0.37
2802.4,0.37
2804.1,0.37
2805.8,0.37
2807.5,0.37
2809.3,0.35
2811.0,0.37
2812.8,0.35
2814.6,0.35
2816.3,0.37
2818.1,0.35
2819.8,0.37
2821.5,0.37
2823.3,0.35
2825.1,0.35
2826.8,0.37
2828.6,0.35
2830.4,0.35
2832.1,0.37
2833.8,0.37
2835.4,0.39
2837.1,0.37
2838.8,0.37
2840.4,0.39
2842.2,0.35
2843.9,0.37
2845.6,0.37
2847.3,0.37
2848.9,0.39
2850.6,0.37
2852.4,0.35
2854.1,0.37
2855.8,0.37
2857.5,0.37
2859.1,0.39
2860.8,0.37
2862.5,0.37
2864.1,0.39
2865.8,0.37
2867.5,0.37
2869.2,0.37
2870.8,0.39
2872.5,0.37
2874.1,0.39
2875.8,0.37
2877.4,0.39
2879.1,0.37
2880.7,0.39
2882.3,0.39
2884.0,0.37
2885.7,0.37
2887.4,0.37
2889.2,0.35
2890.9,0.37
2892.6,0.37
2894.3,0.37
2896.0,0.37
2897.8,0.35
2899.5,0.37
2901.2,0.37
2902.9,0.37
2904.5,0.39
2906.2,0.37
2907.9,0.37
2909.6,0.37
2911.3,0.37
2912.9,0.39
2914.6,0.37
2916.3,0.37
2917.9,0.39
2919.6,0.37
2921.3,0.37
2923.0,0.37
2924.8,0.35
2926.5,0.37
2928.3,0.35
2930.1,0.35
2931.8,0.37
2933.5,0.37
2935.2,0.37
2936.8,0.39
2938.5,0.37
2940.1,0.39
2941.7,0.39
2943.4,0.37
2945.0,0.39
2946.7,0.37
2948.4,0.37
2950.1,0.37
2951.7,0.39
2953.4,0.37
2955.1,0.37
2956.7,0.39
2958.3,0.39
2960.0,0.37
2961.6,0.39
2963.3,0.37
2964.9,0.39
2966.6,0.37
2968.2,0.39
2969.9,0.37
2971.5,0.39
2973.2,0.37
2974.9,0.37
2976.5,0.39
2978.1,0.39
2979.7,0.39
2981.3,0.39
2982.9,0.39
2984.5,0.39
2986.1,0.39
2987.6,0.42
2989.3,0.37
2990.9,0.39
2992.6,0.37
2994.3,0.37
2995.9,0.39
2997.6,0.37
2999.3,0.37
3000.9,0.39
3002.6,0.37
3004.2,0.39
3005.9,0.37
3007.7,0.35
3009.3,0.39
3011.0,0.37
3012.7,0.37
3014.3,0.39
3016.0,0.37
3017.6,0.39
3019.2,0.39
3020.9,0.37
3022.5,0.39
3024.1,0.39
3025.7,0.39
3027.4,0.37
3029.2,0.35
3031.0,0.35
3032.9,0.33
3034.7,0.35
3036.4,0.37
3038.0,0.39
3039.7,0.37
3041.5,0.35
3043.5,0.31
3045.5,0.31
3047.6,0.30
3049.7,0.30
3051.8,0.30
3053.9,0.30
3055.9,0.31
3057.9,0.31
3059.8,0.33
3061.7,0.33
3063.6,0.33
3065.5,0.33
3067.4,0.33
3069.3,0.33
3071.2,0.33
3073.2,0.31
3075.1,0.33
3077.0,0.33
3078.9,0.33
3080.8,0.33
3082.8,0.31
3084.8,0.31
3086.9,0.30
3088.9,0.31
3090.8,0.33
3092.7,0.33
3094.6,0.33
3096.5,0.33
3098.4,0.33
3100.2,0.35
3102.1,0.33
3104.0,0.33
3105.9,0.33
3107.8,0.33
3109.7,0.33
3111.6,0.33
3113.4,0.35
3115.2,0.35
3116.9,0.37
3118.6,0.37
3120.3,0.37
3122.0,0.37
3123.7,0.37
3125.4,0.37
3127.1,0.37
3128.8,0.37
3130.5,0.37
3132.2,0.37
3133.9,0.37
3135.7,0.35
3137.4,0.37
3139.1,0.37
3140.8,0.37
3142.5,0.37
3144.3,0.35
3146.0,0.37
3147.8,0.35
3149.6,0.35
3151.3,0.37
3153.0,0.37
3154.7,0.37
3156.3,0.39
3158.0,0.37
3159.7,0.37
3161.5,0.35
3163.2,0.37
3164.9,0.37
3166.6,0.37
3168.3,0.37
3170.0,0.37
3171.7,0.37
3173.4,0.37
3175.2,0.35
3177.0,0.35
3178.7,0.37
3180.5,0.35
3182.2,0.37
3183.9,0.37
3185.6,0.37
3187.3,0.37
3189.0,0.37
3190.7,0.37
3192.4,0.37
3194.2,0.35
3195.9,0.37
3197.6,0.37
3199.3,0.37
3200.9,0.39
3202.7,0.35
3204.3,0.39
3206.0,0.37
3207.7,0.37
3209.4,0.37
3211.1,0.37
3212.8,0.37
3214.5,0.37
3216.2,0.37
3218.0,0.35
3219.8,0.35
3221.6,0.35
3223.4,0.35
3225.2,0.35
3227.0,0.35
3228.7,0.37
3230.4,0.37
3232.1,0.37
3233.7,0.39
3235.4,0.37
3237.2,0.35
3238.9,0.37
3240.7,0.35
3242.4,0.37
3244.1,0.37
3245.8,0.37
3247.4,0.39
3249.1,0.37
3250.8,0.37
3252.6,0.35
3254.3,0.37
3256.0,0.37
3257.7,0.37
3259.4,0.37
3261.1,0.37
3262.8,0.37
3264.4,0.39
3266.1,0.37
3267.8,0.37
3269.5,0.37
3271.2,0.37
3272.9,0.37
3274.6,0.37
3276.2,0.39
3277.9,0.37
3279.7,0.35
3281.4,0.37
3283.2,0.35
3284.9,0.37
3286.7,0.35
3288.4,0.37
3290.2,0.35
3291.9,0.37
3293.6,0.37
3295.3,0.37
3297.0,0.37
3298.7,0.37
3300.4,0.37
3302.1,0.37
3303.7,0.39
3305.4,0.37
3307.1,0.37
3308.8,0.37
3310.5,0.37
3312.1,0.39
3313.7,0.39
3315.4,0.37
3317.0,0.39
3318.7,0.37
3320.3,0.39
3322.0,0.37
3323.8,0.35
3325.5,0.37
3327.3,0.35
3329.0,0.37
3330.8,0.35
3332.6,0.35
3334.5,0.33
3336.3,0.35
3338.1,0.35
3339.8,0.37
3341.6,0.35
3343.3,0.37
3345.0,0.37
3346.7,0.37
3348.3,0.39
3350.0,0.37
3351.6,0.39
3353.3,0.37
3354.9,0.39
3356.6,0.37
3358.3,0.37
3360.0,0.37
3361.7,0.37
3363.4,0.37
3365.2,0.35
3366.9,0.37
3368.7,0.35
3370.4,0.37
3372.2,0.35
3374.1,0.33
3375.8,0.37
3377.6,0.35
3379.4,0.35
3381.2,0.35
3383.0,0.35
3384.7,0.37
3386.4,0.37
3388.1,0.37
3389.8,0.37
3391.4,0.39
3393.1,0.37
3394.7,0.39
3396.4,0.37
3398.1,0.37
3399.8,0.37
3401.5,0.37
3403.2,0.37
3404.8,0.39
3406.5,0.37
3408.2,0.37
3409.9,0.37
3411.6,0.37
3413.3,0.37
3415.0,0.37
3416.7,0.37
3418.4,0.37
3420.2,0.35
3421.8,0.39
3423.5,0.37
3425.1,0.39
3426.8,0.37
3428.5,0.37
3430.2,0.37
3431.8,0.39
3433.5,0.37
3435.1,0.39
3436.8,0.37
3438.4,0.39
3440.1,0.37
3441.7,0.39
3443.3,0.39
3445.0,0.37
3446.7,0.37
3448.3,0.39
3449.9,0.39
3451.6,0.37
3453.2,0.39
3454.9,0.37
3456.5,0.39
3458.2,0.37
3459.8,0.39
3461.5,0.37
3463.2,0.37
3464.9,0.37
3466.6,0.37
3468.2,0.39
3469.9,0.37
3471.6,0.37
3473.2,0.39
3474.9,0.37
3476.5,0.39
3478.1,0.39
3479.7,0.39
3481.4,0.37
3483.1,0.37
3484.7,0.39
3486.4,0.37
3488.1,0.37
3489.8,0.37
3491.5,0.37
3493.2,0.37
3494.8,0.39
3496.6,0.35
3498.3,0.37
3500.1,0.35
3501.8,0.37
3503.6,0.35
3505.4,0.35
3507.1,0.37
3508.8,0.37
3510.4,0.39
3512.0,0.39
3513.7,0.37
3515.4,0.37
3517.1,0.37
3518.8,0.37
3520.4,0.39
3522.1,0.37
3523.8,0.37
3525.5,0.37
3527.2,0.37
3529.1,0.33
3531.1,0.31
3533.1,0.31
3535.1,0.31
3537.0,0.33
3538.8,0.35
3540.5,0.37
3542.2,0.37
3543.9,0.37
3545.6,0.37
3547.3,0.37
3549.0,0.37
3550.7,0.37
3552.4,0.37
3554.1,0.37
3555.8,0.37
3557.4,0.39
3559.2,0.35
3560.9,0.37
3562.6,0.37
3564.3,0.37
3566.0,0.37
3567.8,0.35
3569.5,0.37
3571.2,0.37
3572.9,0.37
3574.6,0.37
3576.2,0.39
3577.9,0.37
3579.6,0.37
3581.3,0.37
3582.9,0.39
3584.6,0.37
3586.2,0.39
3587.9,0.37
3589.6,0.37
3591.2,0.39
3592.9,0.37
3594.5,0.39
3596.1,0.39
3597.8,0.37
3599.5,0.37
3601.1,0.39
3602.8,0.37
3604.4,0.39
3606.1,0.37
3607.7,0.39
3609.4,0.37
3611.2,0.35
3613.0,0.35
3614.7,0.37
3616.5,0.35
3618.2,0.37
3620.0,0.35
3621.7,0.37
3623.4,0.37
3625.1,0.37
3626.8,0.37
3628.5,0.37
3630.1,0.39
3631.7,0.39
3633.3,0.39
3635.0,0.37
3636.6,0.39
3638.2,0.39
3639.9,0.37
3641.5,0.39
3643.2,0.37
3644.8,0.39
3646.4,0.39
3648.1,0.37
3649.7,0.39
3651.4,0.37
3653.1,0.37
3654.8,0.37
3656.5,0.37
3658.2,0.37
3660.0,0.35
3661.7,0.37
3663.3,0.39
3665.0,0.37
3666.6,0.39
3668.2,0.39
3669.9,0.37
3671.6,0.37
3673.3,0.37
3675.0,0.37
3676.6,0.39
3678.3,0.37
3679.9,0.39
3681.6,0.37
3683.2,0.39
3684.9,0.37
3686.5,0.39
3688.1,0.39
3689.7,0.39
3691.3,0.39
3692.9,0.39
3694.5,0.39
3696.1,0.39
3697.7,0.39
3699.4,0.37
3701.2,0.35
3702.9,0.37
3704.7,0.35
3706.4,0.37
3708.2,0.35
3710.1,0.33
3711.9,0.35
3713.7,0.35
3715.6,0.33
3717.4,0.35
3719.2,0.35
3721.0,0.35
3722.8,0.35
3724.7,0.33
3726.6,0.33
3728.6,0.31
3730.5,0.33
3732.5,0.31
3734.4,0.33
3736.4,0.31
3738.3,0.33
3740.2,0.33
3742.0,0.35
3743.9,0.33
3745.8,0.33
3747.8,0.31
3749.6,0.35
3751.3,0.37
3753.0,0.37
3754.8,0.35
3756.5,0.37
3758.2,0.37
3759.9,0.37
3761.7,0.35
3763.4,0.37
3765.1,0.37
3766.9,0.35
3768.7,0.35
3770.5,0.35
3772.2,0.37
3774.0,0.35
3775.7,0.37
3777.4,0.37
3779.1,0.37
3780.8,0.37
3782.4,0.39
3784.1,0.37
3785.8,0.37
3787.5,0.37
3789.2,0.37
3790.9,0.37
3792.5,0.39
3794.2,0.37
3795.9,0.37
3797.6,0.37
3799.3,0.37
3801.0,0.37
3802.7,0.37
3804.3,0.39
3806.1,0.35
3807.8,0.37
3809.4,0.39
3811.1,0.37
3812.7,0.39
3814.4,0.37
3816.0,0.39
3817.7,0.37
3819.3,0.39
3820.9,0.39
3822.6,0.37
3824.2,0.39
3825.9,0.37
3827.7,0.35
3829.4,0.37
3831.2,0.35
3833.0,0.35
3834.7,0.37
3836.4,0.37
3838.1,0.37
3839.8,0.37
3841.5,0.37
3843.2,0.37
3844.9,0.37
3846.6,0.37
3848.3,0.37
3849.9,0.39
3851.6,0.37
3853.2,0.39
3854.8,0.39
3856.5,0.37
3858.1,0.39
3859.8,0.37
3861.4,0.39
3863.0,0.39
3864.7,0.37
3866.3,0.39
3867.9,0.39
3869.6,0.37
3871.2,0.39
3872.9,0.37
3874.6,0.37
3876.3,0.37
3878.0,0.37
3879.8,0.35
3881.5,0.37
3883.2,0.37
3884.9,0.37
3886.6,0.37
3888.2,0.39
3889.9,0.37
3891.5,0.39
3893.2,0.37
3894.8,0.39
3896.5,0.37
3898.2,0.37
3899.8,0.39
3901.5,0.37
3903.1,0.39
3904.8,0.37
3906.4,0.39
3908.1,0.37
3909.8,0.37
3911.4,0.39
3913.2,0.35
3914.8,0.39
3916.5,0.37
3918.2,0.37
3919.9,0.37
3921.5,0.39
3923.2,0.37
3924.9,0.37
3926.5,0.39
3928.2,0.37
3929.8,0.39
3931.4,0.39
3933.1,0.37
3934.7,0.39
3936.3,0.39
3937.9,0.39
3939.5,0.39
3941.2,0.37
3942.8,0.39
3944.5,0.37
3946.1,0.39
3947.8,0.37
3949.4,0.39
3951.1,0.37
3952.8,0.37
3954.4,0.39
3956.0,0.39
3957.7,0.37
3959.3,0.39
3960.9,0.39
3962.6,0.37
3964.2,0.39
3965.9,0.37
3967.6,0.37
3969.2,0.39
3970.9,0.37
3972.6,0.37
3974.3,0.37
3975.9,0.39
3977.6,0.37
3979.2,0.39
3980.9,0.37
3982.5,0.39
3984.2,0.37
3985.9,0.37
3987.5,0.39
3989.1,0.39
3990.7,0.39
3992.3,0.39
3993.9,0.39
3995.6,0.37
3997.2,0.39
3998.9,0.37
4000.6,0.37
4002.3,0.37
4003.9,0.39
4005.6,0.37
4007.4,0.35
4009.1,0.37
4010.9,0.35
4012.6,0.37
4014.3,0.37
4015.9,0.39
4017.6,0.37
4019.2,0.39
4020.9,0.37
4022.6,0.37
4024.2,0.39
4025.9,0.37
4027.6,0.37
4029.2,0.39
4030.9,0.37
4032.6,0.37
4034.3,0.37
4036.0,0.37
4037.7,0.37
4039.4,0.37
4041.1,0.37
4042.9,0.35
4044.6,0.37
4046.3,0.37
4048.0,0.37
4049.6,0.39
4051.3,0.37
4052.9,0.39
4054.6,0.37
4056.3,0.37
4057.9,0.39
4059.7,0.35
4061.4,0.37
4063.1,0.37
4064.9,0.35
4066.6,0.37
4068.3,0.37
4070.1,0.35
4071.8,0.37
4073.4,0.39
4075.1,0.37
4076.7,0.39
4078.4,0.37
4080.0,0.39
4081.7,0.37
4083.3,0.39
4085.0,0.37
4086.6,0.39
4088.2,0.39
4089.8,0.39
4091.4,0.39
4093.0,0.39
4094.6,0.39
4096.2,0.39
4097.9,0.37
4099.5,0.39
4101.2,0.37
4102.9,0.37
4104.6,0.37
4106.2,0.39
4107.8,0.39
4109.5,0.37
4111.2,0.37
4112.9,0.37
4114.6,0.37
4116.3,0.37
4118.0,0.37
4119.7,0.37
4121.3,0.39
4123.0,0.37
4124.7,0.37
4126.3,0.39
4128.0,0.37
4129.6,0.39
4131.3,0.37
4133.0,0.37
4134.6,0.39
4136.4,0.35
4138.1,0.37
4139.8,0.37
4141.5,0.37
4143.2,0.37
4144.9,0.37
4146.7,0.35
4148.4,0.37
4150.1,0.37
4151.8,0.37
4153.5,0.37
4155.2,0.37
4156.9,0.37
4158.6,0.37
4160.3,0.37
4162.0,0.37
4163.6,0.39
4165.3,0.37
4167.0,0.37
4168.6,0.39
4170.2,0.39
4171.9,0.37
4173.6,0.37
4175.2,0.39
4176.9,0.37
4178.6,0.37
4180.4,0.35
4182.1,0.37
4183.9,0.35
4185.6,0.37
4187.3,0.37
4189.0,0.37
4190.6,0.39
4192.3,0.37
4194.0,0.37
4195.7,0.37
4197.3,0.39
4198.9,0.39
4200.6,0.37
4202.2,0.39
4203.8,0.39
4205.4,0.39
4207.0,0.39
4208.6,0.39
4210.3,0.37
4211.9,0.39
4213.5,0.39
4215.2,0.37
4216.8,0.39
4218.5,0.37
4220.2,0.37
4221.9,0.37
4223.7,0.35
4225.4,0.37
4227.1,0.37
4228.8,0.37
4230.5,0.37
4232.2,0.37
4233.8,0.39
4235.5,0.37
4237.1,0.39
4238.8,0.37
4240.4,0.39
4242.1,0.37
4243.8,0.37
4245.5,0.37
4247.2,0.37
4248.9,0.37
4250.6,0.37
4252.3,0.37
4254.0,0.37
4255.7,0.37
4257.4,0.37
4259.1,0.37
4260.9,0.35
4262.6,0.37
4264.3,0.37
4266.1,0.35
4267.8,0.37
4269.6,0.35
4271.3,0.37
4273.0,0.37
4274.7,0.37
4276.3,0.39
4278.0,0.37
4279.6,0.39
4281.3,0.37
4283.0,0.37
4284.6,0.39
4286.4,0.35
4288.0,0.39
4289.7,0.37
4291.4,0.37
4293.1,0.37
4294.8,0.37
4296.4,0.39
4298.1,0.37
4299.7,0.39
4301.4,0.37
4303.1,0.37
4304.8,0.37
4306.4,0.39
4308.1,0.37
4309.9,0.35
4311.6,0.37
4313.3,0.37
4315.0,0.37
4316.8,0.35
4318.5,0.37
4320.2,0.37
4321.9,0.37
4323.6,0.37
4325.3,0.37
4327.0,0.37
4328.7,0.37
4330.4,0.37
4332.1,0.37
4333.7,0.39
4335.4,0.37
4337.1,0.37
4338.7,0.39
4340.4,0.37
4342.0,0.39
4343.7,0.37
4345.3,0.39
4347.0,0.37
4348.9,0.33
4350.7,0.35
4352.6,0.33
4354.5,0.33
4356.4,0.33
4358.4,0.31
4360.3,0.33
4362.4,0.30
4364.5,0.30
4366.5,0.31
4368.4,0.33
4370.3,0.33
4372.2,0.33
4374.0,0.35
4375.9,0.33
4377.8,0.33
4379.6,0.35
4381.5,0.33
4383.4,0.33
4385.2,0.35
4387.1,0.33
4389.0,0.33
4390.9,0.33
4392.7,0.35
4394.5,0.35
4396.3,0.35
4398.1,0.35
4399.9,0.35
4401.7,0.35
4403.5,0.35
4405.3,0.35
4407.0,0.37
4408.8,0.35
4410.6,0.35
4412.4,0.35
4414.3,0.33
4416.1,0.35
4417.9,0.35
4419.7,0.35
4421.5,0.35
4423.3,0.35
4425.1,0.35
4426.9,0.35
4428.6,0.37
4430.4,0.35
4432.2,0.35
4434.1,0.33
4436.1,0.31
4438.0,0.33
4439.9,0.33
4441.8,0.33
4443.6,0.35
4445.5,0.33
4447.3,0.35
4449.1,0.35
4450.9,0.35
4452.8,0.33
4454.7,0.33
4456.6,0.33
4458.5,0.33
4460.4,0.33
4462.2,0.35
4464.1,0.33
4465.9,0.35
4467.8,0.33
4469.7,0.33
4471.5,0.35
4473.2,0.37
4474.9,0.37
4476.7,0.35
4478.4,0.37
4480.1,0.37
4481.9,0.35
4483.6,0.37
4485.3,0.37
4487.0,0.37
4488.7,0.37
4490.4,0.37
4492.1,0.37
4493.9,0.35
4495.6,0.37
4497.4,0.35
4499.1,0.37
4500.9,0.35
4502.6,0.37
4504.3,0.37
4506.0,0.37
4507.7,0.37
4509.3,0.39
4511.0,0.37
4512.6,0.39
4514.3,0.37
4515.9,0.39
4517.5,0.39
4519.2,0.37
4520.9,0.37
4522.6,0.37
4524.3,0.37
4526.0,0.37
4527.6,0.39
4529.3,0.37
4531.0,0.37
4532.7,0.37
4534.4,0.37
4536.1,0.37
4537.8,0.37
4539.5,0.37
4541.1,0.39
4542.8,0.37
4544.5,0.37
4546.2,0.37
4547.9,0.37
4549.5,0.39
4551.2,0.37
4552.8,0.39
4554.5,0.37
4556.3,0.35
4558.0,0.37
4559.7,0.37
4561.4,0.37
4563.2,0.35
4564.9,0.37
4566.6,0.37
4568.4,0.35
4570.1,0.37
4571.8,0.37
4573.5,0.37
4575.2,0.37
4577.0,0.35
4578.7,0.37
4580.4,0.37
4582.2,0.35
4583.9,0.37
4585.6,0.37
4587.4,0.35
4589.1,0.37
4590.7,0.39
4592.4,0.37
4594.0,0.39
4595.7,0.37
4597.5,0.35
4599.3,0.35
4601.1,0.35
4602.8,0.37
4604.5,0.37
4606.3,0.35
4608.0,0.37
4609.7,0.37
4611.4,0.37
4613.1,0.37
4614.8,0.37
4616.4,0.39
4618.1,0.37
4619.9,0.35
4621.5,0.39
4623.2,0.37
4624.9,0.37
4626.5,0.39
4628.1,0.39
4629.8,0.37
4631.4,0.39
4633.0,0.39
4634.6,0.39
4636.3,0.37
4637.9,0.39
4639.6,0.37
4641.2,0.39
4642.9,0.37
4644.5,0.39
4646.1,0.39
4647.8,0.37
4649.5,0.37
4651.1,0.39
4652.8,0.37
4654.4,0.39
4656.1,0.37
4657.7,0.39
4659.4,0.37
4661.0,0.39
4662.6,0.39
4664.2,0.39
4665.9,0.37
4667.5,0.39
4669.1,0.39
4670.8,0.37
4672.4,0.39
4674.1,0.37
4675.7,0.39
4677.3,0.39
4678.9,0.39
4680.5,0.39
4682.2,0.37
4683.8,0.39
4685.5,0.37
4687.1,0.39
4688.8,0.37
4690.5,0.37
4692.1,0.39
4693.8,0.37
4695.6,0.35
4697.3,0.37
4698.9,0.39
4700.7,0.35
4702.4,0.37
4704.1,0.37
4705.9,0.35
4707.7,0.35
4709.5,0.35
4711.2,0.37
4712.9,0.37
4714.6,0.37
4716.2,0.39
4717.8,0.39
4719.5,0.37
4721.1,0.39
4722.7,0.39
4724.4,0.37
4726.0,0.39
4727.7,0.37
4729.4,0.37
4731.1,0.37
4732.7,0.39
4734.3,0.39
4736.0,0.37
4737.6,0.39
4739.2,0.39
4740.9,0.37
4742.5,0.39
4744.1,0.39
4745.9,0.35
4747.6,0.37
4749.2,0.39
4750.9,0.37
4752.7,0.35
4754.5,0.35
4756.3,0.35
4758.0,0.37
4759.7,0.37
4761.4,0.37
4763.1,0.37
4764.8,0.37
4766.5,0.37
4768.2,0.37
4769.9,0.37
4771.7,0.35
4773.4,0.37
4775.2,0.35
4776.9,0.37
4778.6,0.37
4780.4,0.35
4782.1,0.37
4783.9,0.35
4785.7,0.35
4787.4,0.37
4789.1,0.37
4790.9,0.35
4792.5,0.39
4794.2,0.37
4795.9,0.37
4797.6,0.37
4799.2,0.39
4800.9,0.37
4802.6,0.37
4804.2,0.39
4805.9,0.37
4807.6,0.37
4809.2,0.39
4810.9,0.37
4812.7,0.35
4814.4,0.37
4816.1,0.37
4817.8,0.37
4819.4,0.39
4821.1,0.37
4822.8,0.37
4824.5,0.37
4826.1,0.39
4827.8,0.37
4829.4,0.39
4831.1,0.37
4832.7,0.39
4834.4,0.37
4836.0,0.39
4837.6,0.39
4839.3,0.37
4841.0,0.37
4842.7,0.37
4844.3,0.39
4846.0,0.37
4847.6,0.39
4849.3,0.37
4851.0,0.37
4852.7,0.37
4854.4,0.37
4856.1,0.37
4857.8,0.37
4859.5,0.37
4861.2,0.37
4862.9,0.37
4864.5,0.39
4866.2,0.37
4867.9,0.37
4869.6,0.37
4871.4,0.35
4873.1,0.37
4874.8,0.37
4876.5,0.37
4878.2,0.37
4879.9,0.37
4881.7,0.35
4883.4,0.37
4885.1,0.37
4886.8,0.37
4888.4,0.39
4890.0,0.39
4891.7,0.37
4893.4,0.37
4895.1,0.37
4896.8,0.37
4898.4,0.39
4900.1,0.37
4901.7,0.39
4903.4,0.37
4905.1,0.37
4906.8,0.37
4908.4,0.39
4910.1,0.37
4911.7,0.39
4913.4,0.37
4915.0,0.39
4916.7,0.37
4918.4,0.37
4920.1,0.37
4921.8,0.37
4923.5,0.37
4925.1,0.39
4926.8,0.37
4928.4,0.39
4930.0,0.39
4931.7,0.37
4933.3,0.39
4935.0,0.37
4936.6,0.39
4938.3,0.37
4940.0,0.37
4941.6,0.39
4943.3,0.37
4945.0,0.37
4946.7,0.37
4948.4,0.37
4950.1,0.37
4951.7,0.39
4953.4,0.37
4955.0,0.39
4956.7,0.37
4958.3,0.39
4959.9,0.39
4961.6,0.37
4963.2,0.39
4964.8,0.39
4966.5,0.37
4968.2,0.37
4969.8,0.39
4971.5,0.37
4973.2,0.37
4974.9,0.37
4976.5,0.39
4978.2,0.37
4979.9,0.37
4981.6,0.37
4983.2,0.39
4984.9,0.37
4986.6,0.37
4988.3,0.37
4990.0,0.37
4991.7,0.37
4993.3,0.39
4995.0,0.37
4996.6,0.39
4998.3,0.37
4999.9,0.39
5001.6,0.37
5003.2,0.39
5004.8,0.39
5006.4,0.39
5008.0,0.39
5009.6,0.39
5011.2,0.39
5012.8,0.39
5014.4,0.39
5016.0,0.39
5017.7,0.37
5019.3,0.39
5020.9,0.39
5022.5,0.39
5024.1,0.39
5025.7,0.39
5027.2,0.42
5028.8,0.39
5030.4,0.39
5032.0,0.39
5033.6,0.39
5035.3,0.37
5036.9,0.39
5038.5,0.39
5040.2,0.37
5041.8,0.39
5043.4,0.39
5044.9,0.42
5046.4,0.42
5048.0,0.39
5049.6,0.39
5051.4,0.35
5053.3,0.33
5055.2,0.33
5057.1,0.33
5059.1,0.31
5061.0,0.33
5062.9,0.33
5064.9,0.31
5066.7,0.35
5068.6,0.33
5070.5,0.33
5072.4,0.33
5074.2,0.35
5075.9,0.37
5077.8,0.33
5079.5,0.37
5081.3,0.35
5083.0,0.37
5084.8,0.35
5086.5,0.37
5088.2,0.37
5090.0,0.35
5091.7,0.37
5093.5,0.35
5095.3,0.35
5097.2,0.33
5099.1,0.33
5100.9,0.35
5102.8,0.33
5104.6,0.35
5106.4,0.35
5108.2,0.35
5110.0,0.35
5111.8,0.35
5113.6,0.35
5115.5,0.33
5117.3,0.35
5119.2,0.33
5121.0,0.35
5122.8,0.35
5124.6,0.35
5126.4,0.35
5128.2,0.35
5130.1,0.33
5131.9,0.35
5133.7,0.35
5135.5,0.35
5137.3,0.35
5139.1,0.35
5140.8,0.37
5142.6,0.35
5144.6,0.31
5146.5,0.33
5148.5,0.31
5150.4,0.33
5152.2,0.35
5154.1,0.33
5155.8,0.37
5157.6,0.35
5159.2,0.39
5160.9,0.37
5162.5,0.39
5164.2,0.37
5165.8,0.39
5167.5,0.37
5169.1,0.39
5170.8,0.37
5172.4,0.39
5174.1,0.37
5175.8,0.37
5177.4,0.39
5179.1,0.37
5180.9,0.35
5182.6,0.37
5184.2,0.39
5185.9,0.37
5187.5,0.39
5189.1,0.39
5190.8,0.37
5192.4,0.39
5194.1,0.37
5195.8,0.37
5197.5,0.37
5199.2,0.37
5200.9,0.37
5202.6,0.37
5204.3,0.37
5206.0,0.37
5207.6,0.39
5209.3,0.37
5210.9,0.39
5212.5,0.39
5214.1,0.39
5215.7,0.39
5217.3,0.39
5218.9,0.39
5220.6,0.37
5222.2,0.39
5223.9,0.37
5225.5,0.39
5227.1,0.39
5228.8,0.37
5230.4,0.39
5232.1,0.37
5233.8,0.37
5235.5,0.37
5237.2,0.37
5238.9,0.37
5240.6,0.37
5242.4,0.35
5244.1,0.37
5245.7,0.39
5247.4,0.37
5249.1,0.37
5250.7,0.39
5252.4,0.37
5254.1,0.37
5255.8,0.37
5257.4,0.39
5259.0,0.39
5260.7,0.37
5262.4,0.37
5264.1,0.37
5265.8,0.37
5267.4,0.39
5269.1,0.37
5270.8,0.37
5272.4,0.39
5274.1,0.37
5275.8,0.37
5277.4,0.39
5279.1,0.37
5280.8,0.37
5282.4,0.39
5284.1,0.37
5285.7,0.39
5287.4,0.37
5289.1,0.37
5290.7,0.39
5292.4,0.37
5294.0,0.39
5295.7,0.37
5297.3,0.39
5299.0,0.37
5300.7,0.37
5302.4,0.37
5304.0,0.39
5305.7,0.37
5307.4,0.37
5309.1,0.37
5310.7,0.39
5312.4,0.37
5314.0,0.39
5315.7,0.37
5317.4,0.37
5319.1,0.37
5320.8,0.37
5322.4,0.39
5324.0,0.39
5325.7,0.37
5327.4,0.37
5329.1,0.37
5330.7,0.39
5332.4,0.37
5334.1,0.37
5335.8,0.37
5337.5,0.37
5339.2,0.37
5341.2,0.31
5343.2,0.31
5345.3,0.30
5347.3,0.31
5349.3,0.31
5351.2,0.33
5353.0,0.35
5354.8,0.35
5356.6,0.35
5358.4,0.35
5360.1,0.37
5361.8,0.37
5363.5,0.37
5365.3,0.35
5367.1,0.35
5368.9,0.35
5370.7,0.35
5372.5,0.35
5374.3,0.35
5376.1,0.35
5378.0,0.33
5379.9,0.33
5381.8,0.33
5383.6,0.35
5385.4,0.35
5387.1,0.37
5389.0,0.33
5390.8,0.35
5392.6,0.35
5394.5,0.33
5396.5,0.31
0.0,0.00
