25.2,0.37
26.8,0.39
28.3,0.42
29.8,0.42
31.3,0.42
32.8,0.42
34.0,0.52
36.0,0.39
37.5,0.42
39.0,0.42
40.6,0.39
42.1,0.42
43.7,0.39
45.2,0.42
46.7,0.42
48.2,0.42
49.7,0.42
51.1,0.45
52.6,0.42
54.0,0.45
55.5,0.42
56.9,0.45
58.4,0.42
59.9,0.42
61.3,0.45
62.8,0.42
64.2,0.45
65.8,0.39
67.3,0.42
68.8,0.42
70.2,0.45
71.8,0.39
73.3,0.42
74.9,0.39
76.4,0.42
78.0,0.39
79.6,0.39
81.1,0.42
82.7,0.39
84.2,0.42
85.6,0.45
87.0,0.45
88.4,0.45
89.8,0.45
91.2,0.45
92.6,0.45
94.0,0.45
95.4,0.45
96.7,0.48
98.1,0.45
99.4,0.48
100.6,0.52
101.9,0.48
103.2,0.48
104.4,0.52
105.7,0.48
106.9,0.52
108.2,0.48
109.4,0.52
110.6,0.52
111.9,0.48
113.1,0.52
114.3,0.52
115.5,0.52
116.7,0.52
117.9,0.52
119.1,0.52
120.3,0.52
121.5,0.52
122.8,0.48
124.0,0.52
125.2,0.52
126.3,0.57
127.5,0.52
128.7,0.52
129.9,0.52
131.0,0.57
132.2,0.52
133.4,0.52
134.6,0.52
135.7,0.57
136.9,0.52
138.0,0.57
139.2,0.52
140.3,0.57
141.5,0.52
142.7,0.52
143.9,0.52
145.1,0.52
146.3,0.52
147.5,0.52
148.7,0.52
149.9,0.52
151.0,0.57
152.2,0.52
153.4,0.52
154.6,0.52
155.8,0.52
157.1,0.48
158.2,0.57
159.4,0.52
160.7,0.48
161.9,0.52
163.1,0.52
164.3,0.52
165.4,0.57
166.6,0.52
167.8,0.52
169.0,0.52
170.2,0.52
171.4,0.52
172.6,0.52
173.8,0.52
175.0,0.52
176.2,0.52
177.4,0.52
178.6,0.52
179.8,0.52
181.0,0.52
182.2,0.52
183.3,0.57
184.5,0.52
185.7,0.52
186.9,0.52
188.1,0.52
189.2,0.57
190.4,0.52
191.6,0.52
192.9,0.48
194.1,0.52
195.3,0.52
196.5,0.52
197.7,0.52
198.9,0.52
200.2,0.48
201.3,0.57
202.5,0.52
203.7,0.52
204.9,0.52
206.1,0.52
207.3,0.52
208.5,0.52
209.7,0.52
211.0,0.48
212.2,0.52
213.4,0.52
214.6,0.52
215.8,0.52
217.0,0.52
218.2,0.52
219.4,0.52
220.6,0.52
221.9,0.48
223.1,0.52
224.3,0.52
225.5,0.52
226.7,0.52
227.9,0.52
229.1,0.52
230.3,0.52
231.5,0.52
232.7,0.52
233.9,0.52
235.1,0.52
236.3,0.52
237.5,0.52
238.7,0.52
239.9,0.52
241.1,0.52
242.3,0.52
243.6,0.48
244.8,0.52
246.0,0.52
247.2,0.52
248.4,0.52
249.6,0.52
250.8,0.52
252.1,0.48
253.2,0.57
254.4,0.52
255.6,0.52
256.8,0.52
258.0,0.52
259.2,0.52
260.4,0.52
261.6,0.52
262.8,0.52
264.0,0.52
265.2,0.52
266.4,0.52
267.6,0.52
268.8,0.52
270.0,0.52
271.2,0.52
272.4,0.52
273.6,0.52
274.8,0.52
275.9,0.57
277.1,0.52
278.4,0.48
279.6,0.52
280.8,0.52
281.9,0.57
283.1,0.52
284.4,0.48
285.6,0.52
286.8,0.52
288.1,0.48
289.3,0.52
290.5,0.52
291.7,0.52
292.9,0.52
294.2,0.48
295.4,0.52
296.6,0.52
297.8,0.52
299.0,0.52
300.2,0.52
301.4,0.52
302.6,0.52
303.8,0.52
305.0,0.52
306.2,0.52
307.4,0.52
308.6,0.52
309.9,0.48
311.1,0.52
312.3,0.52
313.6,0.48
314.8,0.52
316.0,0.52
317.2,0.52
318.4,0.52
319.6,0.52
320.8,0.52
322.0,0.52
323.3,0.48
324.5,0.52
325.7,0.52
326.9,0.52
328.1,0.52
329.4,0.48
330.6,0.52
331.8,0.52
333.0,0.52
334.2,0.52
335.5,0.48
336.7,0.52
337.9,0.52
339.1,0.52
340.4,0.48
341.6,0.52
342.8,0.52
344.0,0.52
345.2,0.52
346.4,0.52
347.6,0.52
348.9,0.48
350.1,0.52
351.2,0.57
352.5,0.48
353.7,0.52
354.9,0.52
356.1,0.52
357.4,0.48
358.6,0.52
359.8,0.52
361.0,0.52
362.3,0.48
363.5,0.52
364.8,0.48
366.0,0.52
367.2,0.52
368.4,0.52
369.6,0.52
370.9,0.48
372.1,0.52
373.2,0.57
374.5,0.48
375.7,0.52
377.0,0.48
378.2,0.52
379.5,0.48
380.7,0.52
381.9,0.52
383.1,0.52
384.4,0.48
385.6,0.52
386.9,0.48
388.1,0.52
389.5,0.45
390.8,0.48
392.3,0.42
393.8,0.42
395.3,0.42
396.8,0.42
398.3,0.42
399.8,0.42
401.2,0.45
402.6,0.45
403.9,0.48
405.3,0.45
406.7,0.45
408.1,0.45
409.4,0.48
410.7,0.48
412.1,0.45
413.5,0.45
414.9,0.45
416.3,0.45
417.8,0.42
419.3,0.42
420.8,0.42
422.3,0.42
423.7,0.45
425.1,0.45
426.4,0.48
427.8,0.45
429.1,0.48
430.4,0.48
431.8,0.45
433.2,0.45
434.6,0.45
436.0,0.45
437.4,0.45
438.8,0.45
440.2,0.45
441.6,0.45
443.1,0.42
444.6,0.42
446.2,0.39
448.0,0.35
449.8,0.35
451.5,0.37
453.3,0.35
455.0,0.37
456.7,0.37
458.3,0.39
459.8,0.42
461.4,0.39
462.8,0.45
464.3,0.42
465.8,0.42
467.2,0.45
468.6,0.45
470.0,0.45
471.4,0.45
472.8,0.45
474.1,0.48
475.5,0.45
476.8,0.48
478.1,0.48
479.4,0.48
480.8,0.45
482.1,0.48
483.3,0.52
484.6,0.48
485.9,0.48
487.2,0.48
488.5,0.48
489.9,0.45
491.2,0.48
492.5,0.48
493.7,0.52
495.0,0.48
496.3,0.48
497.6,0.48
499.0,0.45
500.4,0.45
501.7,0.48
503.1,0.45
504.4,0.48
505.7,0.48
507.0,0.48
508.4,0.45
509.7,0.48
511.1,0.45
512.5,0.45
513.9,0.45
515.2,0.48
516.6,0.45
518.0,0.45
519.3,0.48
520.7,0.45
522.1,0.45
523.5,0.45
524.9,0.45
526.3,0.45
527.7,0.45
529.1,0.45
530.6,0.42
532.0,0.45
533.4,0.45
534.8,0.45
536.2,0.45
537.6,0.45
539.0,0.45
540.4,0.45
541.7,0.48
543.1,0.45
544.5,0.45
545.8,0.48
547.2,0.45
548.5,0.48
549.9,0.45
551.3,0.45
552.6,0.48
554.0,0.45
555.3,0.48
556.7,0.45
558.0,0.48
559.4,0.45
560.7,0.48
562.1,0.45
563.5,0.45
564.9,0.45
566.2,0.48
567.6,0.45
569.0,0.45
570.3,0.48
571.7,0.45
573.0,0.48
574.4,0.45
575.8,0.45
577.1,0.48
578.5,0.45
579.8,0.48
581.2,0.45
582.5,0.48
583.9,0.45
585.3,0.45
586.6,0.48
588.0,0.45
589.4,0.45
590.8,0.45
592.1,0.48
593.5,0.45
594.9,0.45
596.3,0.45
597.7,0.45
599.1,0.45
600.5,0.45
602.0,0.42
603.4,0.45
604.8,0.45
606.3,0.42
607.7,0.45
609.2,0.42
610.6,0.45
612.0,0.45
613.5,0.42
614.9,0.45
616.3,0.45
617.8,0.42
619.2,0.45
620.6,0.45
622.1,0.42
623.5,0.45
624.9,0.45
626.3,0.45
627.7,0.45
629.1,0.45
630.6,0.42
632.0,0.45
633.4,0.45
634.9,0.42
636.3,0.45
637.7,0.45
639.1,0.45
640.6,0.42
642.0,0.45
643.4,0.45
644.8,0.45
646.2,0.45
647.6,0.45
649.0,0.45
650.5,0.42
651.9,0.45
653.4,0.42
654.8,0.45
656.2,0.45
657.6,0.45
659.0,0.45
660.4,0.45
661.8,0.45
663.1,0.48
664.5,0.45
665.9,0.45
667.2,0.48
668.6,0.45
670.0,0.45
671.4,0.45
672.8,0.45
674.1,0.48
675.5,0.45
676.9,0.45
678.3,0.45
679.7,0.45
681.1,0.45
682.5,0.45
683.9,0.45
685.3,0.45
686.7,0.45
688.1,0.45
689.6,0.42
691.0,0.45
692.4,0.45
693.8,0.45
695.2,0.45
696.6,0.45
698.0,0.45
699.4,0.45
700.8,0.45
702.2,0.45
703.6,0.45
705.1,0.42
706.5,0.45
707.9,0.45
709.3,0.45
710.7,0.45
712.2,0.42
713.6,0.45
715.1,0.42
716.5,0.45
717.9,0.45
719.2,0.48
720.6,0.45
722.0,0.45
723.4,0.45
724.7,0.48
726.1,0.45
727.5,0.45
728.8,0.48
730.2,0.45
731.5,0.48
732.9,0.45
734.3,0.45
735.7,0.45
737.0,0.48
738.5,0.42
739.9,0.45
741.3,0.45
742.8,0.42
744.2,0.45
745.7,0.42
747.1,0.45
748.6,0.42
750.0,0.45
751.4,0.45
752.9,0.42
754.3,0.45
755.8,0.42
757.3,0.42
758.7,0.45
760.2,0.42
761.6,0.45
763.0,0.45
764.4,0.45
765.8,0.45
767.2,0.45
768.6,0.45
770.0,0.45
771.4,0.45
772.8,0.45
774.3,0.42
775.7,0.45
777.2,0.42
778.8,0.39
780.3,0.42
781.8,0.42
783.2,0.45
784.8,0.39
786.4,0.39
788.0,0.39
789.6,0.39
791.3,0.37
792.9,0.39
794.6,0.37
796.4,0.35
798.1,0.37
799.8,0.37
801.4,0.39
803.0,0.39
804.5,0.42
806.0,0.42
807.5,0.42
809.0,0.42
810.5,0.42
812.1,0.39
813.7,0.39
815.4,0.37
817.1,0.37
818.8,0.37
820.5,0.37
822.1,0.39
823.7,0.39
825.4,0.37
827.0,0.39
828.8,0.35
830.5,0.37
832.3,0.35
834.2,0.33
836.0,0.35
837.8,0.35
839.6,0.35
841.5,0.33
843.4,0.33
845.3,0.33
847.1,0.35
848.8,0.37
850.5,0.37
852.1,0.39
853.7,0.39
855.2,0.42
856.7,0.42
858.1,0.45
859.6,0.42
861.0,0.45
862.4,0.45
863.7,0.48
865.1,0.45
866.5,0.45
867.8,0.48
869.2,0.45
870.6,0.45
872.0,0.45
873.4,0.45
874.8,0.45
876.2,0.45
877.6,0.45
879.0,0.45
880.4,0.45
881.8,0.45
883.2,0.45
884.6,0.45
886.0,0.45
887.4,0.45
888.8,0.45
890.2,0.45
891.6,0.45
893.0,0.45
894.5,0.42
895.9,0.45
897.4,0.42
898.9,0.42
900.4,0.42
901.9,0.42
903.4,0.42
904.8,0.45
906.3,0.42
907.8,0.42
909.2,0.45
910.7,0.42
912.1,0.45
913.5,0.45
914.9,0.45
916.3,0.45
917.7,0.45
919.1,0.45
920.5,0.45
922.0,0.42
923.4,0.45
924.9,0.42
926.3,0.45
927.8,0.42
929.2,0.45
930.7,0.42
932.1,0.45
933.6,0.42
935.0,0.45
936.5,0.42
937.9,0.45
939.3,0.45
940.7,0.45
942.1,0.45
943.5,0.45
944.9,0.45
946.3,0.45
947.8,0.42
949.2,0.45
950.6,0.45
952.0,0.45
953.4,0.45
954.9,0.42
956.3,0.45
957.7,0.45
959.1,0.45
960.5,0.45
962.0,0.42
963.4,0.45
964.9,0.42
966.3,0.45
967.7,0.45
969.2,0.42
970.6,0.45
972.0,0.45
973.4,0.45
974.8,0.45
976.2,0.45
977.6,0.45
979.0,0.45
980.4,0.45
981.8,0.45
983.2,0.45
984.6,0.45
986.0,0.45
987.5,0.42
988.9,0.45
990.4,0.42
991.8,0.45
993.3,0.42
994.8,0.42
996.2,0.45
997.7,0.42
999.1,0.45
1000.6,0.42
1002.0,0.45
1003.5,0.42
1004.9,0.45
1006.4,0.42
1007.9,0.42
1009.4,0.42
1010.9,0.42
1012.3,0.45
1013.8,0.42
1015.3,0.42
1016.8,0.42
1018.3,0.42
1019.8,0.42
1021.2,0.45
1022.8,0.39
1024.3,0.42
1025.8,0.42
1027.3,0.42
1028.7,0.45
1030.2,0.42
1031.6,0.45
1033.1,0.42
1034.5,0.45
1035.9,0.45
1037.3,0.45
1038.8,0.42
1040.2,0.45
1041.6,0.45
1043.1,0.42
1044.5,0.45
1046.0,0.42
1047.4,0.45
1048.8,0.45
1050.2,0.45
1051.7,0.42
1053.0,0.48
1054.5,0.42
1055.9,0.45
1057.3,0.45
1058.8,0.42
1060.2,0.45
1061.6,0.45
1063.1,0.42
1064.6,0.42
1066.0,0.45
1067.5,0.42
1069.0,0.42
1070.5,0.42
1072.0,0.42
1073.4,0.45
1074.8,0.45
1076.2,0.45
1077.7,0.42
1079.1,0.45
1080.5,0.45
1081.9,0.45
1083.3,0.45
1084.7,0.45
1086.2,0.42
1087.5,0.48
1088.9,0.45
1090.3,0.45
1091.7,0.45
1093.1,0.45
1094.5,0.45
1095.9,0.45
1097.3,0.45
1098.8,0.42
1100.2,0.45
1101.7,0.42
1103.1,0.45
1104.5,0.45
1106.0,0.42
1107.4,0.45
1108.9,0.42
1110.4,0.42
1111.9,0.42
1113.4,0.42
1114.9,0.42
1116.4,0.42
1117.9,0.42
1119.4,0.42
1120.9,0.42
1122.4,0.42
1123.9,0.42
1125.5,0.39
1127.0,0.42
1128.5,0.42
1130.1,0.39
1131.5,0.45
1133.0,0.42
1134.6,0.39
1136.1,0.42
1137.7,0.39
1139.3,0.39
1140.9,0.39
1142.4,0.42
1143.9,0.42
1145.4,0.42
1146.9,0.42
1148.4,0.42
1149.9,0.42
1151.3,0.45
1152.8,0.42
1154.2,0.45
1155.7,0.42
1157.1,0.45
1158.5,0.45
1160.0,0.42
1161.4,0.45
1162.9,0.42
1164.4,0.42
1165.9,0.42
1167.4,0.42
1168.9,0.42
1170.5,0.39
1172.0,0.42
1173.7,0.37
1175.3,0.39
1176.9,0.39
1178.4,0.42
1180.0,0.39
1181.5,0.42
1182.9,0.45
1184.4,0.42
1186.0,0.39
1187.5,0.42
1189.1,0.39
1190.7,0.39
1192.3,0.39
1193.9,0.39
1195.5,0.39
1197.2,0.37
1198.8,0.39
1200.4,0.39
1202.0,0.39
1203.5,0.42
1205.1,0.39
1206.6,0.42
1208.2,0.39
1209.8,0.39
1211.3,0.42
1212.8,0.42
1214.3,0.42
1215.7,0.45
1217.2,0.42
1218.7,0.42
1220.3,0.39
1222.0,0.37
1223.7,0.37
1225.4,0.37
1227.0,0.39
1228.6,0.39
1230.2,0.39
1231.8,0.39
1233.5,0.37
1235.1,0.39
1236.7,0.39
1238.3,0.39
1239.9,0.39
1241.5,0.39
1243.1,0.39
1244.8,0.37
1246.5,0.37
1248.2,0.37
1249.8,0.39
1251.3,0.42
1252.8,0.42
1254.2,0.45
1255.7,0.42
1257.1,0.45
1258.5,0.45
1260.0,0.42
1261.5,0.42
1263.0,0.42
1264.6,0.39
1266.1,0.42
1267.6,0.42
1269.2,0.39
1270.8,0.39
1272.3,0.42
1274.0,0.37
1275.5,0.42
1277.0,0.42
1278.5,0.42
1280.0,0.42
1281.6,0.39
1283.1,0.42
1284.7,0.39
1286.3,0.39
1287.8,0.42
1289.4,0.39
1291.0,0.39
1292.6,0.39
1294.2,0.39
1295.8,0.39
1297.4,0.39
1299.0,0.39
1300.7,0.37
1302.3,0.39
1304.0,0.37
1305.9,0.33
1307.6,0.37
1309.4,0.35
1311.1,0.37
1312.7,0.39
1314.2,0.42
1315.8,0.39
1317.2,0.45
1318.7,0.42
1320.1,0.45
1321.6,0.42
1323.0,0.45
1324.5,0.42
1325.9,0.45
1327.4,0.42
1328.8,0.45
1330.3,0.42
1331.7,0.45
1333.1,0.45
1334.5,0.45
1335.9,0.45
1337.3,0.45
1338.8,0.42
1340.2,0.45
1341.7,0.42
1343.2,0.42
1344.7,0.42
1346.2,0.42
1347.7,0.42
1349.2,0.42
1350.7,0.42
1352.2,0.42
1353.7,0.42
1355.1,0.45
1356.6,0.42
1358.0,0.45
1359.4,0.45
1360.8,0.45
1362.2,0.45
1363.6,0.45
1365.0,0.45
1366.4,0.45
1367.7,0.48
1369.1,0.45
1370.5,0.45
1371.8,0.48
1373.2,0.45
1374.6,0.45
1376.0,0.45
1377.4,0.45
1378.8,0.45
1380.2,0.45
1381.7,0.42
1383.1,0.45
1384.5,0.45
1386.0,0.42
1387.4,0.45
1388.8,0.45
1390.2,0.45
1391.7,0.42
1393.1,0.45
1394.4,0.48
1395.8,0.45
1397.2,0.45
1398.6,0.45
1400.0,0.45
1401.5,0.42
1402.9,0.45
1404.4,0.42
1405.8,0.45
1407.2,0.45
1408.6,0.45
1410.0,0.45
1411.4,0.45
1412.8,0.45
1414.2,0.45
1415.7,0.42
1417.1,0.45
1418.5,0.45
1420.0,0.42
1421.4,0.45
1422.9,0.42
1424.3,0.45
1425.8,0.42
1427.1,0.48
1428.5,0.45
1429.9,0.45
1431.3,0.45
1432.7,0.45
1434.0,0.48
1435.4,0.45
1436.8,0.45
1438.2,0.45
1439.5,0.48
1440.9,0.45
1442.3,0.45
1443.7,0.45
1445.0,0.48
1446.5,0.42
1447.9,0.45
1449.4,0.42
1450.8,0.45
1452.3,0.42
1453.8,0.42
1455.2,0.45
1456.6,0.45
1458.0,0.45
1459.5,0.42
1460.9,0.45
1462.4,0.42
1463.8,0.45
1465.2,0.45
1466.7,0.42
1468.1,0.45
1469.5,0.45
1470.8,0.48
1472.2,0.45
1473.6,0.45
1475.0,0.45
1476.5,0.42
1477.9,0.45
1479.3,0.45
1480.8,0.42
1482.2,0.45
1483.5,0.48
1484.9,0.45
1486.3,0.45
1487.8,0.42
1489.2,0.45
1490.7,0.42
1492.1,0.45
1493.6,0.42
1495.1,0.42
1496.6,0.42
1498.1,0.42
1499.5,0.45
1501.0,0.42
1502.5,0.42
1503.9,0.45
1505.3,0.45
1506.8,0.42
1508.2,0.45
1509.6,0.45
1511.1,0.42
1512.5,0.45
1513.9,0.45
1515.3,0.45
1516.8,0.42
1518.3,0.42
1519.7,0.45
1521.2,0.42
1522.7,0.42
1524.2,0.42
1525.7,0.42
1527.2,0.42
1528.6,0.45
1530.0,0.45
1531.5,0.42
1532.9,0.45
1534.3,0.45
1535.8,0.42
1537.2,0.45
1538.7,0.42
1540.1,0.45
1541.5,0.45
1543.0,0.42
1544.4,0.45
1545.8,0.45
1547.1,0.48
1548.5,0.45
1550.0,0.42
1551.4,0.45
1552.8,0.45
1554.3,0.42
1555.8,0.42
1557.3,0.42
1558.8,0.42
1560.2,0.45
1561.7,0.42
1563.2,0.42
1564.7,0.42
1566.1,0.45
1567.6,0.42
1569.1,0.42
1570.5,0.45
1572.0,0.42
1573.4,0.45
1574.8,0.45
1576.3,0.42
1577.7,0.45
1579.2,0.42
1580.8,0.39
1582.3,0.42
1583.8,0.42
1585.3,0.42
1586.7,0.45
1588.1,0.45
1589.6,0.42
1591.0,0.45
1592.4,0.45
1593.8,0.45
1595.2,0.45
1596.7,0.42
1598.0,0.48
1599.4,0.45
1600.8,0.45
1602.2,0.45
1603.6,0.45
1605.0,0.45
1606.5,0.42
1607.9,0.45
1609.3,0.45
1610.7,0.45
1612.2,0.42
1613.6,0.45
1615.1,0.42
1616.6,0.42
1618.2,0.39
1619.7,0.42
1621.2,0.42
1622.8,0.39
1624.3,0.42
1625.8,0.42
1627.2,0.45
1628.7,0.42
1630.1,0.45
1631.5,0.45
1632.9,0.45
1634.3,0.45
1635.8,0.42
1637.2,0.45
1638.6,0.45
1640.0,0.45
1641.4,0.45
1642.8,0.45
1644.2,0.45
1645.6,0.45
1647.0,0.45
1648.4,0.45
1649.9,0.42
1651.4,0.42
1652.9,0.42
1654.4,0.42
1655.9,0.42
1657.4,0.42
1658.9,0.42
1660.4,0.42
1661.9,0.42
1663.3,0.45
1664.8,0.42
1666.3,0.42
1667.7,0.45
1669.2,0.42
1670.6,0.45
1672.0,0.45
1673.5,0.42
1675.1,0.39
1676.6,0.42
1678.1,0.42
1679.6,0.42
1681.2,0.39
1682.6,0.45
1683.9,0.48
1685.2,0.48
1686.5,0.48
1687.9,0.45
1689.3,0.45
1690.9,0.39
1692.5,0.39
1694.1,0.39
1695.7,0.39
1697.1,0.45
1698.5,0.45
1699.9,0.45
1701.3,0.45
1702.6,0.48
1704.0,0.45
1705.3,0.48
1706.7,0.45
1708.0,0.48
1709.4,0.45
1710.8,0.45
1712.2,0.45
1713.6,0.45
1715.0,0.45
1716.3,0.48
1717.8,0.42
1719.2,0.45
1720.7,0.42
1722.1,0.45
1723.5,0.45
1724.9,0.45
1726.3,0.45
1727.7,0.45
1729.1,0.45
1730.6,0.42
1732.0,0.45
1733.5,0.42
1734.9,0.45
1736.4,0.42
1737.9,0.42
1739.4,0.42
1740.9,0.42
1742.4,0.42
1743.8,0.45
1745.3,0.42
1746.7,0.45
1748.2,0.42
1749.7,0.42
1751.3,0.39
1752.8,0.42
1754.4,0.39
1755.9,0.42
1757.5,0.39
1759.0,0.42
1760.5,0.42
1762.0,0.42
1763.6,0.39
1765.2,0.39
1766.9,0.37
1768.7,0.35
1770.4,0.37
1772.3,0.33
1774.1,0.35
1775.9,0.35
1777.6,0.37
1779.3,0.37
1780.9,0.39
1782.5,0.39
1784.1,0.39
1785.7,0.39
1787.3,0.39
1789.0,0.37
1790.6,0.39
1792.3,0.37
1794.0,0.37
1795.6,0.39
1797.2,0.39
1798.8,0.39
1800.4,0.39
1802.1,0.37
1803.8,0.37
1805.5,0.37
1807.2,0.37
1808.9,0.37
1810.6,0.37
1812.3,0.37
1814.2,0.33
1816.0,0.35
1817.8,0.35
1819.5,0.37
1821.2,0.37
1822.8,0.39
1824.4,0.39
1825.8,0.45
1827.3,0.42
1828.7,0.45
1830.2,0.42
1831.6,0.45
1833.0,0.45
1834.5,0.42
1835.9,0.45
1837.4,0.42
1838.8,0.45
1840.3,0.42
1841.7,0.45
1843.2,0.42
1844.7,0.42
1846.2,0.42
1847.6,0.45
1849.1,0.42
1850.5,0.45
1851.9,0.45
1853.3,0.45
1854.6,0.48
1856.0,0.45
1857.3,0.48
1858.7,0.45
1860.1,0.45
1861.5,0.45
1862.8,0.48
1864.2,0.45
1865.6,0.45
1867.0,0.45
1868.4,0.45
1869.8,0.45
1871.2,0.45
1872.6,0.45
1874.0,0.45
1875.4,0.45
1876.8,0.45
1878.1,0.48
1879.5,0.45
1880.8,0.48
1882.1,0.48
1883.5,0.45
1884.8,0.48
1886.2,0.45
1887.5,0.48
1888.9,0.45
1890.2,0.48
1891.5,0.48
1892.9,0.45
1894.3,0.45
1895.7,0.45
1897.1,0.45
1898.5,0.45
1900.0,0.42
1901.4,0.45
1902.9,0.42
1904.3,0.45
1905.7,0.45
1907.2,0.42
1908.6,0.45
1910.0,0.45
1911.4,0.45
1912.8,0.45
1914.2,0.45
1915.6,0.45
1917.0,0.45
1918.4,0.45
1919.8,0.45
1921.2,0.45
1922.6,0.45
1924.0,0.45
1925.4,0.45
1926.8,0.45
1928.2,0.45
1929.5,0.48
1930.9,0.45
1932.3,0.45
1933.7,0.45
1935.1,0.45
1936.5,0.45
1937.8,0.48
1939.2,0.45
1940.6,0.45
1941.9,0.48
1943.3,0.45
1944.7,0.45
1946.0,0.48
1947.4,0.45
1948.8,0.45
1950.2,0.45
1951.6,0.45
1953.0,0.45
1954.4,0.45
1955.7,0.48
1957.1,0.45
1958.5,0.45
1959.9,0.45
1961.3,0.45
1962.7,0.45
1964.1,0.45
1965.4,0.48
1966.8,0.45
1968.2,0.45
1969.5,0.48
1970.9,0.45
1972.4,0.42
1973.8,0.45
1975.3,0.42
1976.8,0.42
1978.2,0.45
1979.7,0.42
1981.2,0.42
1982.7,0.42
1984.2,0.42
1985.7,0.42
1987.2,0.42
1988.7,0.42
1990.2,0.42
1991.6,0.45
1993.1,0.42
1994.5,0.45
1995.9,0.45
1997.3,0.45
1998.7,0.45
2000.1,0.45
2001.4,0.48
2002.8,0.45
2004.1,0.48
2005.5,0.45
2006.9,0.45
2008.3,0.45
2009.7,0.45
2011.1,0.45
2012.5,0.45
2013.9,0.45
2015.3,0.45
2016.7,0.45
2018.1,0.45
2019.5,0.45
2021.0,0.42
2022.4,0.45
2023.8,0.45
2025.2,0.45
2026.7,0.42
2028.2,0.42
2029.6,0.45
2031.1,0.42
2032.6,0.42
2034.1,0.42
2035.6,0.42
2037.1,0.42
2038.5,0.45
2040.0,0.42
2041.5,0.42
2042.9,0.45
2044.4,0.42
2045.8,0.45
2047.2,0.45
2048.5,0.48
2049.9,0.45
2051.3,0.45
2052.7,0.45
2054.1,0.45
2055.5,0.45
2056.9,0.45
2058.3,0.45
2059.7,0.45
2061.2,0.42
2062.6,0.45
2064.0,0.45
2065.4,0.45
2066.8,0.45
2068.2,0.45
2069.6,0.45
2071.0,0.45
2072.4,0.45
2073.8,0.45
2075.2,0.45
2076.6,0.45
2078.0,0.45
2079.4,0.45
2080.8,0.45
2082.2,0.45
2083.6,0.45
2085.0,0.45
2086.4,0.45
2087.8,0.45
2089.3,0.42
2090.7,0.45
2092.2,0.42
2093.6,0.45
2095.0,0.45
2096.4,0.45
2097.8,0.45
2099.3,0.42
2100.7,0.45
2102.1,0.45
2103.6,0.42
2104.9,0.48
2106.3,0.45
2107.7,0.45
2109.1,0.45
2110.5,0.45
2111.9,0.45
2113.4,0.42
2114.8,0.45
2116.2,0.45
2117.7,0.42
2119.1,0.45
2120.5,0.45
2121.9,0.45
2123.3,0.45
2124.7,0.45
2126.0,0.48
2127.4,0.45
2128.8,0.45
2130.2,0.45
2131.6,0.45
2132.9,0.48
2134.3,0.45
2135.7,0.45
2137.1,0.45
2138.6,0.42
2140.0,0.45
2141.5,0.42
2142.8,0.48
2144.2,0.45
2145.5,0.48
2146.9,0.45
2148.3,0.45
2149.9,0.39
2151.4,0.42
2152.9,0.42
2154.5,0.39
2156.0,0.42
2157.4,0.45
2158.9,0.42
2160.4,0.42
2161.8,0.45
2163.2,0.45
2164.7,0.42
2166.1,0.45
2167.5,0.45
2169.1,0.39
2170.6,0.42
2172.2,0.39
2173.9,0.37
2175.6,0.37
2177.2,0.39
2179.0,0.35
2180.7,0.37
2182.5,0.35
2184.3,0.35
2186.0,0.37
2187.8,0.35
2189.5,0.37
2191.2,0.37
2192.8,0.39
2194.5,0.37
2196.1,0.39
2197.7,0.39
2199.2,0.42
2200.6,0.45
2202.1,0.42
2203.4,0.48
2204.8,0.45
2206.2,0.45
2207.6,0.45
2208.9,0.48
2210.3,0.45
2211.7,0.45
2213.1,0.45
2214.5,0.45
2215.9,0.45
2217.3,0.45
2218.7,0.45
2220.1,0.45
2221.6,0.42
2223.1,0.42
2224.6,0.42
2226.1,0.42
2227.6,0.42
2229.1,0.42
2230.6,0.42
2232.1,0.42
2233.6,0.42
2235.0,0.45
2236.5,0.42
2237.9,0.45
2239.3,0.45
2240.7,0.45
2242.1,0.45
2243.5,0.45
2244.9,0.45
2246.4,0.42
2247.8,0.45
2249.3,0.42
2250.8,0.42
2252.2,0.45
2253.8,0.39
2255.2,0.45
2256.7,0.42
2258.2,0.42
2259.6,0.45
2261.0,0.45
2262.3,0.48
2263.7,0.45
2265.0,0.48
2266.4,0.45
2267.8,0.45
2269.1,0.48
2270.5,0.45
2271.9,0.45
2273.2,0.48
2274.6,0.45
2276.0,0.45
2277.3,0.48
2278.7,0.45
2280.1,0.45
2281.4,0.48
2282.8,0.45
2284.1,0.48
2285.5,0.45
2286.8,0.48
2288.2,0.45
2289.6,0.45
2290.9,0.48
2292.3,0.45
2293.6,0.48
2295.0,0.45
2296.4,0.45
2297.7,0.48
2299.1,0.45
2300.5,0.45
2301.8,0.48
2303.2,0.45
2304.6,0.45
2306.1,0.42
2307.5,0.45
2308.9,0.45
2310.3,0.45
2311.7,0.45
2313.2,0.42
2314.6,0.45
2315.9,0.48
2317.4,0.42
2318.8,0.45
2320.2,0.45
2321.6,0.45
2323.0,0.45
2324.5,0.42
2325.9,0.45
2327.4,0.42
2328.9,0.42
2330.3,0.45
2331.8,0.42
2333.3,0.42
2334.8,0.42
2336.2,0.45
2337.7,0.42
2339.2,0.42
2340.6,0.45
2342.1,0.42
2343.5,0.45
2345.0,0.42
2346.4,0.45
2347.8,0.45
2349.3,0.42
2350.7,0.45
2352.1,0.45
2353.5,0.45
2354.9,0.45
2356.4,0.42
2357.8,0.45
2359.2,0.45
2360.6,0.45
2362.0,0.45
2363.4,0.45
2364.8,0.45
2366.2,0.45
2367.6,0.45
2369.0,0.45
2370.5,0.42
2371.9,0.45
2373.3,0.45
2374.8,0.42
2376.2,0.45
2377.6,0.45
2379.1,0.42
2380.5,0.45
2381.9,0.45
2383.3,0.45
2384.7,0.45
2386.1,0.45
2387.5,0.45
2388.8,0.48
2390.2,0.45
2391.7,0.42
2393.1,0.45
2394.5,0.45
2395.9,0.45
2397.3,0.45
2398.7,0.45
2400.1,0.45
2401.5,0.45
2402.9,0.45
2404.3,0.45
2405.6,0.48
2407.0,0.45
2408.4,0.45
2409.8,0.45
2411.2,0.45
2412.6,0.45
2413.9,0.48
2415.3,0.45
2416.7,0.45
2418.1,0.45
2419.4,0.48
2420.8,0.45
2422.2,0.45
2423.6,0.45
2424.9,0.48
2426.3,0.45
2427.7,0.45
2429.1,0.45
2430.5,0.45
2431.9,0.45
2433.2,0.48
2434.6,0.45
2436.0,0.45
2437.4,0.45
2438.8,0.45
2440.3,0.42
2441.7,0.45
2443.1,0.45
2444.5,0.45
2445.9,0.45
2447.4,0.42
2448.8,0.45
2450.3,0.42
2451.7,0.45
2453.2,0.42
2454.7,0.42
2456.2,0.42
2457.6,0.45
2459.0,0.45
2460.5,0.42
2461.9,0.45
2463.4,0.42
2464.9,0.42
2466.4,0.42
2467.9,0.42
2469.4,0.42
2470.9,0.42
2472.4,0.42
2473.8,0.45
2475.3,0.42
2476.8,0.42
2478.3,0.42
2479.7,0.45
2481.2,0.42
2482.6,0.45
2484.1,0.42
2485.4,0.48
2486.8,0.45
2488.2,0.45
2489.6,0.45
2491.0,0.45
2492.4,0.45
2493.8,0.45
2495.2,0.45
2496.6,0.45
2498.0,0.45
2499.5,0.42
2500.9,0.45
2502.4,0.42
2503.8,0.45
2505.3,0.42
2506.7,0.45
2508.2,0.42
2509.6,0.45
2511.0,0.45
2512.4,0.45
2513.8,0.45
2515.2,0.45
2516.6,0.45
2518.1,0.42
2519.8,0.37
2521.5,0.37
2523.1,0.39
2524.7,0.39
2526.2,0.42
2528.0,0.35
2529.8,0.35
2531.5,0.37
2533.2,0.37
2534.9,0.37
2536.6,0.37
2538.2,0.39
2539.9,0.37
2541.5,0.39
2543.2,0.37
2544.8,0.39
2546.4,0.39
2547.9,0.42
2549.4,0.42
2550.8,0.45
2552.3,0.42
2553.8,0.42
2555.2,0.45
2556.6,0.45
2558.0,0.45
2559.3,0.48
2560.7,0.45
2562.0,0.48
2563.4,0.45
2564.8,0.45
2566.1,0.48
2567.5,0.45
2568.9,0.45
2570.3,0.45
2571.7,0.45
2573.1,0.45
2574.5,0.45
2575.9,0.45
2577.3,0.45
2578.7,0.45
2580.2,0.42
2581.6,0.45
2583.0,0.45
2584.4,0.45
2585.8,0.45
2587.2,0.45
2588.6,0.45
2590.0,0.45
2591.5,0.42
2592.9,0.45
2594.3,0.45
2595.8,0.42
2597.2,0.45
2598.6,0.45
2600.0,0.45
2601.4,0.45
2602.8,0.45
2604.1,0.48
2605.5,0.45
2606.8,0.48
2608.2,0.45
2609.6,0.45
2611.1,0.42
2612.5,0.45
2613.9,0.45
2615.3,0.45
2616.7,0.45
2618.1,0.45
2619.5,0.45
2620.9,0.45
2622.2,0.48
2623.6,0.45
2625.1,0.42
2626.4,0.48
2627.8,0.45
2629.2,0.45
2630.5,0.48
2631.8,0.48
2633.2,0.45
2634.6,0.45
2635.9,0.48
2637.3,0.45
2638.6,0.48
2640.0,0.45
2641.3,0.48
2642.7,0.45
2644.1,0.45
2645.4,0.48
2646.8,0.45
2648.2,0.45
2649.6,0.45
2650.9,0.48
2652.3,0.45
2653.7,0.45
2655.1,0.45
2656.4,0.48
2657.8,0.45
2659.2,0.45
2660.6,0.45
2662.0,0.45
2663.4,0.45
2664.8,0.45
2666.2,0.45
2667.6,0.45
2669.0,0.45
2670.4,0.45
2671.9,0.42
2673.3,0.45
2674.7,0.45
2676.1,0.45
2677.6,0.42
2678.9,0.48
2680.4,0.42
2681.8,0.45
2683.2,0.45
2684.6,0.45
2686.0,0.45
2687.4,0.45
2688.9,0.42
2690.3,0.45
2691.6,0.48
2693.0,0.45
2694.4,0.45
2695.8,0.45
2697.2,0.45
2698.6,0.45
2700.0,0.45
2701.3,0.48
2702.7,0.45
2704.1,0.45
2705.4,0.48
2706.8,0.45
2708.2,0.45
2709.6,0.45
2711.0,0.45
2712.4,0.45
2713.8,0.45
2715.2,0.45
2716.6,0.45
2717.9,0.48
2719.3,0.45
2720.8,0.42
2722.2,0.45
2723.6,0.45
2725.0,0.45
2726.4,0.45
2727.8,0.45
2729.2,0.45
2730.6,0.45
2732.0,0.45
2733.4,0.45
2734.8,0.45
2736.2,0.45
2737.6,0.45
2739.0,0.45
2740.3,0.48
2741.7,0.45
2743.1,0.45
2744.5,0.45
2745.8,0.48
2747.2,0.45
2748.6,0.45
2750.0,0.45
2751.4,0.45
2752.8,0.45
2754.2,0.45
2755.6,0.45
2757.0,0.45
2758.5,0.42
2759.9,0.45
2761.3,0.45
2762.8,0.42
2764.2,0.45
2765.6,0.45
2767.0,0.45
2768.3,0.48
2769.7,0.45
2771.2,0.42
2772.6,0.45
2773.9,0.48
2775.3,0.45
2776.7,0.45
2778.1,0.45
2779.5,0.45
2780.9,0.45
2782.3,0.45
2783.7,0.45
2785.2,0.42
2786.7,0.42
2788.2,0.42
2789.7,0.42
2791.1,0.45
2792.6,0.42
2794.0,0.45
2795.4,0.45
2796.9,0.42
2798.3,0.45
2799.7,0.45
2801.1,0.45
2802.5,0.45
2803.9,0.45
2805.3,0.45
2806.8,0.42
2808.3,0.42
2809.7,0.45
2811.2,0.42
2812.6,0.45
2814.0,0.45
2815.4,0.45
2816.8,0.45
2818.3,0.42
2819.7,0.45
2821.2,0.42
2822.6,0.45
2824.1,0.42
2825.5,0.45
2827.0,0.42
2828.4,0.45
2829.8,0.45
2831.2,0.45
2832.5,0.48
2833.9,0.45
2835.3,0.45
2836.7,0.45
2838.1,0.45
2839.5,0.45
2840.9,0.45
2842.3,0.45
2843.7,0.45
2845.1,0.45
2846.6,0.42
2848.0,0.45
2849.4,0.45
2850.9,0.42
2852.4,0.42
2853.9,0.42
2855.3,0.45
2856.7,0.45
2858.2,0.42
2859.5,0.48
2860.9,0.45
2862.3,0.45
2863.7,0.45
2865.1,0.45
2866.5,0.45
2867.9,0.45
2869.3,0.45
2870.6,0.48
2872.0,0.45
2873.4,0.45
2874.8,0.45
2876.2,0.45
2877.5,0.48
2878.8,0.48
2880.2,0.45
2881.6,0.45
2883.0,0.45
2884.3,0.48
2885.7,0.45
2887.0,0.48
2888.4,0.45
2889.8,0.45
2891.2,0.45
2892.5,0.48
2893.9,0.45
2895.3,0.45
2896.7,0.45
2898.1,0.45
2899.5,0.45
2900.9,0.45
2902.3,0.45
2903.6,0.48
2905.0,0.45
2906.4,0.45
2907.7,0.48
2909.2,0.42
2910.8,0.39
2912.4,0.39
2914.0,0.39
2915.5,0.42
2917.0,0.42
2918.5,0.42
2920.0,0.42
2921.5,0.42
2922.9,0.45
2924.4,0.42
2925.8,0.45
2927.2,0.45
2928.7,0.42
2930.1,0.45
2931.5,0.45
2932.9,0.45
2934.3,0.45
2935.8,0.42
2937.4,0.39
2939.1,0.37
2940.8,0.37
2942.5,0.37
2944.2,0.37
2945.9,0.37
2947.7,0.35
2949.4,0.37
2951.1,0.37
2952.8,0.37
2954.4,0.39
2955.9,0.42
2957.6,0.37
2959.2,0.39
2960.8,0.39
2962.5,0.37
2964.1,0.39
2965.8,0.37
2967.3,0.42
2968.9,0.39
2970.4,0.42
2971.8,0.45
2973.2,0.45
2974.6,0.45
2975.9,0.48
2977.2,0.48
2978.6,0.45
2980.0,0.45
2981.3,0.48
2982.7,0.45
2984.1,0.45
2985.4,0.48
2986.8,0.45
2988.2,0.45
2989.5,0.48
2990.9,0.45
2992.2,0.48
2993.6,0.45
2994.9,0.48
2996.3,0.45
2997.6,0.48
2998.9,0.48
3000.2,0.48
3001.6,0.45
3003.0,0.45
3004.4,0.45
3005.8,0.45
3007.2,0.45
3008.6,0.45
3010.0,0.45
3011.4,0.45
3012.8,0.45
3014.2,0.45
3015.6,0.45
3017.0,0.45
3018.3,0.48
3019.7,0.45
3021.1,0.45
3022.4,0.48
3023.8,0.45
3025.2,0.45
3026.6,0.45
3028.0,0.45
3029.3,0.48
3030.7,0.45
3032.0,0.48
3033.4,0.45
3034.8,0.45
3036.1,0.48
3037.5,0.45
3038.8,0.48
3040.2,0.45
3041.6,0.45
3043.0,0.45
3044.4,0.45
3045.8,0.45
3047.2,0.45
3048.7,0.42
3050.1,0.45
3051.5,0.45
3053.0,0.42
3054.5,0.42
3055.9,0.45
3057.4,0.42
3058.8,0.45
3060.2,0.45
3061.6,0.45
3063.0,0.45
3064.4,0.45
3065.8,0.45
3067.1,0.48
3068.5,0.45
3069.9,0.45
3071.3,0.45
3072.7,0.45
3074.1,0.45
3075.5,0.45
3076.9,0.45
3078.3,0.45
3079.7,0.45
3081.1,0.45
3082.5,0.45
3083.9,0.45
3085.4,0.42
3086.8,0.45
3088.3,0.42
3089.7,0.45
3091.2,0.42
3092.6,0.45
3094.1,0.42
3095.5,0.45
3096.9,0.45
3098.3,0.45
3099.7,0.45
3101.1,0.45
3102.6,0.42
3103.9,0.48
3105.3,0.45
3106.7,0.45
3108.1,0.45
3109.5,0.45
3110.9,0.45
3112.3,0.45
3113.7,0.45
3115.1,0.45
3116.4,0.48
3117.8,0.45
3119.2,0.45
3120.6,0.45
3122.0,0.45
3123.5,0.42
3124.9,0.45
3126.4,0.42
3127.8,0.45
3129.2,0.45
3130.7,0.42
3132.1,0.45
3133.4,0.48
3134.8,0.45
3136.2,0.45
3137.6,0.45
3139.0,0.45
3140.4,0.45
3141.8,0.45
3143.2,0.45
3144.6,0.45
3146.1,0.42
3147.5,0.45
3148.9,0.45
3150.2,0.48
3151.6,0.45
3153.0,0.45
3154.4,0.45
3155.8,0.45
3157.3,0.42
3158.7,0.45
3160.2,0.42
3161.6,0.45
3163.0,0.45
3164.4,0.45
3165.9,0.42
3167.3,0.45
3168.8,0.42
3170.2,0.45
3171.7,0.42
3173.1,0.45
3174.5,0.45
3175.9,0.45
3177.3,0.45
3178.7,0.45
3180.1,0.45
3181.4,0.48
3182.9,0.42
3184.3,0.45
3185.7,0.45
3187.1,0.45
3188.5,0.45
3189.9,0.45
3191.3,0.45
3192.7,0.45
3194.0,0.48
3195.4,0.45
3196.8,0.45
3198.2,0.45
3199.6,0.45
3201.0,0.45
3202.4,0.45
3203.8,0.45
3205.2,0.45
3206.6,0.45
3208.0,0.45
3209.4,0.45
3210.9,0.42
3212.3,0.45
3213.7,0.45
3215.2,0.42
3216.6,0.45
3218.1,0.42
3219.6,0.42
3221.1,0.42
3222.5,0.45
3224.0,0.42
3225.4,0.45
3226.8,0.45
3228.2,0.45
3229.6,0.45
3231.0,0.45
3232.4,0.45
3233.8,0.45
3235.2,0.45
3236.6,0.45
3238.0,0.45
3239.4,0.45
3240.8,0.45
3242.3,0.42
3243.7,0.45
3245.1,0.45
3246.6,0.42
3247.9,0.48
3249.3,0.45
3250.7,0.45
3252.0,0.48
3253.4,0.45
3254.9,0.42
3256.3,0.45
3257.8,0.42
3259.2,0.45
3260.7,0.42
3262.2,0.42
3263.8,0.39
3265.3,0.42
3266.8,0.42
3268.3,0.42
3269.8,0.42
3271.2,0.45
3272.5,0.48
3273.9,0.45
3275.3,0.45
3276.7,0.45
3278.2,0.42
3279.8,0.39
3281.3,0.42
3282.8,0.42
3284.3,0.42
3285.7,0.45
3287.2,0.42
3288.6,0.45
3290.1,0.42
3291.6,0.42
3293.2,0.39
3294.8,0.39
3296.4,0.39
3298.0,0.39
3299.6,0.39
3301.2,0.39
3302.8,0.39
3304.4,0.39
3306.0,0.39
3307.6,0.39
3309.2,0.39
3310.8,0.39
3312.3,0.42
3313.9,0.39
3315.6,0.37
3317.2,0.39
3318.9,0.37
3320.5,0.39
3322.2,0.37
3323.8,0.39
3325.3,0.42
3326.9,0.39
3328.4,0.42
3329.8,0.45
3331.2,0.45
3332.6,0.45
3334.0,0.45
3335.3,0.48
3336.7,0.45
3338.1,0.45
3339.4,0.48
3340.8,0.45
3342.2,0.45
3343.6,0.45
3345.0,0.45
3346.3,0.48
3347.7,0.45
3349.1,0.45
3350.4,0.48
3351.8,0.45
3353.2,0.45
3354.6,0.45
3355.9,0.48
3357.3,0.45
3358.6,0.48
3360.0,0.45
3361.4,0.45
3362.8,0.45
3364.1,0.48
3365.5,0.45
3366.9,0.45
3368.2,0.48
3369.6,0.45
3371.0,0.45
3372.4,0.45
3373.8,0.45
3375.2,0.45
3376.5,0.48
3377.9,0.45
3379.2,0.48
3380.6,0.45
3382.0,0.45
3383.3,0.48
3384.7,0.45
3386.1,0.45
3387.4,0.48
3388.8,0.45
3390.1,0.48
3391.5,0.45
3392.8,0.48
3394.2,0.45
3395.6,0.45
3396.9,0.48
3398.3,0.45
3399.8,0.42
3401.2,0.45
3402.7,0.42
3404.2,0.42
3405.7,0.42
3407.2,0.42
3408.6,0.45
3410.1,0.42
3411.5,0.45
3413.0,0.42
3414.4,0.45
3415.8,0.45
3417.1,0.48
3418.5,0.45
3419.8,0.48
3421.2,0.45
3422.6,0.45
3424.0,0.45
3425.4,0.45
3426.8,0.45
3428.2,0.45
3429.6,0.45
3430.9,0.48
3432.2,0.48
3433.6,0.45
3434.9,0.48
3436.3,0.45
3437.6,0.48
3439.0,0.45
3440.4,0.45
3441.8,0.45
3443.1,0.48
3444.5,0.45
3445.9,0.45
3447.3,0.45
3448.7,0.45
3450.1,0.45
3451.5,0.45
3452.9,0.45
3454.4,0.42
3455.8,0.45
3457.2,0.45
3458.6,0.45
3460.1,0.42
3461.5,0.45
3463.0,0.42
3464.4,0.45
3465.8,0.45
3467.2,0.45
3468.6,0.45
3470.0,0.45
3471.4,0.45
3472.7,0.48
3474.1,0.45
3475.4,0.48
3476.8,0.45
3478.2,0.45
3479.6,0.45
3480.9,0.48
3482.3,0.45
3483.7,0.45
3485.1,0.45
3486.5,0.45
3487.9,0.45
3489.3,0.45
3490.7,0.45
3492.1,0.45
3493.5,0.45
3495.0,0.42
3496.5,0.42
3498.0,0.42
3499.5,0.42
3500.9,0.45
3502.4,0.42
3503.9,0.42
3505.3,0.45
3506.8,0.42
3508.2,0.45
3509.6,0.45
3511.0,0.45
3512.4,0.45
3513.8,0.45
3515.2,0.45
3516.6,0.45
3518.1,0.42
3519.5,0.45
3520.9,0.45
3522.3,0.45
3523.6,0.48
3525.0,0.45
3526.4,0.45
3527.8,0.45
3529.2,0.45
3530.5,0.48
3531.9,0.45
3533.3,0.45
3534.7,0.45
3536.2,0.42
3537.6,0.45
3539.0,0.45
3540.5,0.42
3542.0,0.42
3543.4,0.45
3544.9,0.42
3546.3,0.45
3547.8,0.42
3549.2,0.45
3550.6,0.45
3552.1,0.42
3553.5,0.45
3554.9,0.45
3556.3,0.45
3557.7,0.45
3559.1,0.45
3560.5,0.45
3561.9,0.45
3563.3,0.45
3564.7,0.45
3566.1,0.45
3567.5,0.45
3569.1,0.39
3570.6,0.42
3572.2,0.39
3573.8,0.39
3575.4,0.39
3576.9,0.42
3578.5,0.39
3580.1,0.39
3581.7,0.39
3583.3,0.39
3584.8,0.42
3586.3,0.42
3587.8,0.42
3589.3,0.42
3590.8,0.42
3592.2,0.45
3593.7,0.42
3595.2,0.42
3596.7,0.42
3598.3,0.39
0.0,0.00
