1.9,0.35
3.5,0.39
4.8,0.48
6.0,0.52
7.3,0.48
8.5,0.52
9.8,0.48
11.0,0.52
12.5,0.42
14.2,0.37
16.1,0.33
17.2,0.57
18.4,0.52
19.6,0.52
20.8,0.52
22.0,0.52
23.2,0.52
24.5,0.48
25.7,0.52
26.9,0.52
28.2,0.48
29.4,0.52
30.6,0.52
31.8,0.52
33.0,0.52
34.2,0.52
35.4,0.52
36.7,0.48
38.0,0.48
39.2,0.52
40.5,0.48
41.8,0.48
43.0,0.52
44.2,0.52
45.5,0.48
46.7,0.52
47.9,0.52
49.1,0.52
50.3,0.52
51.5,0.52
52.7,0.52
54.0,0.48
55.2,0.52
56.4,0.52
57.6,0.52
58.8,0.52
60.0,0.52
61.2,0.52
62.5,0.48
63.7,0.52
64.9,0.52
66.1,0.52
67.4,0.48
68.6,0.52
69.8,0.52
71.0,0.52
72.2,0.52
73.4,0.52
74.6,0.52
75.7,0.57
76.8,0.57
78.0,0.52
79.2,0.52
80.4,0.52
81.6,0.52
82.8,0.52
84.0,0.52
85.2,0.52
86.4,0.52
87.6,0.52
88.8,0.52
90.0,0.52
91.2,0.52
92.4,0.52
93.6,0.52
94.8,0.52
95.9,0.57
97.1,0.52
98.2,0.57
99.4,0.52
100.7,0.48
101.9,0.52
103.2,0.48
104.4,0.52
105.7,0.48
106.9,0.52
108.2,0.48
109.4,0.52
110.6,0.52
111.8,0.52
113.1,0.48
114.3,0.52
115.5,0.52
116.8,0.48
118.0,0.52
119.2,0.52
120.4,0.52
121.6,0.52
122.8,0.52
123.9,0.57
125.1,0.52
126.2,0.57
127.4,0.52
128.7,0.48
129.9,0.52
131.1,0.52
132.4,0.48
133.6,0.52
134.8,0.52
136.1,0.48
137.3,0.52
138.5,0.52
139.7,0.52
140.9,0.52
142.1,0.52
143.2,0.57
144.4,0.52
145.6,0.52
146.7,0.57
147.9,0.52
149.1,0.52
150.2,0.57
151.4,0.52
152.5,0.57
153.6,0.57
154.7,0.57
155.8,0.57
157.0,0.52
158.1,0.57
159.2,0.57
160.3,0.57
161.4,0.57
162.6,0.52
163.7,0.57
164.9,0.52
166.0,0.57
167.2,0.52
168.4,0.52
169.6,0.52
170.7,0.57
171.8,0.57
173.0,0.52
174.2,0.52
175.3,0.57
176.5,0.52
177.7,0.52
178.9,0.52
180.1,0.52
181.3,0.52
182.4,0.57
183.6,0.52
184.8,0.52
186.0,0.52
187.2,0.52
188.5,0.48
189.7,0.52
190.8,0.57
192.1,0.48
193.3,0.52
194.5,0.52
195.7,0.52
196.9,0.52
198.1,0.52
199.3,0.52
200.5,0.52
201.7,0.52
202.9,0.52
204.1,0.52
205.4,0.48
206.6,0.52
207.8,0.52
209.1,0.48
210.3,0.52
211.5,0.52
212.7,0.52
213.8,0.57
215.0,0.52
216.2,0.52
217.3,0.57
218.5,0.52
219.6,0.57
220.8,0.52
221.9,0.57
223.0,0.57
224.2,0.52
225.3,0.57
226.5,0.52
227.6,0.57
228.7,0.57
229.9,0.52
231.0,0.57
232.2,0.52
233.3,0.57
234.5,0.52
235.7,0.52
236.8,0.57
237.9,0.57
239.1,0.52
240.3,0.52
241.4,0.57
242.6,0.52
243.8,0.52
245.0,0.52
246.2,0.52
247.4,0.52
248.6,0.52
249.7,0.57
250.9,0.52
252.1,0.52
253.3,0.52
254.4,0.57
255.6,0.52
256.7,0.57
257.9,0.52
259.1,0.52
260.3,0.52
261.5,0.52
262.7,0.52
263.9,0.52
265.1,0.52
266.3,0.52
267.5,0.52
268.7,0.52
269.9,0.52
271.1,0.52
272.4,0.48
273.6,0.52
274.8,0.52
276.0,0.52
277.2,0.52
278.4,0.52
279.6,0.52
280.8,0.52
282.0,0.52
283.2,0.52
284.4,0.52
285.6,0.52
286.8,0.52
288.0,0.52
289.2,0.52
290.5,0.48
291.7,0.52
292.9,0.52
294.1,0.52
295.4,0.48
296.6,0.52
298.0,0.45
299.3,0.48
300.6,0.48
301.9,0.48
303.3,0.45
304.6,0.48
305.9,0.48
307.2,0.48
308.5,0.48
309.7,0.52
310.9,0.52
312.2,0.48
313.5,0.48
314.7,0.52
315.9,0.52
317.0,0.57
318.2,0.52
319.4,0.52
320.6,0.52
321.7,0.57
322.8,0.57
323.9,0.57
325.1,0.52
326.3,0.52
327.5,0.52
328.7,0.52
329.9,0.52
331.1,0.52
332.2,0.57
333.4,0.52
334.6,0.52
335.8,0.52
336.9,0.57
338.1,0.52
339.3,0.52
340.5,0.52
341.6,0.57
342.7,0.57
343.8,0.57
344.9,0.57
346.1,0.52
347.2,0.57
348.3,0.57
349.4,0.57
350.5,0.57
351.6,0.57
352.7,0.57
353.7,0.63
354.8,0.57
355.9,0.57
357.0,0.57
358.1,0.57
359.1,0.63
360.2,0.57
361.3,0.57
362.3,0.63
363.4,0.57
364.4,0.63
365.5,0.57
366.5,0.63
367.6,0.57
368.6,0.63
369.7,0.57
370.7,0.63
371.8,0.57
372.9,0.57
373.9,0.63
375.0,0.57
376.1,0.57
377.2,0.57
378.3,0.57
379.3,0.63
380.4,0.57
381.5,0.57
382.5,0.63
383.6,0.57
384.6,0.63
385.6,0.63
386.7,0.57
387.8,0.57
388.8,0.63
389.9,0.57
390.9,0.63
392.0,0.57
393.1,0.57
394.2,0.57
395.3,0.57
396.4,0.57
397.5,0.57
398.5,0.63
399.6,0.57
400.7,0.57
401.8,0.57
402.9,0.57
403.9,0.63
405.0,0.57
406.1,0.57
407.2,0.57
408.3,0.57
409.4,0.57
410.6,0.52
411.6,0.63
412.7,0.57
413.8,0.57
414.9,0.57
416.0,0.57
417.1,0.57
418.2,0.57
419.3,0.57
420.4,0.57
421.5,0.57
422.6,0.57
423.6,0.63
424.7,0.57
425.8,0.57
426.9,0.57
428.0,0.57
429.1,0.57
430.1,0.63
431.2,0.57
432.3,0.57
433.4,0.57
434.5,0.57
435.6,0.57
436.7,0.57
437.8,0.57
438.9,0.57
440.1,0.52
441.2,0.57
442.4,0.52
443.5,0.57
444.6,0.57
445.8,0.52
446.9,0.57
448.0,0.57
449.1,0.57
450.2,0.57
451.3,0.57
452.4,0.57
453.5,0.57
454.6,0.57
455.7,0.57
456.8,0.57
457.9,0.57
459.0,0.57
460.1,0.57
461.2,0.57
462.2,0.63
463.4,0.52
464.4,0.63
465.5,0.57
466.6,0.57
467.7,0.57
468.8,0.57
469.9,0.57
471.0,0.57
472.1,0.57
473.2,0.57
474.2,0.63
475.3,0.57
476.4,0.57
477.5,0.57
478.6,0.57
479.7,0.57
480.8,0.57
481.8,0.63
482.9,0.57
483.9,0.63
484.9,0.63
486.0,0.57
487.0,0.63
488.1,0.57
489.1,0.63
490.2,0.57
491.3,0.57
492.3,0.63
493.4,0.57
494.4,0.63
495.5,0.57
496.6,0.57
497.7,0.57
498.8,0.57
499.8,0.63
500.9,0.57
501.9,0.63
503.0,0.57
504.1,0.57
505.1,0.63
506.2,0.57
507.3,0.57
508.4,0.57
509.5,0.57
510.6,0.57
511.7,0.57
512.8,0.57
513.9,0.57
515.0,0.57
516.1,0.57
517.2,0.57
518.3,0.57
519.4,0.57
520.5,0.57
521.6,0.57
522.7,0.57
523.9,0.52
525.0,0.57
526.1,0.57
527.2,0.57
528.3,0.57
529.4,0.57
530.5,0.57
531.6,0.57
532.7,0.57
533.9,0.52
535.0,0.57
536.1,0.57
537.2,0.57
538.3,0.57
539.4,0.57
540.5,0.57
541.7,0.52
542.8,0.57
543.9,0.57
545.0,0.57
546.0,0.63
547.1,0.57
548.2,0.57
549.3,0.57
550.4,0.57
551.5,0.57
552.6,0.57
553.7,0.57
554.8,0.57
555.9,0.57
557.0,0.57
558.1,0.57
559.1,0.63
560.2,0.57
561.4,0.52
562.5,0.57
563.5,0.63
564.6,0.57
565.7,0.57
566.8,0.57
567.9,0.57
568.9,0.63
570.0,0.57
571.1,0.57
572.2,0.57
573.3,0.57
574.4,0.57
575.5,0.57
576.5,0.63
577.6,0.57
578.7,0.57
579.8,0.57
580.9,0.57
582.0,0.57
583.1,0.57
584.2,0.57
585.3,0.57
586.4,0.57
587.5,0.57
588.6,0.57
589.7,0.57
590.8,0.57
591.9,0.57
593.0,0.57
594.1,0.57
595.2,0.57
596.3,0.57
597.4,0.57
598.5,0.57
599.6,0.57
600.8,0.52
601.9,0.57
603.0,0.57
604.1,0.57
605.2,0.57
606.3,0.57
607.4,0.57
608.5,0.57
609.6,0.57
610.7,0.57
611.8,0.57
612.9,0.57
614.0,0.57
615.1,0.57
616.3,0.52
617.6,0.48
618.9,0.48
620.2,0.48
621.6,0.45
622.9,0.48
624.2,0.48
625.5,0.48
626.8,0.48
628.1,0.48
629.5,0.45
630.8,0.48
632.0,0.52
633.3,0.48
634.5,0.52
635.8,0.48
637.1,0.48
638.3,0.52
639.5,0.52
640.8,0.48
642.0,0.52
643.3,0.48
644.5,0.52
645.8,0.48
647.0,0.52
648.2,0.52
649.4,0.52
650.6,0.52
651.8,0.52
653.0,0.52
654.2,0.52
655.4,0.52
656.6,0.52
657.8,0.52
659.0,0.52
660.2,0.52
661.4,0.52
662.6,0.52
663.8,0.52
664.9,0.57
666.1,0.52
667.2,0.57
668.3,0.57
669.4,0.57
670.5,0.57
671.6,0.57
672.7,0.57
673.8,0.57
674.9,0.57
676.1,0.52
677.2,0.57
678.3,0.57
679.5,0.52
680.6,0.57
681.7,0.57
682.8,0.57
683.9,0.57
685.1,0.52
686.2,0.57
687.3,0.57
688.4,0.57
689.5,0.57
690.7,0.52
691.8,0.57
692.9,0.57
693.9,0.63
695.0,0.57
696.1,0.57
697.2,0.57
698.4,0.52
699.5,0.57
700.6,0.57
701.7,0.57
702.9,0.52
704.0,0.57
705.2,0.52
706.3,0.57
707.5,0.52
708.6,0.57
709.7,0.57
710.9,0.52
712.0,0.57
713.1,0.57
714.3,0.52
715.4,0.57
716.5,0.57
717.6,0.57
718.7,0.57
719.8,0.57
720.9,0.57
722.0,0.57
723.1,0.57
724.3,0.52
725.4,0.57
726.5,0.57
727.6,0.57
728.7,0.57
729.8,0.57
730.9,0.57
732.0,0.57
733.2,0.52
734.3,0.57
735.4,0.57
736.6,0.52
737.7,0.57
738.8,0.57
739.9,0.57
741.0,0.57
742.1,0.57
743.2,0.57
744.3,0.57
745.4,0.57
746.5,0.57
747.7,0.52
748.8,0.57
749.9,0.57
751.0,0.57
752.1,0.57
753.2,0.57
754.4,0.52
755.5,0.57
756.6,0.57
757.7,0.57
758.8,0.57
760.0,0.52
761.1,0.57
762.1,0.63
763.2,0.57
764.4,0.52
765.5,0.57
766.5,0.63
767.6,0.57
768.7,0.57
769.8,0.57
770.9,0.57
772.0,0.57
773.2,0.52
774.3,0.57
775.4,0.57
776.6,0.52
777.7,0.57
778.8,0.57
780.0,0.52
781.1,0.57
782.2,0.57
783.3,0.57
784.4,0.57
785.5,0.57
786.6,0.57
787.7,0.57
788.8,0.57
789.9,0.57
791.0,0.57
792.2,0.52
793.3,0.57
794.4,0.57
795.5,0.57
796.6,0.57
797.7,0.57
798.8,0.57
799.9,0.57
801.0,0.57
802.1,0.57
803.2,0.57
804.4,0.52
805.5,0.57
806.6,0.57
807.7,0.57
808.9,0.52
810.0,0.57
811.1,0.57
812.2,0.57
813.4,0.52
814.5,0.57
815.6,0.57
816.8,0.52
817.9,0.57
819.1,0.52
820.3,0.52
821.4,0.57
822.6,0.52
823.7,0.57
824.9,0.52
826.0,0.57
827.2,0.52
828.3,0.57
829.5,0.52
830.6,0.57
831.7,0.57
832.9,0.52
834.0,0.57
835.1,0.57
836.3,0.52
837.5,0.52
838.6,0.57
839.8,0.52
841.0,0.52
842.1,0.57
843.2,0.57
844.4,0.52
845.5,0.57
846.7,0.52
847.8,0.57
849.0,0.52
850.1,0.57
851.3,0.52
852.4,0.57
853.7,0.48
855.0,0.48
856.4,0.45
857.7,0.48
859.0,0.48
860.3,0.48
861.6,0.48
862.9,0.48
864.2,0.48
865.5,0.48
866.8,0.48
868.1,0.48
869.3,0.52
870.6,0.48
871.9,0.48
873.1,0.52
874.4,0.48
875.7,0.48
877.0,0.48
878.3,0.48
879.5,0.52
880.8,0.48
882.1,0.48
883.4,0.48
884.7,0.48
886.0,0.48
887.2,0.52
888.5,0.48
889.7,0.52
891.0,0.48
892.2,0.52
893.4,0.52
894.6,0.52
895.8,0.52
897.0,0.52
898.2,0.52
899.4,0.52
900.6,0.52
901.8,0.52
903.0,0.52
904.2,0.52
905.4,0.52
906.6,0.52
907.8,0.52
908.9,0.57
910.1,0.52
911.2,0.57
912.4,0.52
913.6,0.52
914.7,0.57
915.9,0.52
917.0,0.57
918.1,0.57
919.3,0.52
920.4,0.57
921.6,0.52
922.8,0.52
923.9,0.57
925.0,0.57
926.2,0.52
927.3,0.57
928.4,0.57
929.6,0.52
930.7,0.57
931.9,0.52
933.0,0.57
934.2,0.52
935.4,0.52
936.5,0.57
937.6,0.57
938.8,0.52
940.0,0.52
941.2,0.52
942.4,0.52
943.6,0.52
944.8,0.52
946.0,0.52
947.2,0.52
948.3,0.57
949.5,0.52
950.7,0.52
951.9,0.52
953.0,0.57
954.2,0.52
955.4,0.52
956.5,0.57
957.7,0.52
958.9,0.52
960.1,0.52
961.3,0.52
962.5,0.52
963.7,0.52
964.9,0.52
966.2,0.48
967.5,0.48
968.8,0.48
970.1,0.48
971.5,0.45
972.8,0.48
974.2,0.45
975.5,0.48
976.8,0.48
978.1,0.48
979.4,0.48
980.6,0.52
981.9,0.48
983.2,0.48
984.5,0.48
985.7,0.52
987.0,0.48
988.3,0.48
989.6,0.48
990.9,0.48
992.1,0.52
993.4,0.48
994.7,0.48
996.0,0.48
997.3,0.48
998.6,0.48
999.9,0.48
1001.2,0.48
1002.5,0.48
1003.8,0.48
1005.2,0.45
1006.6,0.45
1008.0,0.45
1009.4,0.45
1010.8,0.45
1012.2,0.45
1013.5,0.48
1014.9,0.45
1016.3,0.45
1017.6,0.48
1019.0,0.45
1020.4,0.45
1021.8,0.45
1023.1,0.48
1024.4,0.48
1025.8,0.45
1027.1,0.48
1028.4,0.48
1029.7,0.48
1031.1,0.45
1032.5,0.45
1033.9,0.45
1035.3,0.45
1036.8,0.42
1038.2,0.45
1039.6,0.45
1040.9,0.48
1042.3,0.45
1043.6,0.48
1045.0,0.45
1046.3,0.48
1047.7,0.45
1049.1,0.45
1050.5,0.45
1051.8,0.48
1053.2,0.45
1054.5,0.48
1055.7,0.52
1057.0,0.48
1058.3,0.48
1059.5,0.52
1060.8,0.48
1062.1,0.48
1063.4,0.48
1064.7,0.48
1066.0,0.48
1067.3,0.48
1068.6,0.48
1069.9,0.48
1071.3,0.45
1072.6,0.48
1074.0,0.45
1075.4,0.45
1076.7,0.48
1078.1,0.45
1079.4,0.48
1080.7,0.48
1082.0,0.48
1083.3,0.48
1084.6,0.48
1085.9,0.48
1087.2,0.48
1088.5,0.48
1089.8,0.48
1091.2,0.45
1092.5,0.48
1093.8,0.48
1095.2,0.45
1096.5,0.48
1097.9,0.45
1099.3,0.45
1100.7,0.45
1102.0,0.48
1103.4,0.45
1104.8,0.45
1106.1,0.48
1107.4,0.48
1108.7,0.48
1110.0,0.48
1111.3,0.48
1112.6,0.48
1113.8,0.52
1115.1,0.48
1116.3,0.52
1117.5,0.52
1118.7,0.52
1120.0,0.48
1121.2,0.52
1122.4,0.52
1123.6,0.52
1124.8,0.52
1126.0,0.52
1127.3,0.48
1128.5,0.52
1129.8,0.48
1131.1,0.48
1132.3,0.52
1133.5,0.52
1134.7,0.52
1136.0,0.48
1137.2,0.52
1138.5,0.48
1139.7,0.52
1141.0,0.48
1142.2,0.52
1143.4,0.52
1144.6,0.52
1145.9,0.48
1147.1,0.52
1148.3,0.52
1149.5,0.52
1150.7,0.52
1151.9,0.52
1153.2,0.48
1154.4,0.52
1155.6,0.52
1156.9,0.48
1158.2,0.48
1159.4,0.52
1160.7,0.48
1161.9,0.52
1163.2,0.48
1164.5,0.48
1165.7,0.52
1167.0,0.48
1168.3,0.48
1169.5,0.52
1170.8,0.48
1172.0,0.52
1173.2,0.52
1174.4,0.52
1175.7,0.48
1176.9,0.52
1178.1,0.52
1179.3,0.52
1180.6,0.48
1181.8,0.52
1183.0,0.52
1184.3,0.48
1185.5,0.52
1186.8,0.48
1188.1,0.48
1189.3,0.52
1190.5,0.52
1191.8,0.48
1193.0,0.52
1194.3,0.48
1195.6,0.48
1196.8,0.52
1198.1,0.48
1199.3,0.52
1200.5,0.52
1201.8,0.48
1203.0,0.52
1204.2,0.52
1205.5,0.48
1206.7,0.52
1208.0,0.48
1209.2,0.52
1210.4,0.52
1211.7,0.48
1212.9,0.52
1214.1,0.52
1215.3,0.52
1216.5,0.52
1217.7,0.52
1219.0,0.48
1220.2,0.52
1221.4,0.52
1222.6,0.52
1223.8,0.52
1225.0,0.52
1226.2,0.52
1227.4,0.52
1228.6,0.52
1229.8,0.52
1231.0,0.52
1232.3,0.48
1233.5,0.52
1234.8,0.48
1236.0,0.52
1237.2,0.52
1238.5,0.48
1239.8,0.48
1241.0,0.52
1242.2,0.52
1243.5,0.48
1244.8,0.48
1246.0,0.52
1247.2,0.52
1248.5,0.48
1249.8,0.48
1251.0,0.52
1252.3,0.48
1253.5,0.52
1254.8,0.48
1256.0,0.52
1257.2,0.52
1258.5,0.48
1259.7,0.52
1261.0,0.48
1262.2,0.52
1263.5,0.48
1264.7,0.52
1266.0,0.48
1267.2,0.52
1268.5,0.48
1269.7,0.52
1270.9,0.52
1272.1,0.52
1273.3,0.52
1274.5,0.52
1275.8,0.48
1277.0,0.52
1278.2,0.52
1279.4,0.52
1280.6,0.52
1281.8,0.52
1283.0,0.52
1284.2,0.52
1285.4,0.52
1286.7,0.48
1287.9,0.52
1289.2,0.48
1290.4,0.52
1291.6,0.52
1292.8,0.52
1294.0,0.52
1295.3,0.48
1296.5,0.52
1297.8,0.48
1299.0,0.52
1300.2,0.52
1301.4,0.52
1302.6,0.52
1303.8,0.52
1305.0,0.52
1306.2,0.52
1307.4,0.52
1308.6,0.52
1309.8,0.52
1311.1,0.48
1312.3,0.52
1313.5,0.52
1314.7,0.52
1315.9,0.52
1317.1,0.52
1318.3,0.52
1319.5,0.52
1320.7,0.52
1321.9,0.52
1323.1,0.52
1324.4,0.48
1325.6,0.52
1326.8,0.52
1328.0,0.52
1329.3,0.48
1330.5,0.52
1331.8,0.48
1333.0,0.52
1334.3,0.48
1335.6,0.48
1336.8,0.52
1338.1,0.48
1339.3,0.52
1340.5,0.52
1341.7,0.52
1342.9,0.52
1344.1,0.52
1345.3,0.52
1346.5,0.52
1347.8,0.48
1349.0,0.52
1350.2,0.52
1351.4,0.52
1352.6,0.52
1353.8,0.52
1355.0,0.52
1356.3,0.48
1357.5,0.52
1358.7,0.52
1359.9,0.52
1361.1,0.52
1362.3,0.52
1363.5,0.52
1364.8,0.48
1366.0,0.52
1367.2,0.52
1368.5,0.48
1369.7,0.52
1371.0,0.48
1372.2,0.52
1373.5,0.48
1374.7,0.52
1375.9,0.52
1377.1,0.52
1378.3,0.52
1379.5,0.52
1380.7,0.52
1381.9,0.52
1383.1,0.52
1384.4,0.48
1385.6,0.52
1386.8,0.52
1388.0,0.52
1389.3,0.48
1390.5,0.52
1391.7,0.52
1392.9,0.52
1394.1,0.52
1395.3,0.52
1396.5,0.52
1397.8,0.48
1399.0,0.52
1400.3,0.48
1401.6,0.48
1403.0,0.45
1404.4,0.45
1405.9,0.42
1407.4,0.42
1408.8,0.45
1410.2,0.45
1411.5,0.48
1412.9,0.45
1414.2,0.48
1415.5,0.48
1416.7,0.52
1418.0,0.48
1419.2,0.52
1420.4,0.52
1421.6,0.52
1422.8,0.52
1424.0,0.52
1425.2,0.52
1426.4,0.52
1427.6,0.52
1428.8,0.52
1430.0,0.52
1431.1,0.57
1432.3,0.52
1433.4,0.57
1434.6,0.52
1435.8,0.52
1437.0,0.52
1438.1,0.57
1439.3,0.52
1440.5,0.52
1441.8,0.48
1442.9,0.57
1444.2,0.48
1445.4,0.52
1446.6,0.52
1447.8,0.52
1449.0,0.52
1450.2,0.52
1451.5,0.48
1452.6,0.57
1453.8,0.52
1455.0,0.52
1456.2,0.52
1457.5,0.48
1458.7,0.52
1459.9,0.52
1461.1,0.52
1462.3,0.52
1463.5,0.52
1464.7,0.52
1466.0,0.48
1467.2,0.52
1468.4,0.52
1469.7,0.48
1470.9,0.52
1472.2,0.48
1473.4,0.52
1474.6,0.52
1475.9,0.48
1477.1,0.52
1478.4,0.48
1479.6,0.52
1480.8,0.52
1482.0,0.52
1483.2,0.52
1484.4,0.52
1485.6,0.52
1486.8,0.52
1488.0,0.52
1489.2,0.52
1490.4,0.52
1491.6,0.52
1492.8,0.52
1494.0,0.52
1495.2,0.52
1496.4,0.52
1497.7,0.48
1498.9,0.52
1500.1,0.52
1501.4,0.48
1502.6,0.52
1503.8,0.52
1505.1,0.48
1506.3,0.52
1507.5,0.52
1508.8,0.48
1510.1,0.48
1511.3,0.52
1512.6,0.48
1513.9,0.48
1515.1,0.52
1516.3,0.52
1517.6,0.48
1518.8,0.52
1520.0,0.52
1521.3,0.48
1522.5,0.52
1523.8,0.48
1525.0,0.52
1526.2,0.52
1527.5,0.48
1528.7,0.52
1530.0,0.48
1531.2,0.52
1532.4,0.52
1533.6,0.52
1534.8,0.52
1536.1,0.48
1537.3,0.52
1538.5,0.52
1539.7,0.52
1540.9,0.52
1542.1,0.52
1543.4,0.48
1544.6,0.52
1545.9,0.48
1547.1,0.52
1548.3,0.52
1549.5,0.52
1550.7,0.52
1551.9,0.52
1553.1,0.52
1554.3,0.52
1555.5,0.52
1556.7,0.52
1557.9,0.52
1559.2,0.48
1560.4,0.52
1561.6,0.52
1562.8,0.52
1564.0,0.52
1565.1,0.57
1566.3,0.52
1567.5,0.52
1568.7,0.52
1569.8,0.57
1571.0,0.52
1572.2,0.52
1573.4,0.52
1574.5,0.57
1575.7,0.52
1576.9,0.52
1578.1,0.52
1579.3,0.52
1580.5,0.52
1581.7,0.52
1582.9,0.52
1584.1,0.52
1585.2,0.57
1586.5,0.48
1587.7,0.52
1588.9,0.52
1590.1,0.52
1591.3,0.52
1592.6,0.48
1593.8,0.52
1595.0,0.52
1596.2,0.52
1597.4,0.52
1598.7,0.48
1599.9,0.52
1601.2,0.48
1602.5,0.48
1603.8,0.48
1605.1,0.48
1606.4,0.48
1607.6,0.52
1608.9,0.48
1610.2,0.48
1611.4,0.52
1612.7,0.48
1613.9,0.52
1615.1,0.52
1616.4,0.48
1617.7,0.48
1619.0,0.48
1620.2,0.52
1621.5,0.48
1622.8,0.48
1624.0,0.52
1625.3,0.48
1626.5,0.52
1627.8,0.48
1629.0,0.52
1630.2,0.52
1631.4,0.52
1632.6,0.52
1633.8,0.52
1635.1,0.48
1636.3,0.52
1637.5,0.52
1638.8,0.48
1640.0,0.52
1641.3,0.48
1642.5,0.52
1643.7,0.52
1644.9,0.52
1646.1,0.52
1647.3,0.52
1648.4,0.57
1649.6,0.52
1650.8,0.52
1652.1,0.48
1653.3,0.52
1654.5,0.52
1655.8,0.48
1657.0,0.52
1658.2,0.52
1659.4,0.52
1660.7,0.48
1661.9,0.52
1663.1,0.52
1664.4,0.48
1665.7,0.48
1666.9,0.52
1668.2,0.48
1669.5,0.48
1670.8,0.48
1672.0,0.52
1673.2,0.52
1674.5,0.48
1675.8,0.48
1677.1,0.48
1678.3,0.52
1679.6,0.48
1680.8,0.52
1682.1,0.48
1683.3,0.52
1684.5,0.52
1685.8,0.48
1687.0,0.52
1688.2,0.52
1689.5,0.48
1690.7,0.52
1691.8,0.57
1693.0,0.52
1694.2,0.52
1695.4,0.52
1696.6,0.52
1697.8,0.52
1699.0,0.52
1700.2,0.52
1701.4,0.52
1702.7,0.48
1703.9,0.52
1705.1,0.52
1706.3,0.52
1707.6,0.48
1708.9,0.48
1710.2,0.48
1711.4,0.52
1712.7,0.48
1714.0,0.48
1715.2,0.52
1716.5,0.48
1717.8,0.48
1719.0,0.52
1720.2,0.52
1721.5,0.48
1722.7,0.52
1724.0,0.48
1725.2,0.52
1726.5,0.48
1727.7,0.52
1729.0,0.48
1730.3,0.48
1731.6,0.48
1732.9,0.48
1734.3,0.45
1735.6,0.48
1736.8,0.52
1738.1,0.48
1739.4,0.48
1740.6,0.52
1741.9,0.48
1743.2,0.48
1744.6,0.45
1746.0,0.45
1747.4,0.45
1748.8,0.45
1750.3,0.42
1751.7,0.45
1753.1,0.45
1754.4,0.48
1755.8,0.45
1757.1,0.48
1758.5,0.45
1759.8,0.48
1761.2,0.45
1762.6,0.45
1764.0,0.45
1765.4,0.45
1766.8,0.45
1768.2,0.45
1769.6,0.45
1771.0,0.45
1772.4,0.45
1773.8,0.45
1775.1,0.48
1776.5,0.45
1777.9,0.45
1779.3,0.45
1780.6,0.48
1782.0,0.45
1783.3,0.48
1784.7,0.45
1786.0,0.48
1787.4,0.45
1788.7,0.48
1790.1,0.45
1791.4,0.48
1792.8,0.45
1794.2,0.45
1795.5,0.48
1796.9,0.45
1798.3,0.45
1799.8,0.42
1801.2,0.45
1802.7,0.42
1804.2,0.42
1805.6,0.45
1807.0,0.45
1808.5,0.42
1809.9,0.45
1811.4,0.42
1812.9,0.42
1814.4,0.42
1815.9,0.42
1817.3,0.45
1818.8,0.42
1820.2,0.45
1821.7,0.42
1823.1,0.45
1824.5,0.45
1826.0,0.42
1827.5,0.42
1829.0,0.42
1830.5,0.42
1832.0,0.42
1833.4,0.45
1834.9,0.42
1836.4,0.42
1837.8,0.45
1839.3,0.42
1840.7,0.45
1842.2,0.42
1843.7,0.42
1845.1,0.45
1846.6,0.42
1848.1,0.42
1849.6,0.42
1851.1,0.42
1852.6,0.42
1854.0,0.45
1855.5,0.42
1857.0,0.42
1858.4,0.45
1859.8,0.45
1861.3,0.42
1862.8,0.42
1864.3,0.42
1865.8,0.42
1867.3,0.42
1868.8,0.42
1870.2,0.45
1871.7,0.42
1873.1,0.45
1874.5,0.45
1875.8,0.48
1877.2,0.45
1878.5,0.48
1879.8,0.48
1881.1,0.48
1882.4,0.48
1883.6,0.52
1884.9,0.48
1886.2,0.48
1887.5,0.48
1888.8,0.48
1890.0,0.52
1891.3,0.48
1892.6,0.48
1893.9,0.48
1895.2,0.48
1896.5,0.48
1897.7,0.52
1899.0,0.48
1900.3,0.48
1901.6,0.48
1902.8,0.52
1904.1,0.48
1905.4,0.48
1906.7,0.48
1907.9,0.52
1909.2,0.48
1910.5,0.48
1911.8,0.48
1913.0,0.52
1914.3,0.48
1915.6,0.48
1916.9,0.48
1918.2,0.48
1919.5,0.48
1920.8,0.48
1922.0,0.52
1923.3,0.48
1924.5,0.52
1925.8,0.48
1927.0,0.52
1928.3,0.48
1929.6,0.48
1930.9,0.48
1932.1,0.52
1933.4,0.48
1934.6,0.52
1935.9,0.48
1937.2,0.48
1938.5,0.48
1939.7,0.52
1941.0,0.48
1942.3,0.48
1943.5,0.52
1944.8,0.48
1946.1,0.48
1947.3,0.52
1948.6,0.48
1949.9,0.48
1951.1,0.52
1952.4,0.48
1953.7,0.48
1955.0,0.48
1956.2,0.52
1957.5,0.48
1958.8,0.48
1960.0,0.52
1961.2,0.52
1962.5,0.48
1963.7,0.52
1965.0,0.48
1966.2,0.52
1967.5,0.48
1968.7,0.52
1970.0,0.48
1971.3,0.48
1972.5,0.52
1973.8,0.48
1975.1,0.48
1976.4,0.48
1977.7,0.48
1979.0,0.48
1980.3,0.48
1981.6,0.48
1982.9,0.48
1984.2,0.48
1985.5,0.48
1986.8,0.48
1988.1,0.48
1989.4,0.48
1990.7,0.48
1992.0,0.48
1993.3,0.48
1994.6,0.48
1995.9,0.48
1997.2,0.48
1998.5,0.48
1999.7,0.52
2001.0,0.48
2002.3,0.48
2003.6,0.48
2004.9,0.48
2006.2,0.48
2007.4,0.52
2008.7,0.48
2009.9,0.52
2011.2,0.48
2012.5,0.48
2013.7,0.52
2015.0,0.48
2016.3,0.48
2017.6,0.48
2018.8,0.52
2020.1,0.48
2021.3,0.52
2022.6,0.48
2023.9,0.48
2025.2,0.48
2026.5,0.48
2027.8,0.48
2029.1,0.48
2030.5,0.45
2031.8,0.48
2033.1,0.48
2034.4,0.48
2035.7,0.48
2037.0,0.48
2038.3,0.48
2039.5,0.52
2040.8,0.48
2042.0,0.52
2043.3,0.48
2044.5,0.52
2045.8,0.48
2047.0,0.52
2048.3,0.48
2049.6,0.48
2050.8,0.52
2052.1,0.48
2053.4,0.48
2054.7,0.48
2055.9,0.52
2057.1,0.52
2058.4,0.48
2059.6,0.52
2060.9,0.48
2062.2,0.48
2063.5,0.48
2064.8,0.48
2066.1,0.48
2067.4,0.48
2068.7,0.48
2070.1,0.45
2071.4,0.48
2072.7,0.48
2073.9,0.52
2075.2,0.48
2076.5,0.48
2077.7,0.52
2078.9,0.52
2080.2,0.48
2081.4,0.52
2082.7,0.48
2084.0,0.48
2085.2,0.52
2086.5,0.48
2087.8,0.48
2089.1,0.48
2090.3,0.52
2091.6,0.48
2092.8,0.52
2094.1,0.48
2095.3,0.52
2096.6,0.48
2097.8,0.52
2099.1,0.48
2100.4,0.48
2101.7,0.48
2102.9,0.52
2104.2,0.48
2105.4,0.52
2106.8,0.45
2108.1,0.48
2109.4,0.48
2110.7,0.48
2112.0,0.48
2113.3,0.48
2114.6,0.48
2115.9,0.48
2117.2,0.48
2118.4,0.52
2119.7,0.48
2121.0,0.48
2122.3,0.48
2123.7,0.45
2125.0,0.48
2126.3,0.48
2127.6,0.48
2129.0,0.45
2130.3,0.48
2131.7,0.45
2133.0,0.48
2134.3,0.48
2135.6,0.48
2136.9,0.48
2138.2,0.48
2139.5,0.48
2140.8,0.48
2142.1,0.48
2143.4,0.48
2144.8,0.45
2146.1,0.48
2147.4,0.48
2148.7,0.48
2150.0,0.48
2151.3,0.48
2152.6,0.48
2153.9,0.48
2155.1,0.52
2156.4,0.48
2157.6,0.52
2158.9,0.48
2160.1,0.52
2161.4,0.48
2162.7,0.48
2163.9,0.52
2165.1,0.52
2166.4,0.48
2167.7,0.48
2168.9,0.52
2170.2,0.48
2171.4,0.52
2172.7,0.48
2173.9,0.52
2175.2,0.48
2176.4,0.52
2177.7,0.48
2178.9,0.52
2180.2,0.48
2181.5,0.48
2182.7,0.52
2184.0,0.48
2185.3,0.48
2186.6,0.48
2187.9,0.48
2189.2,0.48
2190.4,0.52
2191.7,0.48
2193.0,0.48
2194.2,0.52
2195.5,0.48
2196.8,0.48
2198.1,0.48
2199.4,0.48
2200.7,0.48
2201.9,0.52
2203.2,0.48
2204.5,0.48
2205.7,0.52
2207.0,0.48
2208.3,0.48
2209.6,0.48
2210.8,0.52
2212.1,0.48
2213.4,0.48
2214.7,0.48
2215.9,0.52
2217.2,0.48
2218.5,0.48
2219.7,0.52
2221.0,0.48
2222.2,0.52
2223.5,0.48
2224.7,0.52
2225.9,0.52
2227.2,0.48
2228.4,0.52
2229.6,0.52
2230.9,0.48
2232.1,0.52
2233.3,0.52
2234.6,0.48
2235.8,0.52
2237.0,0.52
2238.3,0.48
2239.5,0.52
2240.8,0.48
2242.0,0.52
2243.2,0.52
2244.4,0.52
2245.7,0.48
2246.9,0.52
2248.1,0.52
2249.3,0.52
2250.5,0.52
2251.8,0.48
2253.0,0.52
2254.3,0.48
2255.5,0.52
2256.7,0.52
2258.0,0.48
2259.2,0.52
2260.4,0.52
2261.7,0.48
2262.9,0.52
2264.2,0.48
2265.4,0.52
2266.7,0.48
2268.0,0.48
2269.3,0.48
2270.6,0.48
2271.9,0.48
2273.2,0.48
2274.4,0.52
2275.7,0.48
2276.9,0.52
2278.2,0.48
2279.4,0.52
2280.6,0.52
2281.8,0.52
2283.0,0.52
2284.3,0.48
2285.5,0.52
2286.8,0.48
2288.0,0.52
2289.3,0.48
2290.5,0.52
2291.8,0.48
2293.0,0.52
2294.3,0.48
2295.6,0.48
2296.8,0.52
2298.1,0.48
2299.3,0.52
2300.6,0.48
2301.9,0.48
2303.2,0.48
2304.4,0.52
2305.7,0.48
2307.0,0.48
2308.3,0.48
2309.6,0.48
2310.9,0.48
2312.2,0.48
2313.4,0.52
2314.7,0.48
2315.9,0.52
2317.2,0.48
2318.4,0.52
2319.7,0.48
2320.9,0.52
2322.2,0.48
2323.6,0.45
2324.9,0.48
2326.2,0.48
2327.6,0.45
2329.0,0.45
2330.3,0.48
2331.7,0.45
2332.9,0.52
2334.2,0.48
2335.6,0.45
2336.9,0.48
2338.2,0.48
2339.5,0.48
2340.8,0.48
2342.1,0.48
2343.4,0.48
2344.8,0.45
2346.1,0.48
2347.4,0.48
2348.8,0.45
2350.2,0.45
2351.5,0.48
2352.8,0.48
2354.1,0.48
2355.4,0.48
2356.7,0.48
2358.0,0.48
2359.3,0.48
2360.6,0.48
2361.8,0.52
2363.2,0.45
2364.5,0.48
2365.9,0.45
2367.3,0.45
2368.7,0.45
2370.1,0.45
2371.4,0.48
2372.8,0.45
2374.2,0.45
2375.6,0.45
2376.9,0.48
2378.3,0.45
2379.6,0.48
2381.0,0.45
2382.3,0.48
2383.6,0.48
2385.0,0.45
2386.4,0.45
2387.8,0.45
2389.2,0.45
2390.6,0.45
2391.9,0.48
2393.3,0.45
2394.8,0.42
2396.1,0.48
2397.5,0.45
2398.9,0.45
2400.2,0.48
2401.5,0.48
2402.8,0.48
2404.1,0.48
2405.5,0.45
2406.8,0.48
2408.2,0.45
2409.6,0.45
2410.9,0.48
2412.3,0.45
2413.7,0.45
2415.1,0.45
2416.5,0.45
2417.8,0.48
2419.2,0.45
2420.6,0.45
2421.9,0.48
2423.3,0.45
2424.7,0.45
2426.1,0.45
2427.6,0.42
2429.1,0.42
2430.7,0.39
2432.1,0.45
2433.6,0.42
2435.0,0.45
2436.3,0.48
2437.7,0.45
2439.1,0.45
2440.5,0.45
2441.8,0.48
2443.2,0.45
2444.6,0.45
2446.0,0.45
2447.4,0.45
2448.8,0.45
2450.3,0.42
2451.8,0.42
2453.2,0.45
2454.6,0.45
2456.0,0.45
2457.4,0.45
2458.8,0.45
2460.3,0.42
2461.7,0.45
2463.2,0.42
2464.7,0.42
2466.2,0.42
2467.9,0.37
2469.5,0.39
2471.2,0.37
2472.9,0.37
2474.5,0.39
2476.0,0.42
2477.6,0.39
2479.1,0.42
2480.7,0.39
2482.3,0.39
2483.9,0.39
2485.5,0.39
2487.2,0.37
2489.0,0.35
2490.8,0.35
2492.7,0.33
2494.4,0.37
2496.1,0.37
2497.9,0.35
2499.7,0.35
2501.3,0.39
2502.9,0.39
2504.5,0.39
2506.0,0.42
2507.4,0.45
2508.8,0.45
2510.2,0.45
2511.5,0.48
2512.9,0.45
2514.2,0.48
2515.6,0.45
2516.9,0.48
2518.3,0.45
2519.7,0.45
2521.2,0.42
2522.7,0.42
2524.2,0.42
2525.7,0.42
2527.1,0.45
2528.5,0.45
2529.9,0.45
2531.3,0.45
2532.8,0.42
2534.3,0.42
2535.8,0.42
2537.3,0.42
2538.9,0.39
2540.4,0.42
2542.0,0.39
2543.5,0.42
2545.1,0.39
2546.7,0.39
2548.3,0.39
2549.9,0.39
2551.4,0.42
2553.0,0.39
2554.5,0.42
2556.0,0.42
2557.5,0.42
2559.0,0.42
2560.5,0.42
2562.0,0.42
2563.4,0.45
2564.8,0.45
2566.3,0.42
2567.8,0.42
2569.3,0.42
2570.7,0.45
2572.2,0.42
2573.7,0.42
2575.3,0.39
2576.8,0.42
2578.4,0.39
2579.9,0.42
2581.4,0.42
2582.9,0.42
2584.4,0.42
2585.9,0.42
2587.4,0.42
2588.9,0.42
2590.4,0.42
2591.8,0.45
2593.3,0.42
2594.7,0.45
2596.0,0.48
2597.3,0.48
2598.7,0.45
2600.0,0.48
2601.3,0.48
2602.6,0.48
2603.9,0.48
2605.2,0.48
2606.6,0.45
2608.0,0.45
2609.4,0.45
2610.8,0.45
2612.2,0.45
2613.6,0.45
2615.0,0.45
2616.4,0.45
2617.7,0.48
2619.1,0.45
2620.5,0.45
2621.8,0.48
2623.2,0.45
2624.6,0.45
2626.0,0.45
2627.3,0.48
2628.7,0.45
2630.1,0.45
2631.4,0.48
2632.8,0.45
2634.2,0.45
2635.5,0.48
2636.8,0.48
2638.1,0.48
2639.4,0.48
2640.7,0.48
2642.0,0.48
2643.3,0.48
2644.6,0.48
2645.9,0.48
2647.2,0.48
2648.6,0.45
2649.9,0.48
2651.3,0.45
2652.6,0.48
2653.9,0.48
2655.2,0.48
2656.5,0.48
2657.8,0.48
2659.1,0.48
2660.3,0.52
2661.6,0.48
2662.9,0.48
2664.2,0.48
2665.5,0.48
2666.8,0.48
2668.2,0.45
2669.5,0.48
2670.9,0.45
2672.2,0.48
2673.6,0.45
2675.0,0.45
2676.3,0.48
2677.6,0.48
2678.9,0.48
2680.2,0.48
2681.5,0.48
2682.8,0.48
2684.1,0.48
2685.4,0.48
2686.7,0.48
2688.0,0.48
2689.4,0.45
2690.7,0.48
2692.0,0.48
2693.4,0.45
2694.7,0.48
2696.1,0.45
2697.4,0.48
2698.8,0.45
2700.1,0.48
2701.3,0.52
2702.6,0.48
2703.9,0.48
2705.2,0.48
2706.4,0.52
2707.8,0.45
2709.1,0.48
2710.4,0.48
2711.7,0.48
2713.0,0.48
2714.3,0.48
2715.6,0.48
2716.9,0.48
2718.2,0.48
2719.6,0.45
2720.9,0.48
2722.2,0.48
2723.5,0.48
2724.8,0.48
2726.1,0.48
2727.4,0.48
2728.7,0.48
2730.1,0.45
2731.4,0.48
2732.7,0.48
2734.0,0.48
2735.3,0.48
2736.6,0.48
2737.9,0.48
2739.2,0.48
2740.5,0.48
2741.8,0.48
2743.1,0.48
2744.4,0.48
2745.7,0.48
2746.9,0.52
2748.2,0.48
2749.6,0.45
2750.9,0.48
2752.3,0.45
2753.6,0.48
2754.8,0.52
2756.1,0.48
2757.4,0.48
2758.7,0.48
2760.0,0.48
2761.3,0.48
2762.6,0.48
2763.9,0.48
2765.2,0.48
2766.6,0.45
2767.9,0.48
2769.2,0.48
2770.5,0.48
2771.8,0.48
2773.1,0.48
2774.3,0.52
2775.6,0.48
2776.9,0.48
2778.2,0.48
2779.4,0.52
2780.7,0.48
2782.0,0.48
2783.3,0.48
2784.5,0.52
2785.8,0.48
2787.2,0.45
2788.5,0.48
2789.8,0.48
2791.1,0.48
2792.4,0.48
2793.7,0.48
2795.0,0.48
2796.3,0.48
2797.6,0.48
2798.9,0.48
2800.2,0.48
2801.5,0.48
2802.8,0.48
2804.1,0.48
2805.4,0.48
2806.7,0.48
2808.0,0.48
2809.3,0.48
2810.6,0.48
2811.9,0.48
2813.3,0.45
2814.6,0.48
2815.9,0.48
2817.3,0.45
2818.7,0.45
2820.0,0.48
2821.4,0.45
2822.7,0.48
2824.1,0.45
2825.4,0.48
2826.7,0.48
2828.0,0.48
2829.4,0.45
2830.7,0.48
2832.0,0.48
2833.3,0.48
2834.6,0.48
2835.9,0.48
2837.2,0.48
2838.5,0.48
2839.8,0.48
2841.1,0.48
2842.3,0.52
2843.7,0.45
2845.0,0.48
2846.3,0.48
2847.7,0.45
2849.0,0.48
2850.3,0.48
2851.7,0.45
2853.0,0.48
2854.3,0.48
2855.6,0.48
2856.9,0.48
2858.2,0.48
2859.5,0.48
2860.8,0.48
2862.0,0.52
2863.3,0.48
2864.6,0.48
2866.0,0.45
2867.3,0.48
2868.6,0.48
2870.0,0.45
2871.3,0.48
2872.6,0.48
2873.9,0.48
2875.3,0.45
2876.6,0.48
2877.9,0.48
2879.2,0.48
2880.5,0.48
2881.8,0.48
2883.2,0.45
2884.5,0.48
2885.8,0.48
2887.2,0.45
2888.5,0.48
2889.8,0.48
2891.2,0.45
2892.5,0.48
2893.8,0.48
2895.1,0.48
2896.5,0.45
2897.8,0.48
2899.1,0.48
2900.4,0.48
2901.8,0.45
2903.1,0.48
2904.4,0.48
2905.7,0.48
2907.0,0.48
2908.3,0.48
2909.6,0.48
2910.9,0.48
2912.2,0.48
2913.4,0.52
2914.7,0.48
2916.0,0.48
2917.3,0.48
2918.6,0.48
2919.9,0.48
2921.2,0.48
2922.5,0.48
2923.8,0.48
2925.1,0.48
2926.5,0.45
2927.8,0.48
2929.2,0.45
2930.6,0.45
2931.9,0.48
2933.2,0.48
2934.5,0.48
2935.7,0.52
2937.0,0.48
2938.2,0.52
2939.5,0.48
2940.8,0.48
2942.1,0.48
2943.4,0.48
2944.8,0.45
2946.1,0.48
2947.4,0.48
2948.8,0.45
2950.1,0.48
2951.5,0.45
2952.8,0.48
2954.1,0.48
2955.5,0.45
2956.8,0.48
2958.1,0.48
2959.4,0.48
2960.8,0.45
2962.1,0.48
2963.4,0.48
2964.7,0.48
2966.0,0.48
2967.3,0.48
2968.7,0.45
2970.0,0.48
2971.4,0.45
2972.7,0.48
2974.0,0.48
2975.3,0.48
2976.5,0.52
2977.8,0.48
2979.1,0.48
2980.4,0.48
2981.8,0.45
2983.1,0.48
2984.4,0.48
2985.7,0.48
2986.9,0.52
2988.2,0.48
2989.5,0.48
2990.8,0.48
2992.1,0.48
2993.4,0.48
2994.7,0.48
2995.9,0.52
2997.2,0.48
2998.5,0.48
2999.8,0.48
3001.2,0.45
3002.5,0.48
3003.9,0.45
3005.2,0.48
3006.7,0.42
3008.1,0.45
3009.4,0.48
3010.8,0.45
3012.2,0.45
3013.6,0.45
3014.9,0.48
3016.3,0.45
3017.6,0.48
3018.9,0.48
3020.3,0.45
3021.7,0.45
3023.0,0.48
3024.3,0.48
3025.6,0.48
3026.9,0.48
3028.3,0.45
3029.6,0.48
3030.9,0.48
3032.2,0.48
3033.6,0.45
3034.8,0.52
3036.2,0.45
3037.5,0.48
3038.8,0.48
3040.2,0.45
3041.5,0.48
3042.9,0.45
3044.2,0.48
3045.5,0.48
3046.9,0.45
3048.2,0.48
3049.6,0.45
3050.9,0.48
3052.2,0.48
3053.6,0.45
3054.9,0.48
3056.2,0.48
3057.5,0.48
3058.8,0.48
3060.1,0.48
3061.4,0.48
3062.8,0.45
3064.2,0.45
3065.5,0.48
3066.8,0.48
3068.2,0.45
3069.5,0.48
3070.9,0.45
3072.3,0.45
3073.7,0.45
3075.1,0.45
3076.4,0.48
3077.7,0.48
3079.0,0.48
3080.3,0.48
3081.5,0.52
3082.8,0.48
3084.1,0.48
3085.4,0.48
3086.7,0.48
3088.0,0.48
3089.3,0.48
3090.6,0.48
3091.9,0.48
3093.3,0.45
3094.6,0.48
3095.8,0.52
3097.1,0.48
3098.5,0.45
3099.8,0.48
3101.1,0.48
3102.4,0.48
3103.7,0.48
3105.0,0.48
3106.3,0.48
3107.5,0.52
3108.8,0.48
3110.2,0.45
3111.5,0.48
3112.8,0.48
3114.1,0.48
3115.4,0.48
3116.7,0.48
3118.0,0.48
3119.3,0.48
3120.6,0.48
3121.9,0.48
3123.2,0.48
3124.6,0.45
3125.9,0.48
3127.3,0.45
3128.6,0.48
3130.0,0.45
3131.3,0.48
3132.6,0.48
3133.8,0.52
3135.1,0.48
3136.3,0.52
3137.5,0.52
3138.7,0.52
3140.0,0.48
3141.2,0.52
3142.5,0.48
3143.8,0.48
3145.0,0.52
3146.3,0.48
3147.5,0.52
3148.8,0.48
3150.1,0.48
3151.3,0.52
3152.6,0.48
3153.9,0.48
3155.2,0.48
3156.5,0.48
3157.8,0.48
3159.1,0.48
3160.4,0.48
3161.7,0.48
3163.0,0.48
3164.3,0.48
3165.7,0.45
3167.0,0.48
3168.4,0.45
3169.8,0.45
3171.1,0.48
3172.4,0.48
3173.7,0.48
3175.0,0.48
3176.4,0.45
3177.7,0.48
3179.0,0.48
3180.3,0.48
3181.6,0.48
3182.8,0.52
3184.1,0.48
3185.3,0.52
3186.6,0.48
3187.9,0.48
3189.2,0.48
3190.5,0.48
3191.8,0.48
3193.1,0.48
3194.4,0.48
3195.7,0.48
3196.9,0.52
3198.3,0.45
3199.6,0.48
3200.9,0.48
3202.3,0.45
3203.7,0.45
3205.1,0.45
3206.5,0.45
3207.9,0.45
3209.3,0.45
3210.7,0.45
3212.1,0.45
3213.4,0.48
3214.7,0.48
3216.0,0.48
3217.3,0.48
3218.5,0.52
3219.8,0.48
3221.1,0.48
3222.4,0.48
3223.7,0.48
3225.0,0.48
3226.3,0.48
3227.7,0.45
3229.0,0.48
3230.4,0.45
3231.8,0.45
3233.1,0.48
3234.3,0.52
3235.6,0.48
3236.8,0.52
3238.1,0.48
3239.4,0.48
3240.7,0.48
3241.9,0.52
3243.2,0.48
3244.6,0.45
3245.9,0.48
3247.2,0.48
3248.6,0.45
3250.0,0.45
3251.4,0.45
3252.7,0.48
3254.1,0.45
3255.5,0.45
3256.8,0.48
3258.1,0.48
3259.4,0.48
3260.7,0.48
3262.1,0.45
3263.4,0.48
3264.8,0.45
3266.2,0.45
3267.6,0.45
3269.1,0.42
3270.5,0.45
3271.9,0.45
3273.2,0.48
3274.4,0.52
3275.7,0.48
3276.9,0.52
3278.1,0.52
3279.4,0.48
3280.6,0.52
3281.9,0.48
3283.2,0.48
3284.5,0.48
3285.9,0.45
3287.3,0.45
3288.8,0.42
3290.3,0.42
3291.8,0.42
3293.4,0.39
3294.9,0.42
3296.4,0.42
3297.8,0.45
3299.1,0.48
3300.5,0.45
3301.8,0.48
3303.2,0.45
3304.6,0.45
3306.1,0.42
3307.5,0.45
3309.0,0.42
3310.4,0.45
3311.9,0.42
3313.3,0.45
3314.8,0.42
3316.2,0.45
3317.7,0.42
3319.2,0.42
3320.6,0.45
3322.0,0.45
3323.4,0.45
3324.9,0.42
3326.3,0.45
3327.8,0.42
3329.2,0.45
3330.7,0.42
3332.2,0.42
3333.7,0.42
3335.2,0.42
3336.7,0.42
3338.2,0.42
3339.6,0.45
3341.0,0.45
3342.5,0.42
3343.9,0.45
3345.4,0.42
3346.8,0.45
3348.3,0.42
3349.7,0.45
3351.2,0.42
3352.7,0.42
3354.2,0.42
3355.7,0.42
3357.2,0.42
3358.8,0.39
3360.3,0.42
3361.9,0.39
3363.4,0.42
3364.9,0.42
3366.4,0.42
3367.8,0.45
3369.3,0.42
3370.7,0.45
3372.1,0.45
3373.5,0.45
3374.8,0.48
3376.2,0.45
3377.5,0.48
3378.8,0.48
3380.2,0.45
3381.6,0.45
3382.9,0.48
3384.3,0.45
3385.7,0.45
3387.1,0.45
3388.5,0.45
3389.9,0.45
3391.3,0.45
3392.7,0.45
3394.0,0.48
3395.4,0.45
3396.7,0.48
3398.1,0.45
3399.4,0.48
3400.8,0.45
3402.2,0.45
3403.6,0.45
3405.0,0.45
3406.3,0.48
3407.7,0.45
3409.1,0.45
3410.5,0.45
3411.9,0.45
3413.3,0.45
3414.7,0.45
3416.1,0.45
3417.5,0.45
3418.9,0.45
3420.3,0.45
3421.7,0.45
3423.1,0.45
3424.5,0.45
3426.0,0.42
3427.4,0.45
3428.9,0.42
3430.4,0.42
3431.9,0.42
3433.3,0.45
3434.7,0.45
3436.1,0.45
3437.5,0.45
3438.9,0.45
3440.2,0.48
3441.6,0.45
3442.9,0.48
3444.2,0.48
3445.6,0.45
3446.9,0.48
3448.3,0.45
3449.7,0.45
3451.1,0.45
3452.4,0.48
3453.8,0.45
3455.1,0.48
3456.5,0.45
3457.8,0.48
3459.1,0.48
3460.5,0.45
3461.8,0.48
3463.1,0.48
3464.4,0.48
3465.8,0.45
3467.1,0.48
3468.5,0.45
3469.9,0.45
3471.2,0.48
3472.7,0.42
3474.1,0.45
3475.4,0.48
3476.8,0.45
3478.2,0.45
3479.6,0.45
3480.9,0.48
3482.3,0.45
3483.7,0.45
3485.2,0.42
3486.6,0.45
3488.0,0.45
3489.3,0.48
3490.7,0.45
3492.0,0.48
3493.3,0.48
3494.7,0.45
3496.0,0.48
3497.3,0.48
3498.6,0.48
3499.9,0.48
3501.2,0.48
3502.5,0.48
3503.8,0.48
3505.2,0.45
3506.6,0.45
3508.0,0.45
3509.4,0.45
3510.8,0.45
3512.2,0.45
3513.5,0.48
3514.8,0.48
3516.1,0.48
3517.5,0.45
3518.8,0.48
3520.1,0.48
3521.5,0.45
3522.8,0.48
3524.2,0.45
3525.6,0.45
3526.9,0.48
3528.2,0.48
3529.6,0.45
3530.9,0.48
3532.2,0.48
3533.5,0.48
3534.8,0.48
3536.1,0.48
3537.5,0.45
3538.9,0.45
3540.3,0.45
3541.7,0.45
3543.1,0.45
3544.4,0.48
3545.8,0.45
3547.2,0.45
3548.6,0.45
3550.0,0.45
3551.4,0.45
3552.8,0.45
3554.1,0.48
3555.4,0.48
3556.7,0.48
3558.0,0.48
3559.3,0.48
3560.6,0.48
3561.9,0.48
3563.3,0.45
3564.6,0.48
3565.9,0.48
3567.2,0.48
3568.5,0.48
3569.8,0.48
3571.2,0.45
3572.5,0.48
3573.8,0.48
3575.2,0.45
3576.6,0.45
3578.0,0.45
3579.3,0.48
3580.7,0.45
3581.9,0.52
3583.2,0.48
3584.5,0.48
3585.9,0.45
3587.2,0.48
3588.6,0.45
3589.9,0.48
3591.2,0.48
3592.5,0.48
3593.8,0.48
3595.1,0.48
3596.4,0.48
3597.7,0.48
3599.0,0.48
3600.2,0.52
3601.5,0.48
3602.9,0.45
3604.2,0.48
3605.5,0.48
3606.9,0.45
3608.2,0.48
3609.6,0.45
3610.8,0.52
3612.1,0.48
3613.3,0.52
3614.6,0.48
3615.8,0.52
3617.1,0.48
3618.4,0.48
3619.7,0.48
3621.0,0.48
3622.3,0.48
3623.7,0.45
3625.1,0.45
3626.5,0.45
3627.9,0.45
3629.2,0.48
3630.6,0.45
3631.9,0.48
3633.2,0.48
3634.5,0.48
3635.8,0.48
3637.0,0.52
3638.3,0.48
3639.6,0.48
3640.9,0.48
3642.2,0.48
3643.5,0.48
3644.8,0.48
3646.2,0.45
3647.5,0.48
3648.8,0.48
3650.2,0.45
3651.5,0.48
3652.8,0.48
3654.0,0.52
3655.3,0.48
3656.5,0.52
3657.8,0.48
3659.1,0.48
3660.3,0.52
3661.6,0.48
3662.9,0.48
3664.2,0.48
3665.6,0.45
3666.9,0.48
3668.3,0.45
3669.7,0.45
3671.0,0.48
3672.4,0.45
3673.7,0.48
3675.0,0.48
3676.3,0.48
3677.7,0.45
3679.1,0.45
3680.4,0.48
3681.8,0.45
3683.2,0.45
3684.5,0.48
3685.9,0.45
3687.3,0.45
3688.7,0.45
3690.1,0.45
3691.5,0.45
3692.8,0.48
3694.2,0.45
3695.6,0.45
3697.0,0.45
3698.4,0.45
3699.8,0.45
3701.2,0.45
3702.5,0.48
3703.9,0.45
3705.3,0.45
3706.6,0.48
3708.0,0.45
3709.3,0.48
3710.7,0.45
3712.1,0.45
3713.4,0.48
3714.7,0.48
3716.0,0.48
3717.3,0.48
3718.6,0.48
3719.8,0.52
3721.1,0.48
3722.5,0.45
3723.8,0.48
3725.2,0.45
3726.6,0.45
3728.1,0.42
3729.5,0.45
3730.9,0.45
3732.3,0.45
3733.7,0.45
3735.1,0.45
3736.4,0.48
3737.7,0.48
3739.0,0.48
3740.4,0.45
3741.7,0.48
3743.1,0.45
3744.4,0.48
3745.7,0.48
3747.1,0.45
3748.5,0.45
3749.9,0.45
3751.3,0.45
3752.7,0.45
3754.0,0.48
3755.3,0.48
3756.7,0.45
3758.0,0.48
3759.4,0.45
3760.7,0.48
3762.0,0.48
3763.3,0.48
3764.7,0.45
3766.1,0.45
3767.6,0.42
3769.0,0.45
3770.5,0.42
3771.8,0.48
3773.2,0.45
3774.6,0.45
3775.9,0.48
3777.3,0.45
3778.6,0.48
3779.9,0.48
3781.2,0.48
3782.5,0.48
3783.8,0.48
3785.1,0.48
3786.5,0.45
3787.9,0.45
3789.2,0.48
3790.6,0.45
3791.9,0.48
3793.2,0.48
3794.5,0.48
3795.9,0.45
3797.3,0.45
3798.7,0.45
3800.1,0.45
3801.5,0.45
3802.9,0.45
3804.3,0.45
3805.7,0.45
3807.0,0.48
3808.3,0.48
3809.7,0.45
3811.0,0.48
3812.3,0.48
3813.6,0.48
3814.9,0.48
3816.2,0.48
3817.5,0.48
3818.8,0.48
3820.1,0.48
3821.4,0.48
3822.7,0.48
3824.0,0.48
3825.3,0.48
3826.6,0.48
3828.0,0.45
3829.4,0.45
3830.7,0.48
3832.1,0.45
3833.4,0.48
3834.7,0.48
3836.1,0.45
3837.4,0.48
3838.7,0.48
3840.0,0.48
3841.4,0.45
3842.7,0.48
3844.0,0.48
3845.3,0.48
3846.7,0.45
3848.0,0.48
3849.4,0.45
3850.7,0.48
3852.1,0.45
3853.5,0.45
3854.8,0.48
3856.1,0.48
3857.5,0.45
3858.8,0.48
3860.1,0.48
3861.5,0.45
3862.8,0.48
3864.2,0.45
3865.6,0.45
3867.0,0.45
3868.4,0.45
3869.9,0.42
3871.3,0.45
3872.6,0.48
3873.9,0.48
3875.2,0.48
3876.5,0.48
3877.8,0.48
3879.1,0.48
3880.5,0.45
3881.8,0.48
3883.2,0.45
3884.5,0.48
3885.8,0.48
3887.2,0.45
3888.5,0.48
3889.9,0.45
3891.4,0.42
3892.8,0.45
3894.3,0.42
3895.8,0.42
3897.4,0.39
3898.9,0.42
3900.3,0.45
3901.8,0.42
3903.3,0.42
3904.8,0.42
3906.3,0.42
3907.8,0.42
3909.4,0.39
3911.1,0.37
3912.8,0.37
3914.4,0.39
3916.1,0.37
3917.8,0.37
3919.8,0.31
3921.7,0.33
3923.5,0.35
3925.2,0.37
3926.8,0.39
3928.4,0.39
3930.0,0.39
3931.6,0.39
3933.2,0.39
3934.7,0.42
3936.0,0.48
3937.4,0.45
3938.7,0.48
3940.0,0.48
3941.3,0.48
3942.6,0.48
3943.9,0.48
3945.2,0.48
3946.6,0.45
3947.9,0.48
3949.2,0.48
3950.6,0.45
3951.9,0.48
3953.3,0.45
3954.7,0.45
3956.1,0.45
3957.5,0.45
3958.9,0.45
3960.3,0.45
3961.8,0.42
3963.2,0.45
3964.8,0.39
3966.3,0.42
3967.8,0.42
3969.3,0.42
3970.8,0.42
3972.4,0.39
3973.9,0.42
3975.4,0.42
3977.0,0.39
3978.5,0.42
3980.0,0.42
3981.6,0.39
3983.1,0.42
3984.7,0.39
3986.2,0.42
3987.7,0.42
3989.2,0.42
3990.7,0.42
3992.2,0.42
3993.6,0.45
3995.1,0.42
3996.6,0.42
3998.1,0.42
3999.6,0.42
4001.2,0.39
4002.8,0.39
4004.4,0.39
4005.8,0.45
4007.3,0.42
4008.7,0.45
4010.2,0.42
4011.6,0.45
4013.0,0.45
4014.4,0.45
4015.7,0.48
4017.0,0.48
4018.4,0.45
4019.7,0.48
4021.1,0.45
4022.4,0.48
4023.8,0.45
4025.2,0.45
4026.6,0.45
4028.0,0.45
4029.4,0.45
4030.9,0.42
4032.4,0.42
4033.9,0.42
4035.4,0.42
4036.9,0.42
4038.3,0.45
4039.8,0.42
4041.2,0.45
4042.6,0.45
4043.9,0.48
4045.3,0.45
4046.7,0.45
4048.2,0.42
4049.6,0.45
4051.0,0.45
4052.4,0.45
4053.9,0.42
4055.3,0.45
4056.7,0.45
4058.1,0.45
4059.4,0.48
4060.8,0.45
4062.2,0.45
4063.5,0.48
4064.9,0.45
4066.2,0.48
4067.6,0.45
4069.0,0.45
4070.4,0.45
4071.8,0.45
4073.2,0.45
4074.6,0.45
4076.0,0.45
4077.3,0.48
4078.7,0.45
4080.0,0.48
4081.4,0.45
4082.8,0.45
4084.2,0.45
4085.6,0.45
4086.9,0.48
4088.4,0.42
4089.8,0.45
4091.3,0.42
4092.7,0.45
4094.1,0.45
4095.5,0.45
4096.9,0.45
4098.2,0.48
4099.6,0.45
4100.9,0.48
4102.2,0.48
4103.5,0.48
4104.9,0.45
4106.2,0.48
4107.5,0.48
4108.9,0.45
4110.3,0.45
4111.6,0.48
4113.0,0.45
4114.4,0.45
4115.7,0.48
4117.0,0.48
4118.4,0.45
4119.7,0.48
4121.0,0.48
4122.4,0.45
4123.7,0.48
4125.1,0.45
4126.5,0.45
4127.9,0.45
4129.4,0.42
4130.9,0.42
4132.4,0.42
4133.9,0.42
4135.3,0.45
4136.7,0.45
4138.1,0.45
4139.4,0.48
4140.7,0.48
4142.0,0.48
4143.3,0.48
4144.7,0.45
4146.0,0.48
4147.3,0.48
4148.6,0.48
4149.9,0.48
4151.2,0.48
4152.6,0.45
4153.9,0.48
4155.3,0.45
4156.6,0.48
4157.9,0.48
4159.2,0.48
4160.5,0.48
4161.8,0.48
4163.1,0.48
4164.4,0.48
4165.7,0.48
4167.1,0.45
4168.4,0.48
4169.7,0.48
4171.1,0.45
4172.4,0.48
4173.8,0.45
4175.1,0.48
4176.5,0.45
4177.8,0.48
4179.1,0.48
4180.4,0.48
4181.8,0.45
4183.0,0.52
4184.3,0.48
4185.6,0.48
4186.9,0.48
4188.3,0.45
4189.7,0.45
4191.0,0.48
4192.4,0.45
4193.8,0.45
4195.1,0.48
4196.4,0.48
4197.7,0.48
4199.0,0.48
4200.3,0.48
4201.6,0.48
4202.9,0.48
4204.3,0.45
4205.6,0.48
4207.0,0.45
4208.4,0.45
4209.9,0.42
4211.2,0.48
4212.6,0.45
4214.0,0.45
4215.4,0.45
4216.7,0.48
4218.1,0.45
4219.4,0.48
4220.7,0.48
4222.0,0.48
4223.4,0.45
4224.6,0.52
4226.0,0.45
4227.3,0.48
4228.6,0.48
4229.9,0.48
4231.2,0.48
4232.5,0.48
4233.8,0.48
4235.1,0.48
4236.3,0.52
4237.6,0.48
4238.9,0.48
4240.3,0.45
4241.6,0.48
4242.9,0.48
4244.1,0.52
4245.4,0.48
4246.7,0.48
4248.1,0.45
4249.4,0.48
4250.7,0.48
4252.1,0.45
4253.4,0.48
4254.7,0.48
4256.0,0.48
4257.3,0.48
4258.6,0.48
4259.9,0.48
4261.2,0.48
4262.5,0.48
4263.8,0.48
4265.1,0.48
4266.5,0.45
4267.8,0.48
4269.2,0.45
4270.6,0.45
4271.9,0.48
4273.2,0.48
4274.6,0.45
4275.9,0.48
4277.2,0.48
4278.6,0.45
4279.9,0.48
4281.2,0.48
4282.5,0.48
4283.8,0.48
4285.1,0.48
4286.4,0.48
4287.8,0.45
4289.2,0.45
4290.5,0.48
4291.9,0.45
4293.2,0.48
4294.5,0.48
4295.9,0.45
4297.2,0.48
4298.5,0.48
4299.9,0.45
4301.2,0.48
4302.5,0.48
4303.8,0.48
4305.1,0.48
4306.4,0.48
4307.8,0.45
4309.1,0.48
4310.4,0.48
4311.8,0.45
4313.1,0.48
4314.4,0.48
4315.7,0.48
4317.0,0.48
4318.3,0.48
4319.6,0.48
4320.9,0.48
4322.2,0.48
4323.5,0.48
4324.8,0.48
4326.1,0.48
4327.5,0.45
4328.9,0.45
4330.3,0.45
4331.6,0.48
4333.0,0.45
4334.3,0.48
4335.6,0.48
4336.9,0.48
4338.3,0.45
4339.6,0.48
4340.9,0.48
4342.3,0.45
4343.7,0.45
4345.1,0.45
4346.4,0.48
4347.7,0.48
4349.0,0.48
4350.4,0.45
4351.6,0.52
4353.0,0.45
4354.3,0.48
4355.6,0.48
4356.8,0.52
4358.1,0.48
4359.4,0.48
4360.6,0.52
4361.9,0.48
4363.3,0.45
4364.6,0.48
4365.9,0.48
4367.3,0.45
4368.7,0.45
4370.1,0.45
4371.5,0.45
4372.8,0.48
4374.1,0.48
4375.4,0.48
4376.7,0.48
4378.0,0.48
4379.4,0.45
4380.7,0.48
4382.0,0.48
4383.4,0.45
4384.7,0.48
4386.1,0.45
4387.5,0.45
4388.8,0.48
4390.2,0.45
4391.6,0.45
4392.9,0.48
4394.3,0.45
4395.6,0.48
4396.9,0.48
4398.2,0.48
4399.5,0.48
4400.8,0.48
4402.1,0.48
4403.4,0.48
4404.8,0.45
4406.1,0.48
4407.5,0.45
4408.9,0.45
4410.3,0.45
4411.7,0.45
4413.1,0.45
4414.4,0.48
4415.8,0.45
4417.1,0.48
4418.4,0.48
4419.8,0.45
4421.1,0.48
4422.4,0.48
4423.8,0.45
4425.2,0.45
4426.6,0.45
4428.0,0.45
4429.4,0.45
4430.9,0.42
4432.2,0.48
4433.6,0.45
4434.9,0.48
4436.2,0.48
4437.5,0.48
4438.9,0.45
4440.2,0.48
4441.6,0.45
4443.1,0.42
4444.5,0.45
4446.0,0.42
4447.4,0.45
4448.9,0.42
4450.4,0.42
4451.8,0.45
4453.2,0.45
4454.6,0.45
4455.9,0.48
4457.3,0.45
4458.7,0.45
4460.1,0.45
4461.6,0.42
4463.1,0.42
4464.7,0.39
4466.3,0.39
4467.8,0.42
4469.4,0.39
4470.8,0.45
4472.2,0.45
4473.7,0.42
4475.0,0.48
4476.4,0.45
4477.7,0.48
4479.1,0.45
4480.4,0.48
4481.8,0.45
4483.2,0.45
4484.6,0.45
4486.0,0.45
4487.6,0.39
4489.1,0.42
4490.6,0.42
4492.1,0.42
4493.5,0.45
4494.9,0.45
4496.3,0.45
4497.6,0.48
4499.0,0.45
4500.4,0.45
4501.8,0.45
4503.3,0.42
4504.7,0.45
4506.2,0.42
4507.7,0.42
4509.3,0.39
4510.9,0.39
4512.5,0.39
4514.2,0.37
4515.8,0.39
4517.3,0.42
4518.9,0.39
4520.4,0.42
4522.0,0.39
4523.5,0.42
4525.0,0.42
4526.7,0.37
4528.4,0.37
4530.2,0.35
4531.9,0.37
4533.4,0.42
4534.9,0.42
4536.3,0.45
4537.6,0.48
4539.0,0.45
4540.4,0.45
4541.8,0.45
4543.2,0.45
4544.6,0.45
4546.1,0.42
4547.5,0.45
4549.0,0.42
4550.6,0.39
4552.1,0.42
4553.6,0.42
4555.1,0.42
4556.6,0.42
4558.1,0.42
4559.6,0.42
4561.2,0.39
4562.7,0.42
4564.1,0.45
4565.7,0.39
4567.2,0.42
4568.7,0.42
4570.1,0.45
4571.6,0.42
4573.0,0.45
4574.5,0.42
4575.9,0.45
4577.3,0.45
4578.7,0.45
4580.1,0.45
4581.5,0.45
4583.0,0.42
4584.5,0.42
4586.1,0.39
4587.6,0.42
4589.3,0.37
4591.0,0.37
4592.6,0.39
4594.2,0.39
4595.7,0.42
4597.1,0.45
4598.6,0.42
4599.9,0.48
4601.3,0.45
4602.8,0.42
4604.3,0.42
4605.8,0.42
4607.4,0.39
4609.0,0.39
4610.5,0.42
4612.1,0.39
4613.6,0.42
4615.0,0.45
4616.4,0.45
4617.9,0.42
4619.3,0.45
4620.8,0.42
4622.2,0.45
4623.6,0.45
4625.0,0.45
4626.4,0.45
4627.8,0.45
4629.2,0.45
4630.7,0.42
4632.1,0.45
4633.6,0.42
4634.9,0.48
4636.3,0.45
4637.6,0.48
4639.0,0.45
4640.3,0.48
4641.7,0.45
4643.1,0.45
4644.5,0.45
4645.9,0.45
4647.3,0.45
4648.7,0.45
4650.1,0.45
4651.5,0.45
4653.0,0.42
4654.4,0.45
4655.8,0.45
4657.2,0.45
4658.5,0.48
4659.9,0.45
4661.2,0.48
4662.6,0.45
4664.1,0.42
4665.5,0.45
4667.0,0.42
4668.6,0.39
4670.1,0.42
4671.8,0.37
4673.7,0.33
4675.4,0.37
4677.2,0.35
4679.1,0.33
4681.0,0.33
4682.9,0.33
4684.6,0.37
4686.2,0.39
4687.8,0.39
4689.4,0.39
4690.9,0.42
4692.4,0.42
4693.9,0.42
4695.4,0.42
4696.9,0.42
4698.4,0.42
4700.0,0.39
4701.6,0.39
4703.3,0.37
4705.0,0.37
4706.6,0.39
4708.4,0.35
4710.2,0.35
4711.9,0.37
4713.6,0.37
4715.2,0.39
4716.8,0.39
4718.4,0.39
4720.0,0.39
4721.5,0.42
4723.1,0.39
4724.7,0.39
4726.3,0.39
4728.0,0.37
4729.6,0.39
4731.1,0.42
4732.6,0.42
4734.1,0.42
4735.5,0.45
4737.0,0.42
4738.4,0.45
4739.8,0.45
4741.3,0.42
4742.7,0.45
4744.1,0.45
4745.5,0.45
4746.9,0.45
4748.2,0.48
4749.5,0.48
4750.9,0.45
4752.2,0.48
4753.6,0.45
4755.0,0.45
4756.4,0.45
4757.7,0.48
4759.1,0.45
4760.5,0.45
4761.9,0.45
4763.3,0.45
4764.8,0.42
4766.2,0.45
4767.7,0.42
4769.2,0.42
4770.7,0.42
4772.2,0.42
4773.7,0.42
4775.2,0.42
4776.7,0.42
4778.3,0.39
4779.9,0.39
4781.4,0.42
4783.0,0.39
4784.6,0.39
4786.2,0.39
4787.8,0.39
4789.5,0.37
4791.1,0.39
4792.8,0.37
4794.4,0.39
4796.0,0.39
4797.5,0.42
4799.1,0.39
4800.7,0.39
4802.3,0.39
4803.9,0.39
4805.5,0.39
4807.1,0.39
4808.7,0.39
4810.2,0.42
4811.7,0.42
4813.2,0.42
4814.7,0.42
4816.2,0.42
4817.6,0.45
4819.1,0.42
4820.5,0.45
4822.0,0.42
4823.4,0.45
4824.9,0.42
4826.4,0.42
4827.9,0.42
4829.3,0.45
4830.8,0.42
4832.4,0.39
4833.9,0.42
4835.4,0.42
4837.0,0.39
4838.5,0.42
4840.0,0.42
4841.5,0.42
4842.9,0.45
4844.4,0.42
4845.9,0.42
4847.5,0.39
4849.2,0.37
4850.8,0.39
4852.6,0.35
4854.3,0.37
4855.9,0.39
4857.4,0.42
4858.9,0.42
4860.4,0.42
4861.8,0.45
4863.2,0.45
4864.7,0.42
4866.1,0.45
4867.5,0.45
4869.0,0.42
4870.4,0.45
4871.9,0.42
4873.3,0.45
4874.7,0.45
4876.1,0.45
4877.6,0.42
4878.9,0.48
4880.3,0.45
4881.6,0.48
4883.0,0.45
4884.4,0.45
4885.7,0.48
4887.1,0.45
4888.4,0.48
4889.8,0.45
4891.1,0.48
4892.5,0.45
4893.8,0.48
4895.2,0.45
4896.6,0.45
4897.9,0.48
4899.3,0.45
4900.6,0.48
4902.0,0.45
4903.4,0.45
4904.7,0.48
4906.2,0.42
4907.6,0.45
4909.2,0.39
4910.7,0.42
4912.2,0.42
4913.7,0.42
4915.2,0.42
4916.6,0.45
4918.0,0.45
4919.5,0.42
4920.9,0.45
4922.4,0.42
4923.9,0.42
4925.4,0.42
4926.9,0.42
4928.4,0.42
4930.0,0.39
4931.5,0.42
4933.0,0.42
4934.5,0.42
4935.9,0.45
4937.2,0.48
4938.6,0.45
4939.9,0.48
4941.2,0.48
4942.6,0.45
4943.9,0.48
4945.3,0.45
4946.7,0.45
4948.2,0.42
4949.6,0.45
4951.1,0.42
4952.5,0.45
4953.8,0.48
4955.2,0.45
4956.5,0.48
4957.9,0.45
4959.2,0.48
4960.6,0.45
4961.9,0.48
4963.3,0.45
4964.6,0.48
4966.0,0.45
4967.4,0.45
4968.8,0.45
4970.2,0.45
4971.6,0.45
4972.9,0.48
4974.3,0.45
4975.6,0.48
4977.0,0.45
4978.3,0.48
4979.7,0.45
4981.1,0.45
4982.5,0.45
4983.9,0.45
4985.2,0.48
4986.6,0.45
4988.0,0.45
4989.4,0.45
4990.8,0.45
4992.1,0.48
4993.4,0.48
4994.8,0.45
4996.1,0.48
4997.3,0.52
4998.6,0.48
4999.9,0.48
5001.2,0.48
5002.6,0.45
5003.9,0.48
5005.3,0.45
5006.7,0.45
5008.1,0.45
5009.5,0.45
5010.8,0.48
5012.2,0.45
5013.5,0.48
5014.8,0.48
5016.1,0.48
5017.4,0.48
5018.7,0.48
5020.0,0.48
5021.3,0.48
5022.6,0.48
5023.9,0.48
5025.2,0.48
5026.5,0.48
5027.8,0.48
5029.1,0.48
5030.5,0.45
5031.8,0.48
5033.1,0.48
5034.5,0.45
5035.9,0.45
5037.3,0.45
5038.7,0.45
5040.1,0.45
5041.5,0.45
5042.9,0.45
5044.4,0.42
5045.7,0.48
5047.1,0.45
5048.6,0.42
5050.0,0.45
5051.4,0.45
5052.8,0.45
5054.1,0.48
5055.5,0.45
5056.9,0.45
5058.2,0.48
5059.5,0.48
5060.9,0.45
5062.2,0.48
5063.5,0.48
5064.8,0.48
5066.2,0.45
5067.5,0.48
5068.9,0.45
5070.3,0.45
5071.7,0.45
5073.1,0.45
5074.4,0.48
5075.7,0.48
5077.0,0.48
5078.3,0.48
5079.6,0.48
5080.9,0.48
5082.2,0.48
5083.6,0.45
5084.9,0.48
5086.2,0.48
5087.6,0.45
5088.9,0.48
5090.2,0.48
5091.6,0.45
5092.9,0.48
5094.3,0.45
5095.6,0.48
5096.8,0.52
5098.1,0.48
5099.3,0.52
5100.5,0.52
5101.8,0.48
5103.1,0.48
5104.4,0.48
5105.7,0.48
5107.1,0.45
5108.4,0.48
5109.7,0.48
5111.1,0.45
5112.5,0.45
5113.8,0.48
5115.2,0.45
5116.5,0.48
5117.9,0.45
5119.2,0.48
5120.6,0.45
5121.9,0.48
5123.3,0.45
5124.7,0.45
5126.1,0.45
5127.4,0.48
5128.8,0.45
5130.2,0.45
5131.6,0.45
5133.0,0.45
5134.4,0.45
5135.7,0.48
5137.0,0.48
5138.3,0.48
5139.6,0.48
5140.9,0.48
5142.2,0.48
5143.5,0.48
5144.9,0.45
5146.2,0.48
5147.5,0.48
5148.9,0.45
5150.3,0.45
5151.7,0.45
5153.0,0.48
5154.3,0.48
5155.6,0.48
5157.0,0.45
5158.3,0.48
5159.6,0.48
5160.9,0.48
5162.3,0.45
5163.6,0.48
5165.0,0.45
5166.4,0.45
5167.8,0.45
5169.2,0.45
5170.7,0.42
5172.1,0.45
5173.4,0.48
5174.8,0.45
5176.1,0.48
5177.4,0.48
5178.8,0.45
5180.1,0.48
5181.5,0.45
5182.8,0.48
5184.2,0.45
5185.5,0.48
5186.9,0.45
5188.2,0.48
5189.6,0.45
5190.9,0.48
5192.3,0.45
5193.6,0.48
5194.9,0.48
5196.3,0.45
5197.6,0.48
5198.9,0.48
5200.2,0.48
5201.5,0.48
5202.7,0.52
5204.0,0.48
5205.3,0.48
5206.6,0.48
5208.0,0.45
5209.4,0.45
5210.8,0.45
5212.2,0.45
5213.6,0.45
5215.0,0.45
5216.3,0.48
5217.6,0.48
5219.0,0.45
5220.3,0.48
5221.7,0.45
5223.1,0.45
5224.4,0.48
5225.8,0.45
5227.2,0.45
5228.6,0.45
5230.0,0.45
5231.4,0.45
5232.7,0.48
5234.1,0.45
5235.4,0.48
5236.8,0.45
5238.1,0.48
5239.5,0.45
5240.8,0.48
5242.2,0.45
5243.6,0.45
5245.0,0.45
5246.3,0.48
5247.7,0.45
5249.1,0.45
5250.5,0.45
5251.9,0.45
5253.3,0.45
5254.7,0.45
5256.0,0.48
5257.3,0.48
5258.6,0.48
5260.0,0.45
5261.4,0.45
5262.8,0.45
5264.3,0.42
5265.9,0.39
5267.4,0.42
5269.0,0.39
5270.5,0.42
5271.9,0.45
5273.4,0.42
5274.7,0.48
5276.1,0.45
5277.5,0.45
5278.8,0.48
5280.2,0.45
5281.6,0.45
5282.9,0.48
5284.3,0.45
5285.7,0.45
5287.1,0.45
5288.6,0.42
5290.1,0.42
5291.5,0.45
5292.9,0.45
5294.3,0.45
5295.7,0.45
5297.1,0.45
5298.4,0.48
5299.7,0.48
5301.0,0.48
5302.3,0.48
5303.6,0.48
5305.0,0.45
5306.3,0.48
5307.7,0.45
5309.1,0.45
5310.4,0.48
5311.8,0.45
5313.2,0.45
5314.5,0.48
5315.8,0.48
5317.1,0.48
5318.4,0.48
5319.7,0.48
5321.0,0.48
5322.3,0.48
5323.7,0.45
5325.2,0.42
5326.8,0.39
5328.4,0.39
5329.9,0.42
5331.3,0.45
5332.8,0.42
5334.2,0.45
5335.6,0.45
5337.1,0.42
5338.7,0.39
5340.3,0.39
5341.9,0.39
5343.6,0.37
5345.3,0.37
5347.1,0.35
5348.9,0.35
5350.7,0.35
5352.4,0.37
5353.9,0.42
5355.4,0.42
5356.7,0.48
5358.1,0.45
5359.4,0.48
5360.8,0.45
5362.1,0.48
5363.5,0.45
5364.9,0.45
5366.2,0.48
5367.6,0.45
5369.0,0.45
5370.3,0.48
5371.7,0.45
5373.1,0.45
5374.5,0.45
5375.9,0.45
5377.3,0.45
5378.7,0.45
5380.1,0.45
5381.5,0.45
5383.0,0.42
5384.5,0.42
5386.0,0.42
5387.4,0.45
5388.9,0.42
5390.4,0.42
5392.0,0.39
5393.5,0.42
5395.0,0.42
5396.4,0.45
5397.9,0.42
0.0,0.00
