4588.6,0.45
4590.0,0.45
4591.6,0.39
4593.3,0.37
4595.0,0.37
4596.7,0.37
4598.3,0.39
4599.9,0.39
4601.4,0.42
4603.0,0.39
4604.6,0.39
4606.2,0.39
4607.8,0.39
4609.4,0.39
4611.0,0.39
4612.7,0.37
4614.3,0.39
4616.0,0.37
4617.6,0.39
4619.3,0.37
4621.0,0.37
4622.6,0.39
4624.2,0.39
4625.8,0.39
4627.4,0.39
4628.9,0.42
4630.5,0.39
4632.0,0.42
4633.5,0.42
4635.0,0.42
4636.4,0.45
4637.9,0.42
4639.4,0.42
4640.8,0.45
4642.2,0.45
4643.7,0.42
4645.2,0.42
4646.7,0.42
4648.2,0.42
4649.7,0.42
4651.3,0.39
4652.9,0.39
4654.6,0.37
4656.2,0.39
4657.9,0.37
4659.5,0.39
4661.1,0.39
4662.7,0.39
4664.3,0.39
4665.8,0.42
4667.4,0.39
4668.9,0.42
4670.5,0.39
4672.0,0.42
4673.5,0.42
4675.1,0.39
4676.7,0.39
4678.4,0.37
4680.0,0.39
4681.6,0.39
4683.2,0.39
4684.7,0.42
4686.3,0.39
4687.8,0.42
4689.3,0.42
4690.8,0.42
4692.4,0.39
4693.9,0.42
4695.4,0.42
4697.0,0.39
4698.6,0.39
4700.2,0.39
4701.9,0.37
4703.6,0.37
4705.3,0.37
4707.0,0.37
4708.6,0.39
4710.2,0.39
4711.9,0.37
4713.5,0.39
4715.1,0.39
4716.7,0.39
4718.3,0.39
4719.9,0.39
4721.5,0.39
4723.1,0.39
4724.8,0.37
4726.4,0.39
4727.9,0.42
4729.5,0.39
4731.1,0.39
4732.8,0.37
4734.4,0.39
4736.1,0.37
4737.8,0.37
4739.5,0.37
4741.3,0.35
4743.0,0.37
4744.8,0.35
4746.6,0.35
4748.6,0.31
4750.5,0.33
4752.3,0.35
4754.0,0.37
4755.7,0.37
4757.4,0.37
4759.1,0.37
4760.7,0.39
4762.4,0.37
4764.1,0.37
4765.8,0.37
4767.4,0.39
4769.1,0.37
4770.7,0.39
4772.3,0.39
4773.9,0.39
4775.6,0.37
4777.2,0.39
4778.9,0.37
4780.6,0.37
4782.4,0.35
4784.2,0.35
4786.0,0.35
4787.9,0.33
4789.7,0.35
4791.6,0.33
4793.3,0.37
4795.1,0.35
4796.9,0.35
4798.7,0.35
4800.5,0.35
4802.3,0.35
4804.1,0.35
4805.8,0.37
4807.6,0.35
4809.3,0.37
4810.9,0.39
4812.6,0.37
4814.2,0.39
4815.9,0.37
4817.5,0.39
4819.1,0.39
4820.8,0.37
4822.4,0.39
4824.1,0.37
4825.7,0.39
4827.4,0.37
4829.1,0.37
4830.7,0.39
4832.3,0.39
4834.0,0.37
4835.6,0.39
4837.2,0.39
4838.8,0.39
4840.4,0.39
4842.1,0.37
4843.7,0.39
4845.2,0.42
4846.8,0.39
4848.4,0.39
4850.1,0.37
4851.7,0.39
4853.4,0.37
4855.1,0.37
4856.8,0.37
4858.5,0.37
4860.2,0.37
4861.9,0.37
4863.6,0.37
4865.2,0.39
4866.9,0.37
4868.5,0.39
4870.2,0.37
4871.9,0.37
4873.6,0.37
4875.3,0.37
4877.0,0.37
4878.7,0.37
4880.4,0.37
4882.2,0.35
4883.9,0.37
4885.6,0.37
4887.3,0.37
4889.0,0.37
4890.8,0.35
4892.5,0.37
4894.2,0.37
4896.0,0.35
4897.7,0.37
4899.4,0.37
4901.1,0.37
4902.8,0.37
4904.5,0.37
4906.2,0.37
4908.0,0.35
4909.7,0.37
4911.3,0.39
4913.0,0.37
4914.7,0.37
4916.3,0.39
4918.0,0.37
4919.7,0.37
4921.3,0.39
4923.0,0.37
4924.7,0.37
4926.4,0.37
4928.0,0.39
4929.7,0.37
4931.4,0.37
4933.1,0.37
4934.8,0.37
4936.5,0.37
4938.2,0.37
4940.0,0.35
4941.7,0.37
4943.4,0.37
4945.0,0.39
4946.6,0.39
4948.3,0.37
4950.0,0.37
4951.6,0.39
4953.3,0.37
4955.0,0.37
4956.8,0.35
4958.6,0.35
4960.4,0.35
4962.1,0.37
4963.8,0.37
4965.4,0.39
4967.1,0.37
4968.7,0.39
4970.4,0.37
4972.0,0.39
4973.6,0.39
4975.3,0.37
4977.0,0.37
4978.7,0.37
4980.4,0.37
4982.1,0.37
4983.9,0.35
4985.6,0.37
4987.4,0.35
4989.1,0.37
4990.9,0.35
4992.8,0.33
4994.6,0.35
4996.4,0.35
4998.2,0.35
4999.9,0.37
5001.6,0.37
5003.3,0.37
5005.0,0.37
5006.7,0.37
5008.5,0.35
5010.3,0.35
5012.0,0.37
5013.8,0.35
5015.6,0.35
5017.4,0.35
5019.2,0.35
5021.0,0.35
5022.8,0.35
5024.6,0.35
5026.3,0.37
5028.0,0.37
5029.7,0.37
5031.4,0.37
5033.1,0.37
5034.9,0.35
5036.6,0.37
5038.5,0.33
5040.3,0.35
5042.1,0.35
5043.9,0.35
5045.7,0.35
5047.5,0.35
5049.3,0.35
5051.1,0.35
5052.8,0.37
5054.5,0.37
5056.2,0.37
5057.9,0.37
5059.6,0.37
5061.4,0.35
5063.4,0.31
5065.8,0.26
5068.9,0.20
5072.9,0.16
5078.5,0.11
5079.5,0.00
5415.4,0.00
5416.4,0.27
5418.4,0.31
5420.0,0.39
5422.1,0.30
5423.1,0.00
6157.1,0.00
6158.1,0.35
6159.9,0.35
6161.6,0.37
6163.4,0.35
6165.3,0.33
6167.2,0.33
6169.1,0.33
6171.3,0.29
6173.4,0.30
6175.6,0.29
6177.6,0.31
6179.7,0.30
6181.7,0.31
6183.7,0.31
6185.7,0.31
6187.6,0.33
6189.6,0.31
6191.6,0.31
6193.7,0.30
6195.8,0.30
6197.9,0.30
6200.1,0.29
6202.2,0.30
6204.4,0.29
6206.6,0.29
6208.9,0.27
6211.2,0.27
6213.6,0.26
6216.1,0.25
6218.6,0.25
6221.0,0.26
6223.5,0.25
6225.9,0.26
6228.4,0.25
6230.9,0.25
6233.4,0.25
6235.9,0.25
6238.4,0.25
6240.8,0.26
6243.3,0.25
6245.7,0.26
6248.1,0.26
6250.6,0.25
6253.1,0.25
6255.6,0.25
6258.3,0.23
6261.0,0.23
6263.7,0.23
6266.4,0.23
6269.0,0.24
6271.6,0.24
6274.3,0.23
6276.9,0.24
6279.4,0.25
6281.9,0.25
6284.5,0.24
6287.2,0.23
6289.8,0.24
6292.6,0.22
6295.3,0.23
6298.1,0.22
6300.8,0.23
6303.5,0.23
6306.3,0.22
6309.0,0.23
6311.8,0.22
6314.5,0.23
6317.3,0.22
6320.1,0.22
6323.1,0.21
6325.9,0.22
6328.8,0.22
6331.6,0.22
6334.4,0.22
6337.2,0.22
6339.9,0.23
6342.6,0.23
6345.4,0.22
6348.1,0.23
6350.8,0.23
6353.5,0.23
6356.1,0.24
6358.9,0.22
6361.7,0.22
6364.6,0.22
6367.6,0.21
6370.6,0.21
6373.7,0.20
6376.7,0.21
6379.6,0.22
6382.4,0.22
6385.2,0.22
6387.9,0.23
6390.7,0.22
6393.5,0.22
6396.3,0.22
6399.1,0.22
6402.0,0.22
6405.0,0.21
6407.9,0.22
6410.8,0.22
6413.6,0.22
6416.5,0.22
6419.3,0.22
6422.2,0.22
6425.1,0.22
6428.1,0.21
6431.1,0.21
6434.0,0.22
6436.8,0.22
6439.5,0.23
6442.2,0.23
6445.0,0.22
6448.0,0.21
6451.0,0.21
6453.9,0.22
6456.7,0.22
6459.5,0.22
6462.2,0.23
6465.0,0.22
6467.9,0.22
6470.7,0.22
6473.6,0.22
6476.5,0.22
6479.5,0.21
6482.5,0.21
6485.6,0.20
6488.6,0.21
6491.6,0.21
6494.8,0.20
6498.1,0.19
6501.4,0.19
6504.7,0.19
6507.8,0.20
6510.9,0.20
6514.1,0.20
6517.1,0.21
6520.2,0.20
6523.3,0.20
6526.4,0.20
6529.4,0.21
6532.4,0.21
6535.4,0.21
6538.4,0.21
6541.3,0.22
6544.4,0.20
6547.4,0.21
6550.2,0.22
6553.0,0.22
6555.9,0.22
6558.8,0.22
6561.9,0.20
6565.0,0.20
6568.1,0.20
6571.3,0.20
6574.7,0.18
6578.1,0.18
6581.5,0.18
6584.8,0.19
6588.1,0.19
6591.2,0.20
6594.1,0.22
6597.0,0.22
6600.1,0.20
6603.2,0.20
6606.4,0.20
6609.3,0.22
6612.1,0.22
6614.9,0.22
6617.6,0.23
6620.4,0.22
6623.4,0.21
6626.5,0.20
6629.6,0.20
6632.9,0.19
6636.0,0.20
6639.2,0.20
6642.3,0.20
6645.2,0.22
6648.1,0.22
6651.1,0.21
6654.0,0.22
6657.0,0.21
6660.0,0.21
6662.9,0.22
6665.8,0.22
6668.6,0.22
6671.3,0.23
6674.2,0.22
6677.0,0.22
6679.9,0.22
6682.9,0.21
6685.9,0.21
6689.0,0.20
6692.0,0.21
6694.9,0.22
6697.9,0.21
6701.0,0.20
6703.7,0.23
6706.3,0.24
6709.0,0.23
6711.7,0.23
6714.5,0.22
6717.3,0.22
6720.2,0.22
6723.3,0.20
6726.3,0.21
6729.2,0.22
6731.9,0.23
6734.5,0.24
6737.3,0.22
6740.1,0.22
6743.0,0.22
6745.9,0.22
6748.8,0.22
6751.7,0.22
6754.7,0.21
6757.8,0.20
6761.0,0.20
6764.1,0.20
6767.2,0.20
6770.4,0.20
6773.7,0.19
6776.9,0.20
6780.2,0.19
6783.4,0.20
6786.4,0.21
6789.6,0.20
6792.8,0.20
6796.2,0.18
6799.6,0.18
6802.9,0.19
6806.1,0.20
6809.0,0.22
6811.9,0.22
6814.7,0.22
6817.7,0.21
6820.7,0.21
6823.7,0.21
6826.6,0.22
6829.4,0.22
6832.3,0.22
6835.1,0.22
6837.9,0.22
6840.6,0.23
6843.3,0.23
6846.0,0.23
6848.6,0.24
6851.3,0.23
6854.0,0.23
6856.8,0.22
6859.7,0.22
6862.6,0.22
6865.6,0.21
6868.6,0.21
6871.7,0.20
6874.9,0.20
6878.2,0.19
6881.4,0.20
6884.4,0.21
6887.3,0.22
6890.3,0.21
6893.2,0.22
6896.1,0.22
6898.9,0.22
6901.9,0.21
6905.1,0.20
6908.4,0.19
6911.7,0.19
6915.0,0.19
6918.3,0.19
6921.5,0.20
6924.8,0.19
6928.2,0.18
6931.6,0.18
6934.7,0.20
6937.6,0.22
6940.5,0.22
6943.6,0.20
6946.8,0.20
6950.1,0.19
6953.2,0.20
6956.2,0.21
6959.3,0.20
6962.3,0.21
6965.4,0.20
6968.4,0.21
6971.4,0.21
6974.3,0.22
6977.2,0.22
6980.1,0.22
6983.0,0.22
6986.0,0.21
6989.0,0.21
6991.9,0.22
6994.9,0.21
6997.8,0.22
7000.9,0.20
7004.1,0.20
7007.2,0.20
7010.5,0.19
7013.7,0.20
7016.7,0.21
7019.8,0.20
7022.9,0.20
7026.0,0.20
7029.0,0.21
7032.0,0.21
7035.1,0.20
7038.1,0.21
7041.1,0.21
7044.1,0.21
7047.0,0.22
7050.1,0.20
7053.4,0.19
7056.6,0.20
7059.7,0.20
7063.1,0.18
7066.3,0.20
7069.4,0.20
7072.6,0.20
7075.8,0.20
7078.8,0.21
7081.9,0.20
7084.8,0.22
7087.8,0.21
7090.8,0.21
7093.9,0.20
7097.0,0.20
7100.1,0.20
7103.1,0.21
7106.0,0.22
7108.9,0.22
7112.1,0.20
7115.3,0.20
7118.4,0.20
7121.6,0.20
7124.9,0.19
7128.2,0.19
7131.4,0.20
7134.6,0.20
7137.9,0.19
7141.0,0.20
7144.1,0.20
7147.3,0.20
7150.6,0.19
7153.9,0.19
7157.1,0.20
7160.2,0.20
7163.1,0.22
7166.1,0.21
7168.9,0.22
7171.9,0.21
7174.9,0.21
7177.9,0.21
7180.9,0.21
7183.7,0.22
7186.5,0.22
7189.3,0.22
7192.2,0.22
7195.2,0.21
7198.4,0.20
7201.5,0.20
7204.4,0.22
7207.4,0.21
7210.6,0.20
7213.7,0.20
7216.9,0.20
7220.0,0.20
7223.1,0.20
7226.3,0.20
7229.6,0.19
7232.9,0.19
7236.0,0.20
7239.1,0.20
7241.8,0.23
7244.7,0.22
7247.7,0.21
7250.6,0.22
7253.5,0.22
7256.6,0.20
7259.4,0.22
7262.1,0.23
7264.8,0.23
7267.6,0.22
7270.3,0.23
7272.9,0.24
7275.6,0.23
7278.4,0.22
7281.3,0.22
7284.4,0.20
7287.3,0.22
7290.3,0.21
7293.4,0.20
7296.6,0.20
7299.9,0.19
7302.9,0.21
7305.9,0.21
7308.8,0.22
7311.6,0.22
7314.6,0.21
7317.5,0.22
7320.4,0.22
7323.3,0.22
7326.2,0.22
7329.1,0.22
7332.0,0.22
7334.9,0.22
7337.8,0.22
7340.6,0.22
7343.4,0.22
7346.3,0.22
7349.4,0.20
7352.6,0.20
7355.6,0.21
7358.6,0.21
7361.5,0.22
7364.4,0.22
7367.2,0.22
7370.0,0.22
7372.9,0.22
7375.9,0.21
7378.9,0.21
7381.9,0.21
7384.8,0.22
7387.9,0.20
7390.8,0.22
7393.7,0.22
7396.7,0.21
7399.6,0.22
7402.6,0.21
7405.7,0.20
7408.7,0.21
7411.7,0.21
7414.7,0.21
7417.8,0.20
7421.1,0.19
7424.4,0.19
7427.5,0.20
7430.6,0.20
7433.5,0.22
7436.4,0.22
7439.4,0.21
7442.3,0.22
7445.4,0.20
7448.5,0.20
7451.5,0.21
7454.5,0.21
7457.4,0.22
7460.5,0.20
7463.6,0.20
7466.8,0.20
7469.9,0.20
7472.9,0.21
7475.9,0.21
7479.0,0.20
7482.2,0.20
7485.3,0.20
7488.5,0.20
7491.7,0.20
7494.9,0.20
7498.0,0.20
7501.1,0.20
7504.2,0.20
7507.4,0.20
7510.8,0.18
7514.3,0.18
7517.6,0.19
7520.9,0.19
7524.2,0.19
7527.5,0.19
7530.7,0.20
7533.8,0.20
7536.9,0.20
7539.9,0.21
7543.0,0.20
7546.0,0.21
7549.0,0.21
7552.0,0.21
7555.1,0.20
7558.3,0.20
7561.6,0.19
7565.3,0.17
7568.9,0.17
7572.4,0.18
7576.0,0.17
7579.3,0.19
7582.6,0.19
7585.9,0.19
7589.2,0.19
7592.5,0.19
7595.7,0.20
7598.9,0.20
7602.1,0.20
7605.4,0.19
7608.9,0.18
7612.4,0.18
7616.1,0.17
7620.1,0.16
7623.8,0.17
7627.3,0.18
7630.6,0.19
7633.8,0.20
7637.0,0.20
7640.2,0.20
7643.4,0.20
7646.6,0.20
7650.0,0.18
7653.3,0.19
7656.6,0.19
7660.0,0.18
7663.4,0.18
7666.7,0.19
7670.1,0.18
7673.3,0.20
7676.4,0.20
7679.8,0.18
7683.1,0.19
7686.4,0.19
7689.6,0.20
7693.0,0.18
7696.3,0.19
7699.5,0.20
7702.8,0.19
7706.0,0.20
7709.1,0.20
7712.2,0.20
7715.2,0.21
7718.1,0.22
7721.0,0.22
7723.9,0.22
7726.9,0.21
7730.0,0.20
7733.2,0.20
7736.6,0.18
7739.9,0.19
7743.3,0.18
7746.6,0.19
7749.8,0.20
7752.9,0.20
7756.0,0.20
7759.1,0.20
7762.1,0.21
7765.2,0.20
7768.2,0.21
7771.2,0.21
7774.1,0.22
7776.9,0.22
7779.9,0.21
7782.9,0.21
7786.1,0.20
7789.1,0.21
7792.0,0.22
7795.0,0.21
7797.9,0.22
7801.0,0.20
7804.2,0.20
7807.5,0.19
7810.8,0.19
7813.9,0.20
7817.1,0.20
7820.4,0.19
7823.7,0.19
7826.9,0.20
7830.0,0.20
7833.1,0.20
7836.4,0.19
7839.5,0.20
7842.5,0.21
7845.5,0.21
7848.6,0.20
7851.9,0.19
7855.3,0.18
7858.7,0.18
7861.9,0.20
7865.1,0.20
7868.2,0.20
7871.4,0.20
7874.6,0.20
7877.6,0.21
7880.7,0.20
7883.7,0.21
7886.8,0.20
7889.9,0.20
7893.3,0.18
7896.4,0.20
7899.5,0.20
7902.6,0.20
7905.8,0.20
7908.9,0.20
7912.0,0.20
7915.1,0.20
7918.2,0.20
7921.2,0.21
7924.2,0.21
7927.3,0.20
7930.2,0.22
7933.1,0.22
7936.0,0.22
7938.8,0.22
7941.6,0.22
7944.4,0.22
7947.3,0.22
7950.2,0.22
7953.2,0.21
7956.2,0.21
7959.3,0.20
7962.3,0.21
7965.3,0.21
7968.4,0.20
7971.5,0.20
7974.7,0.20
7977.8,0.20
7980.9,0.20
7984.0,0.20
7987.0,0.21
7989.9,0.22
7992.8,0.22
7995.6,0.22
7998.4,0.22
8001.2,0.22
8004.1,0.22
8007.1,0.21
8010.2,0.20
8013.2,0.21
8016.0,0.22
8018.8,0.22
8021.7,0.22
8024.7,0.21
8027.9,0.20
8031.0,0.20
8034.1,0.20
8037.4,0.19
8040.8,0.18
8044.1,0.19
8047.2,0.20
8050.3,0.20
8053.4,0.20
8056.5,0.20
8059.6,0.20
8062.7,0.20
8065.7,0.21
8068.8,0.20
8071.8,0.21
8074.8,0.21
8077.7,0.22
8080.7,0.21
8083.6,0.22
8086.6,0.21
8089.6,0.21
8092.6,0.21
8095.9,0.19
8099.2,0.19
8102.6,0.18
8105.9,0.19
8109.0,0.20
8112.1,0.20
8115.1,0.21
8118.1,0.21
8121.4,0.19
8124.6,0.20
8127.9,0.19
8131.1,0.20
8134.6,0.18
8138.0,0.18
8141.5,0.18
8145.0,0.18
8148.4,0.18
8151.6,0.20
8154.8,0.20
8157.9,0.20
8161.1,0.20
8164.1,0.21
8167.3,0.20
8170.3,0.21
8173.4,0.20
8176.6,0.20
8179.9,0.19
8183.2,0.19
8186.5,0.19
8189.8,0.19
8193.0,0.20
8196.2,0.20
8199.4,0.20
8202.7,0.19
8206.0,0.19
8209.2,0.20
8212.4,0.20
8215.7,0.19
8219.1,0.18
8222.5,0.18
8225.6,0.20
8228.8,0.20
8232.0,0.20
8235.2,0.20
8238.5,0.19
8241.8,0.19
8245.1,0.19
8248.4,0.19
8251.7,0.19
8255.1,0.18
8258.4,0.19
8261.5,0.20
8264.7,0.20
8267.8,0.20
8271.0,0.20
8274.1,0.20
8277.2,0.20
8280.3,0.20
8283.6,0.19
8286.7,0.20
8289.8,0.20
8292.7,0.22
8295.7,0.21
8298.6,0.22
8301.5,0.22
8304.6,0.20
8307.6,0.21
8310.6,0.21
8313.7,0.20
8316.9,0.20
8320.2,0.19
8323.5,0.19
8326.7,0.20
8329.9,0.20
8333.2,0.19
8336.6,0.18
8340.0,0.18
8343.1,0.20
8346.1,0.21
8349.2,0.20
8352.5,0.19
8355.8,0.19
8359.1,0.19
8362.2,0.20
8365.4,0.20
8368.5,0.20
8371.6,0.20
8374.7,0.20
8377.8,0.20
8380.9,0.20
8384.0,0.20
8387.1,0.20
8390.1,0.21
8393.2,0.20
8396.3,0.20
8399.3,0.21
8402.3,0.21
8405.4,0.20
8408.5,0.20
8411.5,0.21
8414.5,0.21
8417.5,0.21
8420.6,0.20
8423.7,0.20
8426.8,0.20
8430.0,0.20
8433.4,0.18
8436.6,0.20
8439.9,0.19
8443.0,0.20
8446.3,0.19
8449.7,0.18
8453.1,0.18
8456.6,0.18
8459.8,0.20
8462.8,0.21
8465.8,0.21
8468.7,0.22
8471.7,0.21
8474.8,0.20
8478.0,0.20
8481.2,0.20
8484.2,0.21
8487.3,0.20
8490.4,0.20
8493.5,0.20
8496.7,0.20
8499.7,0.21
8502.8,0.20
8506.0,0.20
8509.0,0.21
8512.1,0.20
8515.3,0.20
8518.6,0.19
8522.1,0.18
8525.4,0.19
8528.6,0.20
8531.8,0.20
8535.0,0.20
8538.1,0.20
8541.3,0.20
8544.4,0.20
8547.4,0.21
8550.5,0.20
8553.6,0.20
8556.7,0.20
8559.8,0.20
8563.1,0.19
8566.6,0.18
8570.4,0.17
8573.9,0.18
8577.1,0.20
8580.2,0.20
8583.5,0.19
8586.9,0.18
8590.5,0.17
8594.2,0.17
8598.1,0.16
8602.3,0.15
8606.4,0.15
8610.6,0.15
8614.6,0.16
8618.6,0.16
8622.3,0.17
8625.8,0.18
8629.3,0.18
8632.7,0.18
8636.1,0.18
8639.8,0.17
8643.5,0.17
8647.3,0.17
8650.9,0.17
8654.2,0.19
8657.6,0.18
8660.9,0.19
8664.2,0.19
8667.5,0.19
8670.8,0.19
8673.9,0.20
8676.9,0.21
8679.9,0.21
8682.9,0.21
8685.9,0.21
8689.0,0.20
8692.0,0.21
8695.0,0.21
8698.1,0.20
8701.4,0.19
8704.6,0.20
8707.9,0.19
8711.2,0.19
8714.5,0.19
8717.8,0.19
8721.1,0.19
8724.5,0.18
8728.0,0.18
8731.3,0.19
8734.6,0.19
8737.8,0.20
8741.1,0.19
8744.3,0.20
8747.5,0.20
8750.7,0.20
8754.0,0.19
8757.2,0.20
8760.5,0.19
8763.7,0.20
8766.9,0.20
8769.9,0.21
8772.9,0.21
8776.0,0.20
8779.1,0.20
8782.4,0.19
8785.8,0.18
8789.1,0.19
8792.4,0.19
8795.7,0.19
8798.9,0.20
8802.1,0.20
8805.3,0.20
8808.5,0.20
8811.7,0.20
8814.9,0.20
8818.1,0.20
8821.2,0.20
8824.3,0.20
8827.6,0.19
8831.1,0.18
8834.5,0.18
8837.9,0.18
8841.3,0.18
8844.7,0.18
8848.0,0.19
8851.1,0.20
8854.4,0.19
8857.7,0.19
8861.0,0.19
8864.5,0.18
8867.9,0.18
8871.4,0.18
8874.8,0.18
8878.2,0.18
8881.7,0.18
8885.2,0.18
8888.6,0.18
8892.0,0.18
8895.4,0.18
8898.9,0.18
8902.2,0.19
8905.5,0.19
8908.9,0.18
8912.4,0.18
8915.7,0.19
8918.9,0.20
8922.0,0.20
8925.2,0.20
8928.4,0.20
8931.8,0.18
8935.0,0.20
8938.1,0.20
8941.5,0.18
8945.2,0.17
8948.7,0.18
8952.2,0.18
8955.6,0.18
8959.0,0.18
8962.4,0.18
8965.6,0.20
8968.8,0.20
8972.0,0.20
8975.1,0.20
8978.0,0.22
8981.1,0.20
8984.3,0.20
8987.6,0.19
8990.9,0.19
8994.2,0.19
8997.6,0.18
9000.8,0.20
9004.0,0.20
9007.3,0.19
9010.8,0.18
9014.5,0.17
9018.1,0.17
9021.9,0.17
9025.4,0.18
9029.0,0.17
9032.3,0.19
9035.5,0.20
9039.0,0.18
9042.3,0.19
9045.6,0.19
9049.0,0.18
9052.5,0.18
9056.0,0.18
9059.4,0.18
9062.9,0.18
9066.4,0.18
9069.8,0.18
9073.0,0.20
9076.2,0.20
9079.5,0.19
9082.7,0.20
9085.9,0.20
9089.1,0.20
9092.2,0.20
9095.5,0.19
9098.6,0.20
9101.7,0.20
9104.8,0.20
9107.9,0.20
9111.1,0.20
9114.5,0.18
9117.9,0.18
9121.5,0.17
9125.0,0.18
9128.5,0.18
9131.9,0.18
9135.2,0.19
9138.4,0.20
9141.7,0.19
9144.8,0.20
9147.9,0.20
9151.0,0.20
9154.1,0.20
9157.2,0.20
9160.5,0.19
9163.9,0.18
9167.3,0.18
9170.7,0.18
9173.9,0.20
9177.1,0.20
9180.4,0.19
9183.6,0.20
9186.8,0.20
9190.0,0.20
9193.2,0.20
9196.4,0.20
9199.7,0.19
9203.0,0.19
9206.5,0.18
9209.9,0.18
9213.1,0.20
9216.6,0.18
9220.0,0.18
9223.2,0.20
9226.6,0.18
9230.0,0.18
9233.4,0.18
9236.9,0.18
9240.3,0.18
9243.7,0.18
9247.2,0.18
9250.7,0.18
9254.2,0.18
9257.5,0.19
9260.8,0.19
9264.1,0.19
9267.6,0.18
9271.4,0.17
9274.9,0.18
9278.3,0.18
9281.6,0.19
9285.0,0.18
9288.2,0.20
9291.5,0.19
9294.8,0.19
9298.1,0.19
9301.5,0.18
9304.8,0.19
9308.1,0.19
9311.4,0.19
9314.7,0.19
9318.0,0.19
9321.4,0.18
9324.6,0.20
9327.8,0.20
9331.0,0.20
9334.2,0.20
9337.5,0.19
9340.9,0.18
9344.2,0.19
9347.5,0.19
9350.8,0.19
9354.1,0.19
9357.5,0.18
9361.1,0.17
9364.7,0.17
9368.3,0.17
9371.9,0.17
9375.3,0.18
9378.5,0.20
9381.8,0.19
9385.0,0.20
9388.4,0.18
9391.7,0.19
9395.0,0.19
9398.3,0.19
9401.4,0.20
9404.4,0.21
9407.5,0.20
9410.5,0.21
9413.7,0.20
9417.0,0.19
9420.4,0.18
9423.8,0.18
9427.2,0.18
9430.6,0.18
9434.0,0.18
9437.5,0.18
9441.1,0.17
9444.8,0.17
9448.3,0.18
9452.0,0.17
9455.8,0.17
9459.5,0.17
9463.4,0.16
9467.2,0.17
9471.0,0.17
9474.7,0.17
9478.6,0.16
9482.4,0.17
9486.3,0.16
9490.3,0.16
9494.0,0.17
9497.8,0.17
9501.6,0.17
9505.4,0.17
9509.5,0.15
9513.6,0.15
9517.5,0.16
9521.1,0.17
9524.7,0.17
9528.4,0.17
9532.2,0.17
9536.0,0.17
9539.9,0.16
9543.9,0.16
9547.9,0.16
9551.6,0.17
9555.2,0.17
9558.9,0.17
9562.5,0.17
9566.1,0.17
9569.9,0.17
9573.8,0.16
9577.6,0.17
9581.5,0.16
9585.6,0.15
9589.5,0.16
9593.6,0.15
9597.8,0.15
9602.0,0.15
9606.2,0.15
9610.3,0.15
9614.4,0.15
9618.4,0.16
9622.4,0.16
9626.2,0.17
9630.3,0.15
9634.4,0.15
9638.3,0.16
9642.3,0.16
9646.5,0.15
9650.7,0.15
9654.7,0.16
9658.5,0.17
9662.4,0.16
9666.5,0.15
9670.5,0.16
9674.5,0.16
9678.7,0.15
9682.9,0.15
9687.1,0.15
9691.5,0.14
9696.0,0.14
9700.4,0.14
9704.6,0.15
9708.6,0.16
9712.5,0.16
9716.3,0.17
9720.2,0.16
9724.2,0.16
9728.4,0.15
9732.5,0.15
9736.5,0.16
9740.5,0.16
9744.5,0.16
9748.5,0.16
9752.6,0.15
9756.5,0.16
9760.5,0.16
9764.5,0.16
9768.4,0.16
9772.2,0.17
9776.2,0.16
9780.2,0.16
9784.4,0.15
9788.5,0.15
9792.6,0.15
9796.7,0.15
9800.6,0.16
9804.6,0.16
9808.7,0.15
9812.8,0.15
9816.8,0.16
9821.0,0.15
9825.1,0.15
9829.1,0.16
9833.2,0.15
9837.3,0.15
9841.3,0.16
9845.1,0.17
9848.9,0.17
9852.7,0.17
9856.5,0.17
9860.2,0.17
9864.1,0.16
9868.0,0.16
9872.2,0.15
9876.6,0.14
9880.9,0.15
9885.1,0.15
9889.5,0.14
9893.7,0.15
9897.6,0.16
9901.5,0.16
9905.4,0.16
9909.4,0.16
9913.4,0.16
9917.5,0.15
9921.7,0.15
9925.8,0.15
9929.9,0.15
9933.8,0.16
9937.6,0.17
9941.2,0.17
9944.8,0.17
9948.5,0.17
9952.4,0.16
9956.4,0.16
9960.4,0.16
9964.5,0.15
9968.8,0.15
9973.0,0.15
9977.3,0.15
9981.5,0.15
9985.8,0.15
9989.8,0.16
9993.6,0.17
9997.3,0.17
10001.1,0.17
10005.0,0.16
10008.9,0.16
10012.8,0.16
10016.8,0.16
10020.6,0.17
10024.3,0.17
10028.5,0.15
10033.2,0.13
10037.7,0.14
10042.3,0.14
10046.6,0.15
10051.0,0.14
10055.6,0.14
10060.0,0.14
10063.8,0.17
10067.5,0.17
10071.2,0.17
10075.0,0.17
10078.7,0.17
10082.3,0.17
10086.2,0.16
10090.0,0.17
10093.9,0.16
10097.8,0.16
10101.8,0.16
10105.7,0.16
10109.9,0.15
10113.8,0.16
10117.5,0.17
10121.0,0.18
10124.5,0.18
10128.1,0.17
10132.0,0.16
10136.0,0.16
10140.1,0.15
10144.3,0.15
10148.5,0.15
10153.0,0.14
10157.5,0.14
10162.1,0.14
10166.8,0.13
10171.5,0.13
10175.5,0.16
10179.1,0.17
10182.7,0.17
10186.4,0.17
10190.3,0.16
10194.4,0.15
10198.6,0.15
10202.5,0.16
10206.4,0.16
10210.2,0.17
10214.2,0.16
10218.3,0.15
10222.5,0.15
10226.5,0.16
10230.7,0.15
10234.9,0.15
10239.3,0.14
10244.0,0.13
10248.6,0.14
10253.0,0.14
10257.2,0.15
10261.2,0.16
10265.2,0.16
10269.3,0.15
10273.7,0.14
10278.3,0.14
10282.5,0.15
10286.6,0.15
10290.9,0.15
10295.0,0.15
10299.0,0.16
10303.2,0.15
10307.5,0.15
10312.0,0.14
10316.3,0.15
10320.6,0.15
10324.8,0.15
10328.7,0.16
10332.9,0.15
10337.2,0.15
10341.3,0.15
10345.5,0.15
10349.5,0.16
10353.5,0.16
10357.4,0.16
10361.3,0.16
10365.2,0.16
10369.1,0.16
10373.1,0.16
10377.2,0.15
10381.5,0.15
10385.8,0.15
10390.0,0.15
10394.0,0.16
10397.9,0.16
10401.8,0.16
10405.7,0.16
10409.7,0.16
10413.8,0.15
10417.7,0.16
10421.6,0.16
10425.5,0.16
10429.3,0.17
10433.2,0.16
10437.1,0.16
10441.0,0.16
10444.8,0.17
10448.8,0.16
10453.1,0.15
10457.4,0.15
10461.4,0.16
10465.4,0.16
10469.6,0.15
10473.8,0.15
10478.4,0.14
10483.0,0.14
10487.4,0.14
10491.6,0.15
10495.7,0.15
10499.7,0.16
10503.6,0.16
10507.7,0.15
10511.8,0.15
10516.1,0.15
10520.4,0.15
10524.6,0.15
10529.0,0.14
10533.1,0.15
10537.0,0.16
10541.0,0.16
10544.9,0.16
10548.8,0.16
10552.6,0.17
10556.7,0.15
10560.8,0.15
10564.9,0.15
10569.0,0.15
10573.2,0.15
10577.3,0.15
10581.2,0.16
10585.2,0.16
10589.0,0.17
10592.6,0.17
10596.4,0.17
10600.4,0.16
10604.6,0.15
10608.7,0.15
10612.6,0.16
10616.5,0.16
10620.2,0.17
10624.0,0.17
10627.8,0.17
10631.6,0.17
10635.5,0.16
10639.4,0.16
10643.2,0.17
10647.1,0.16
10651.2,0.15
10655.5,0.15
10659.5,0.16
10663.6,0.15
10667.5,0.16
10671.3,0.17
10675.3,0.16
10679.3,0.16
10683.2,0.16
10687.3,0.15
10691.5,0.15
10695.7,0.15
10699.7,0.16
10703.7,0.16
10707.5,0.17
10711.8,0.15
10715.9,0.15
10719.8,0.16
10723.6,0.17
10727.5,0.16
10731.7,0.15
10736.0,0.15
10740.4,0.14
10744.6,0.15
10748.6,0.16
10752.5,0.16
10756.3,0.17
10760.1,0.17
10763.9,0.17
10767.5,0.17
10771.2,0.17
10775.0,0.17
10778.6,0.17
10782.2,0.17
10785.9,0.17
10789.8,0.16
10793.6,0.17
10797.6,0.16
10801.5,0.16
10805.7,0.15
10809.8,0.15
10813.9,0.15
10818.2,0.15
10822.5,0.15
10826.7,0.15
10830.9,0.15
10834.8,0.16
10838.7,0.16
10842.5,0.17
10846.3,0.17
10850.1,0.17
10854.2,0.15
10858.3,0.15
10862.5,0.15
10866.6,0.15
10870.6,0.16
10874.6,0.16
10878.6,0.16
10883.0,0.14
10887.3,0.15
10891.7,0.14
10895.9,0.15
10900.0,0.15
10904.1,0.15
10908.3,0.15
10912.5,0.15
10916.3,0.17
10920.1,0.17
10923.8,0.17
10927.5,0.17
10931.2,0.17
10935.1,0.16
10939.2,0.15
10943.1,0.16
10947.0,0.16
10951.0,0.16
10954.7,0.17
10958.5,0.17
10962.6,0.15
10966.6,0.16
10970.5,0.16
10974.5,0.16
10978.2,0.17
10981.9,0.17
10985.8,0.16
10989.8,0.16
10993.6,0.17
10997.6,0.16
11001.6,0.16
11005.5,0.16
11009.6,0.15
11013.8,0.15
11017.8,0.16
11022.0,0.15
11026.1,0.15
11030.6,0.14
11035.0,0.14
11039.7,0.13
11044.5,0.13
11048.7,0.15
11052.6,0.16
11056.6,0.16
11060.4,0.17
11064.2,0.17
11068.2,0.16
11072.2,0.16
11076.2,0.16
11080.2,0.16
11084.1,0.16
11087.9,0.17
11091.8,0.16
11096.0,0.15
11100.5,0.14
11104.9,0.14
11109.2,0.15
11113.5,0.15
11117.8,0.15
11122.1,0.15
11126.2,0.15
11130.1,0.16
11134.4,0.15
11139.1,0.13
11143.8,0.13
11148.5,0.13
11153.2,0.13
11157.8,0.14
11162.0,0.15
11166.2,0.15
11170.3,0.15
11174.5,0.15
11178.8,0.15
11183.0,0.15
11187.1,0.15
11191.5,0.14
11195.8,0.15
11199.7,0.16
11203.6,0.16
11207.5,0.16
11211.7,0.15
11215.7,0.16
11219.7,0.16
11223.8,0.15
11227.8,0.16
11231.9,0.15
11235.9,0.16
11239.7,0.17
11243.6,0.16
11247.6,0.16
11251.4,0.17
11255.3,0.16
11259.4,0.15
11263.5,0.15
11267.8,0.15
11272.1,0.15
11276.5,0.14
11280.7,0.15
11284.7,0.16
11288.6,0.16
11293.0,0.14
11297.2,0.15
11301.1,0.16
11305.5,0.14
11310.0,0.14
11314.7,0.13
11319.2,0.14
11323.5,0.15
11327.8,0.15
11332.5,0.13
11337.3,0.13
11341.9,0.14
11346.2,0.15
11350.6,0.14
11354.8,0.15
11359.1,0.15
11363.5,0.14
11367.8,0.15
11372.0,0.15
11376.1,0.15
11380.3,0.15
11384.3,0.16
11388.2,0.16
11392.3,0.15
11396.5,0.15
11400.8,0.15
11405.0,0.15
11409.1,0.15
11413.3,0.15
11417.4,0.15
11421.7,0.15
11425.9,0.15
11430.1,0.15
11434.2,0.15
11438.7,0.14
11443.2,0.14
11447.6,0.14
11452.1,0.14
11456.7,0.14
11461.4,0.13
11466.1,0.13
11470.5,0.14
11474.8,0.15
11479.5,0.13
11484.3,0.13
11488.6,0.15
11492.8,0.15
11497.1,0.15
11501.4,0.15
11505.6,0.15
11509.6,0.16
11513.6,0.16
11517.7,0.15
11521.8,0.15
11525.9,0.15
11530.1,0.15
11534.6,0.14
11539.2,0.14
11543.5,0.15
11547.6,0.15
11552.1,0.14
11556.7,0.14
11561.5,0.13
11566.0,0.14
11570.0,0.16
11574.0,0.16
11578.1,0.15
11582.2,0.15
11586.2,0.16
11590.3,0.15
11594.2,0.16
11598.3,0.15
11602.5,0.15
11606.6,0.15
11610.7,0.15
11614.9,0.15
11619.0,0.15
11623.1,0.15
11627.2,0.15
11631.1,0.16
11635.2,0.15
11639.1,0.16
11642.9,0.17
11646.9,0.16
11651.0,0.15
11655.2,0.15
11659.4,0.15
11663.8,0.14
11668.2,0.14
11672.5,0.15
11676.8,0.15
11681.1,0.15
11685.4,0.15
11689.7,0.15
11693.6,0.16
11697.5,0.16
11701.4,0.16
11705.2,0.17
11709.2,0.16
11713.2,0.16
11717.4,0.15
11721.6,0.15
11725.6,0.16
11729.6,0.16
11733.9,0.15
11738.2,0.15
11742.4,0.15
11746.5,0.15
11750.6,0.15
11754.7,0.15
11758.9,0.15
11763.0,0.15
11766.8,0.17
11770.8,0.16
11774.6,0.17
11778.4,0.17
11782.1,0.17
11786.0,0.16
11789.9,0.16
11794.0,0.15
11798.0,0.16
11802.2,0.15
11806.2,0.16
11810.4,0.15
11814.6,0.15
11819.0,0.14
11823.5,0.14
11828.3,0.13
11833.1,0.13
11837.6,0.14
11841.9,0.15
11846.4,0.14
11851.2,0.13
11856.1,0.13
11861.0,0.13
11865.9,0.13
11870.1,0.15
11874.4,0.15
11878.9,0.14
11883.0,0.15
11887.3,0.15
11891.5,0.15
11895.7,0.15
11899.7,0.16
11903.7,0.16
11907.7,0.16
11911.8,0.15
11915.9,0.15
11920.0,0.15
11924.1,0.15
11928.3,0.15
11932.4,0.15
11936.2,0.17
11939.8,0.17
11943.5,0.17
11947.6,0.15
11951.7,0.15
11956.0,0.15
11960.2,0.15
11964.3,0.15
11968.6,0.15
11972.9,0.15
11977.1,0.15
11981.5,0.14
11985.7,0.15
11989.9,0.15
11994.1,0.15
11998.9,0.13
12003.8,0.13
12008.8,0.13
12013.4,0.14
12017.8,0.14
12022.3,0.14
12027.2,0.13
12032.1,0.13
12036.5,0.14
12040.5,0.16
12044.7,0.15
12049.3,0.14
12053.8,0.14
12058.3,0.14
12062.6,0.15
12067.3,0.13
12072.0,0.13
12076.4,0.14
12080.9,0.14
12085.3,0.14
12089.8,0.14
12094.1,0.15
12098.4,0.15
12102.8,0.14
12107.1,0.15
12111.1,0.16
12115.1,0.16
12119.1,0.16
12123.1,0.16
12127.2,0.15
12131.2,0.16
12135.2,0.16
12139.5,0.15
12143.8,0.15
12148.1,0.15
12152.7,0.14
12157.0,0.15
12161.3,0.15
12165.8,0.14
12170.5,0.13
12175.2,0.13
12179.5,0.15
12183.7,0.15
12187.9,0.15
12192.0,0.15
12196.1,0.15
12200.3,0.15
12204.5,0.15
12208.9,0.14
12213.3,0.14
12217.5,0.15
12221.6,0.15
12226.0,0.14
12230.5,0.14
12234.7,0.15
12239.1,0.14
12243.3,0.15
12247.7,0.14
12251.7,0.16
12256.0,0.15
12260.3,0.15
12264.4,0.15
12268.5,0.15
12272.6,0.15
12276.8,0.15
12281.1,0.15
12285.4,0.15
12289.9,0.14
12294.5,0.14
12299.1,0.14
12303.7,0.14
12308.0,0.15
12312.5,0.14
12317.0,0.14
12321.4,0.14
12325.7,0.15
12330.1,0.14
12334.5,0.14
12339.1,0.14
12343.7,0.14
12348.2,0.14
12352.2,0.16
12356.5,0.15
12360.9,0.14
12365.0,0.15
12368.9,0.16
12372.7,0.17
12376.8,0.15
12380.9,0.15
12385.1,0.15
12389.4,0.15
12393.8,0.14
12398.0,0.15
12402.1,0.15
12406.3,0.15
12410.6,0.15
12414.9,0.15
12419.1,0.15
12423.9,0.13
12429.0,0.12
12433.6,0.14
12438.1,0.14
12442.3,0.15
12446.2,0.16
12450.4,0.15
12455.0,0.14
12459.7,0.13
12464.4,0.13
12468.9,0.14
12473.5,0.14
12478.3,0.13
12483.0,0.13
12487.3,0.15
12491.5,0.15
12495.6,0.15
12499.7,0.15
12503.6,0.16
12507.4,0.17
12511.2,0.17
12515.2,0.16
12519.2,0.16
12523.2,0.16
12527.5,0.15
12531.7,0.15
12536.0,0.15
12540.3,0.15
12544.8,0.14
12549.4,0.14
12553.7,0.15
12558.0,0.15
12562.1,0.15
12566.1,0.16
12570.1,0.16
12574.3,0.15
12578.6,0.15
12583.0,0.14
12587.5,0.14
12591.9,0.14
12596.2,0.15
12600.4,0.15
12604.5,0.15
12608.4,0.16
12612.3,0.16
12616.4,0.15
12620.4,0.16
12624.2,0.17
12628.5,0.15
12632.7,0.15
12636.7,0.16
12640.7,0.16
12644.6,0.16
12648.5,0.16
12652.9,0.14
12657.6,0.13
12662.3,0.13
12666.8,0.14
12671.5,0.13
12676.2,0.13
12680.8,0.14
12685.0,0.15
12689.1,0.15
12693.4,0.15
12697.8,0.14
12702.1,0.15
12706.5,0.14
12711.1,0.14
12715.3,0.15
12719.4,0.15
12723.5,0.15
12727.6,0.15
12732.1,0.14
12736.5,0.14
12741.4,0.13
12746.7,0.12
12751.6,0.13
12756.0,0.14
12760.3,0.15
12764.5,0.15
12768.8,0.15
12773.0,0.15
12777.4,0.14
12782.0,0.14
12786.7,0.13
12791.4,0.13
12796.1,0.13
12801.0,0.13
12805.5,0.14
12809.7,0.15
12814.1,0.14
12818.7,0.14
12823.1,0.14
12827.5,0.14
12832.1,0.14
12836.6,0.14
12840.9,0.15
12845.4,0.14
12849.9,0.14
12854.5,0.14
12859.0,0.14
12863.1,0.15
12867.5,0.14
12871.9,0.14
12876.0,0.15
12880.2,0.15
12884.3,0.15
12888.5,0.15
12892.8,0.15
12897.2,0.14
12901.3,0.15
12905.5,0.15
12909.7,0.15
12914.0,0.15
12918.2,0.15
12922.3,0.15
12926.4,0.15
12930.4,0.16
12934.4,0.16
12938.7,0.15
12943.1,0.14
12947.8,0.13
12952.8,0.13
12957.7,0.13
12962.0,0.15
12966.5,0.14
12971.2,0.13
12975.8,0.14
12980.1,0.15
12984.2,0.15
12988.3,0.15
12992.5,0.15
12996.8,0.15
13001.0,0.15
13005.3,0.15
13009.4,0.15
13013.7,0.15
13017.9,0.15
13022.1,0.15
13026.1,0.16
13030.0,0.16
13034.3,0.15
13038.8,0.14
13043.4,0.14
13047.8,0.14
13051.9,0.15
13056.2,0.15
13060.6,0.14
13064.8,0.15
13069.0,0.15
13073.2,0.15
13077.4,0.15
13081.6,0.15
13086.0,0.14
13090.2,0.15
13094.5,0.15
13098.9,0.14
13103.0,0.15
13107.1,0.15
13111.3,0.15
13115.5,0.15
13119.8,0.15
13124.3,0.14
13128.6,0.15
13132.9,0.15
13137.4,0.14
13141.5,0.15
13145.6,0.15
13149.8,0.15
13154.3,0.14
13158.7,0.14
13162.9,0.15
13167.0,0.15
13171.1,0.15
13175.2,0.15
13179.2,0.16
13183.3,0.15
13187.3,0.16
13191.3,0.16
13195.2,0.16
13199.3,0.15
13203.4,0.15
13207.6,0.15
13211.9,0.15
13215.9,0.16
13219.9,0.16
13223.8,0.16
13227.8,0.16
13231.7,0.16
13235.6,0.16
13239.4,0.17
13243.3,0.16
13247.2,0.16
13251.3,0.15
13255.3,0.16
13259.2,0.16
13263.2,0.16
13267.4,0.15
13271.3,0.16
13275.4,0.15
13279.6,0.15
13283.7,0.15
13287.8,0.15
13292.0,0.15
13295.9,0.16
13300.0,0.15
13304.1,0.15
13308.3,0.15
13312.1,0.17
13315.9,0.17
13319.8,0.16
13323.7,0.16
13327.7,0.16
13331.7,0.16
13335.8,0.15
13339.7,0.16
13343.5,0.17
13347.2,0.17
13351.2,0.16
13355.4,0.15
13359.6,0.15
13363.5,0.16
13367.6,0.15
13371.6,0.16
13375.6,0.16
13379.5,0.16
13383.4,0.16
13387.5,0.15
13391.6,0.15
13395.7,0.15
13399.6,0.16
13403.5,0.16
13407.4,0.16
13411.1,0.17
13414.8,0.17
13418.5,0.17
13422.1,0.17
13425.9,0.17
13429.8,0.16
13433.8,0.16
13437.9,0.15
13442.0,0.15
13446.1,0.15
13450.2,0.15
13454.4,0.15
13458.5,0.15
13462.3,0.17
13466.2,0.16
13470.2,0.16
13474.4,0.15
13478.7,0.15
13482.8,0.15
13487.0,0.15
13491.1,0.15
13495.0,0.16
13498.8,0.17
13502.7,0.16
13506.6,0.16
13510.9,0.15
13515.1,0.15
13519.3,0.15
13523.2,0.16
13527.1,0.16
13530.9,0.17
13534.7,0.17
13538.7,0.16
13542.7,0.16
13546.7,0.16
13550.5,0.17
13554.3,0.17
13558.1,0.17
13561.9,0.17
13565.5,0.17
13569.1,0.17
13572.9,0.17
13576.8,0.16
13580.6,0.17
13584.5,0.16
13588.2,0.17
13591.9,0.17
13595.5,0.17
13599.2,0.17
13602.9,0.17
13606.6,0.17
13610.5,0.16
13614.1,0.17
13617.6,0.18
13621.2,0.17
13624.9,0.17
13628.7,0.17
13632.6,0.16
13636.5,0.16
13640.2,0.17
13643.9,0.17
13648.1,0.15
13652.1,0.16
13656.2,0.15
13660.4,0.15
13664.5,0.15
13668.6,0.15
13672.7,0.15
13676.7,0.16
13680.5,0.17
13684.2,0.17
13688.2,0.16
13692.0,0.17
13695.6,0.17
13699.2,0.17
13702.6,0.18
13706.2,0.17
13709.9,0.17
13713.7,0.17
13717.5,0.17
13721.2,0.17
13724.8,0.17
13728.4,0.17
13732.1,0.17
13735.9,0.17
13739.8,0.16
13743.5,0.17
13747.4,0.16
13751.2,0.17
13754.8,0.17
13758.2,0.18
13761.7,0.18
13765.4,0.17
13769.0,0.17
13772.5,0.18
13776.1,0.17
13779.7,0.17
13783.3,0.17
13786.9,0.17
13790.5,0.17
13794.1,0.17
13797.8,0.17
13801.4,0.17
13805.2,0.17
13809.1,0.16
13812.9,0.17
13816.6,0.17
13820.1,0.18
13823.5,0.18
13827.1,0.17
13830.8,0.17
13834.5,0.17
13838.3,0.17
13841.9,0.17
13845.7,0.17
13849.4,0.17
13853.3,0.16
13857.1,0.17
13860.7,0.17
13864.5,0.17
13868.6,0.15
13872.7,0.15
13876.6,0.16
13880.4,0.17
13884.2,0.17
13888.1,0.16
13892.1,0.16
13895.8,0.17
13899.4,0.17
13903.0,0.17
13906.6,0.17
13910.2,0.17
13913.9,0.17
13917.6,0.17
13921.4,0.17
13925.0,0.17
13928.7,0.17
13932.3,0.17
13936.1,0.17
13939.9,0.17
13943.7,0.17
13947.6,0.16
13951.3,0.17
13954.9,0.17
13958.5,0.17
13962.0,0.18
13965.8,0.17
13969.9,0.15
13974.0,0.15
13978.2,0.15
13982.4,0.15
13986.3,0.16
13990.2,0.16
13994.0,0.17
13997.6,0.17
14001.1,0.18
14004.6,0.18
14008.2,0.17
14011.8,0.17
14015.5,0.17
14019.0,0.18
14022.5,0.18
14026.2,0.17
14029.9,0.17
14033.5,0.17
14037.2,0.17
14040.8,0.17
14044.7,0.16
14048.5,0.17
14052.4,0.16
14056.3,0.16
14060.3,0.16
14064.2,0.16
14068.0,0.17
14071.7,0.17
14075.2,0.18
14078.8,0.17
14082.4,0.17
14086.0,0.17
14089.6,0.17
14093.3,0.17
14096.9,0.17
14100.7,0.17
14104.3,0.17
14107.8,0.18
14111.4,0.17
14115.1,0.17
14118.7,0.17
14122.3,0.17
14125.9,0.17
14129.4,0.18
14132.8,0.18
14136.0,0.20
14139.1,0.20
14142.5,0.18
14146.0,0.18
14149.9,0.16
14153.8,0.16
14157.7,0.16
14161.5,0.17
14165.1,0.17
14168.8,0.17
14172.6,0.17
14176.2,0.17
14179.8,0.17
14183.5,0.17
14187.0,0.18
14190.5,0.18
14194.0,0.18
14197.6,0.17
14201.4,0.17
14205.2,0.17
14209.0,0.17
14212.8,0.17
14216.5,0.17
14220.1,0.17
14223.8,0.17
14227.6,0.17
14231.2,0.17
14235.0,0.17
14238.5,0.18
14242.2,0.17
14245.8,0.17
14249.4,0.17
14252.9,0.18
14256.5,0.17
14259.9,0.18
14263.4,0.18
14267.0,0.17
14270.7,0.17
14274.1,0.18
14277.5,0.18
14281.0,0.18
14284.5,0.18
14288.0,0.18
14291.4,0.18
14295.0,0.17
14298.5,0.18
14301.9,0.18
14305.3,0.18
14308.6,0.19
14312.0,0.18
14315.5,0.18
14318.8,0.19
14322.1,0.19
14325.5,0.18
14329.2,0.17
14332.9,0.17
14336.6,0.17
14340.1,0.18
14343.6,0.18
14347.0,0.18
14350.4,0.18
14353.8,0.18
14357.3,0.18
14360.8,0.18
14364.3,0.18
14367.9,0.17
14371.4,0.18
14375.1,0.17
14378.7,0.17
14382.4,0.17
14386.3,0.16
14390.1,0.17
14393.8,0.17
14397.4,0.17
14401.0,0.17
14404.5,0.18
14408.0,0.18
14411.6,0.17
14415.4,0.17
14419.3,0.16
14423.2,0.16
14427.2,0.16
14430.9,0.17
14434.7,0.17
14438.5,0.17
14442.2,0.17
14445.9,0.17
14449.8,0.16
14453.6,0.17
14457.5,0.16
14461.3,0.17
14465.2,0.16
14469.0,0.17
14472.6,0.17
14476.1,0.18
14479.7,0.17
14483.3,0.17
14486.9,0.17
14490.4,0.18
14494.0,0.17
14497.8,0.17
14501.5,0.17
14505.2,0.17
14508.8,0.17
14512.4,0.17
14515.9,0.18
14519.5,0.17
14523.0,0.18
14526.6,0.17
14530.3,0.17
14533.8,0.18
14537.3,0.18
14540.9,0.17
14544.4,0.18
14547.9,0.18
14551.6,0.17
14555.3,0.17
14558.9,0.17
14562.4,0.18
14565.9,0.18
14569.6,0.17
14573.4,0.17
14577.3,0.16
14581.1,0.17
14584.7,0.17
14588.4,0.17
14592.1,0.17
14595.8,0.17
14599.5,0.17
14603.4,0.16
14607.3,0.16
14611.1,0.17
14614.9,0.17
14618.7,0.17
14622.2,0.18
14625.7,0.18
14629.2,0.18
14632.8,0.17
14636.2,0.18
14639.6,0.18
14643.0,0.18
14646.6,0.17
14650.0,0.18
14653.6,0.17
14657.6,0.16
14661.4,0.17
14665.1,0.17
14668.8,0.17
14672.5,0.17
14676.2,0.17
14679.9,0.17
14683.5,0.17
14687.1,0.17
14690.6,0.18
14694.2,0.17
14698.0,0.17
14701.9,0.16
14705.6,0.17
14709.2,0.17
14712.9,0.17
14716.5,0.17
14720.0,0.18
14723.5,0.18
14727.1,0.17
14731.1,0.16
14735.1,0.16
14739.0,0.16
14742.8,0.17
14746.4,0.17
14750.1,0.17
14753.8,0.17
14757.4,0.17
14761.0,0.17
14764.5,0.18
14768.0,0.18
14771.3,0.19
14774.8,0.18
14778.2,0.18
14781.7,0.18
14785.1,0.18
14788.6,0.18
14792.0,0.18
14795.4,0.18
14798.9,0.18
14802.5,0.17
14806.3,0.17
14810.0,0.17
14813.6,0.17
14817.2,0.17
14820.9,0.17
14824.7,0.17
14828.7,0.16
14832.7,0.16
14836.5,0.17
14840.1,0.17
14843.5,0.18
14846.9,0.18
14850.2,0.19
14853.7,0.18
14857.1,0.18
14860.7,0.17
14864.4,0.17
14868.1,0.17
14871.9,0.17
14875.7,0.17
14879.6,0.16
14883.4,0.17
14887.1,0.17
14891.0,0.16
14894.7,0.17
14898.5,0.17
14902.3,0.17
14906.0,0.17
14910.0,0.16
14913.7,0.17
14917.5,0.17
14921.1,0.17
14924.9,0.17
14928.7,0.17
14932.5,0.17
14936.4,0.16
14940.4,0.16
14944.1,0.17
14947.7,0.17
14951.2,0.18
14954.6,0.18
14957.9,0.19
14961.1,0.20
14964.4,0.19
14967.7,0.19
14971.1,0.18
14974.8,0.17
14978.4,0.17
14982.1,0.17
14985.8,0.17
14989.4,0.17
14993.1,0.17
14996.7,0.17
15000.2,0.18
15003.7,0.18
15007.1,0.18
15010.5,0.18
15013.9,0.18
15017.6,0.17
15021.3,0.17
15025.0,0.17
15028.6,0.17
15032.2,0.17
15035.7,0.18
15039.3,0.17
15043.0,0.17
15046.7,0.17
15050.5,0.17
15054.2,0.17
15058.1,0.16
15062.0,0.16
15065.6,0.17
15069.5,0.16
15073.4,0.16
15077.2,0.17
15080.9,0.17
15084.6,0.17
15088.2,0.17
15091.7,0.18
15095.4,0.17
15099.0,0.17
15102.9,0.16
15106.7,0.17
15110.6,0.16
15114.5,0.16
15118.2,0.17
15122.0,0.17
15125.8,0.17
15129.5,0.17
15133.3,0.17
15137.0,0.17
15140.6,0.17
15144.1,0.18
15147.7,0.17
15151.5,0.17
15155.6,0.15
15159.4,0.17
15163.1,0.17
15166.8,0.17
15170.5,0.17
15174.1,0.17
15177.6,0.18
15181.1,0.18
15184.5,0.18
15187.9,0.18
15191.5,0.17
15195.2,0.17
15198.8,0.17
15202.5,0.17
15206.3,0.17
15209.9,0.17
15213.6,0.17
15217.5,0.16
15221.1,0.17
15224.7,0.17
15228.1,0.18
15231.6,0.18
15235.3,0.17
15238.8,0.18
15242.5,0.17
15246.1,0.17
15249.6,0.18
15253.0,0.18
15256.4,0.18
15259.8,0.18
15263.1,0.19
15266.4,0.19
15269.6,0.20
15272.9,0.19
15276.2,0.19
15279.7,0.18
15283.2,0.18
15286.6,0.18
15290.2,0.17
15293.8,0.17
15297.6,0.17
15301.4,0.17
15305.2,0.17
15309.1,0.16
15313.0,0.16
15316.9,0.16
15320.8,0.16
15324.5,0.17
15328.1,0.17
15331.7,0.17
15335.3,0.17
15339.1,0.17
15343.0,0.16
15346.8,0.17
15350.6,0.17
15354.1,0.18
15357.7,0.17
15361.4,0.17
15365.0,0.17
15369.0,0.16
15373.1,0.15
15376.9,0.17
15380.7,0.17
15384.3,0.17
15387.8,0.18
15391.2,0.18
15394.8,0.17
15398.4,0.17
15401.9,0.18
15405.9,0.16
15409.8,0.16
15413.7,0.16
15417.7,0.16
15421.5,0.17
15425.5,0.16
15429.5,0.16
15433.6,0.15
15437.6,0.16
15441.6,0.16
15445.8,0.15
15449.8,0.16
15453.8,0.16
15457.6,0.17
15461.5,0.16
15465.2,0.17
15469.0,0.17
15472.8,0.17
15476.7,0.16
15480.3,0.17
15484.0,0.17
15487.8,0.17
15491.5,0.17
15495.1,0.17
15499.0,0.16
15502.8,0.17
15506.6,0.17
15510.5,0.16
15514.3,0.17
15518.0,0.17
15521.6,0.17
15525.3,0.17
15529.0,0.17
15532.9,0.16
15536.7,0.17
15540.5,0.17
15544.3,0.17
15548.1,0.17
15551.8,0.17
15555.5,0.17
15559.2,0.17
15563.1,0.16
15567.0,0.16
15571.1,0.15
15575.4,0.15
15579.5,0.15
15583.6,0.15
15588.0,0.14
15592.1,0.15
15596.0,0.16
15599.8,0.17
15603.4,0.17
15607.0,0.17
15610.6,0.17
15614.4,0.17
15618.3,0.16
15622.3,0.16
15626.5,0.15
15630.8,0.15
15635.1,0.15
15639.1,0.16
15642.7,0.17
15646.3,0.17
15649.8,0.18
15653.5,0.17
15657.3,0.17
15661.1,0.17
15664.7,0.17
15668.4,0.17
15672.2,0.17
15676.0,0.17
15680.0,0.16
15684.0,0.16
15687.8,0.17
15691.8,0.16
15695.8,0.16
15699.9,0.15
15704.1,0.15
15708.0,0.16
15711.9,0.16
15715.9,0.16
15719.6,0.17
15723.4,0.17
15727.1,0.17
15730.8,0.17
15734.5,0.17
15738.4,0.16
15742.0,0.17
15745.8,0.17
15749.8,0.16
15753.6,0.17
15757.4,0.17
15761.1,0.17
15764.8,0.17
15768.4,0.17
15772.1,0.17
15775.8,0.17
15779.5,0.17
15783.3,0.17
15787.1,0.17
15790.7,0.17
15794.2,0.18
15797.8,0.17
15801.4,0.17
15805.1,0.17
15808.9,0.17
15812.6,0.17
15816.5,0.16
15820.4,0.16
15824.3,0.16
15828.2,0.16
15832.3,0.15
15836.1,0.17
15839.8,0.17
15843.4,0.17
15847.2,0.17
15851.0,0.17
15854.5,0.18
15857.9,0.18
15861.3,0.18
15864.9,0.17
15868.6,0.17
15872.4,0.17
15876.2,0.17
15880.1,0.16
15883.9,0.17
15888.0,0.15
15892.1,0.15
15895.8,0.17
15899.8,0.16
15903.7,0.16
15907.6,0.16
15911.4,0.17
15915.3,0.16
15918.9,0.17
15922.3,0.18
15925.8,0.18
15929.3,0.18
15932.9,0.17
15936.4,0.18
15940.0,0.17
15943.6,0.17
15947.4,0.17
15951.4,0.16
15955.7,0.15
15959.9,0.15
15963.8,0.16
15967.8,0.16
15971.8,0.16
15975.8,0.16
15980.0,0.15
15984.2,0.15
15987.9,0.17
15991.6,0.17
15995.4,0.17
15999.2,0.17
16003.1,0.16
16007.1,0.16
16011.1,0.16
16015.1,0.16
16019.0,0.16
16022.9,0.16
16027.0,0.15
16031.2,0.15
16035.2,0.16
16039.2,0.16
16043.1,0.16
16046.8,0.17
16050.6,0.17
16054.6,0.16
16058.6,0.16
16062.5,0.16
16066.4,0.16
16070.2,0.17
16074.0,0.17
16078.0,0.16
16081.8,0.17
16085.4,0.17
16089.1,0.17
16093.0,0.16
16096.6,0.17
16100.2,0.17
16103.8,0.17
16107.7,0.16
16111.5,0.17
16115.5,0.16
16119.6,0.15
16123.6,0.16
16127.8,0.15
16132.0,0.15
16135.9,0.16
16139.8,0.16
16143.6,0.17
16147.3,0.17
16151.0,0.17
16155.0,0.16
16159.2,0.15
16163.4,0.15
16167.4,0.16
16171.4,0.16
16175.1,0.17
16178.7,0.17
16182.4,0.17
16186.0,0.17
16189.9,0.16
16193.5,0.17
16196.8,0.19
16200.0,0.20
16203.0,0.21
16206.3,0.19
16209.6,0.19
16213.2,0.17
16216.9,0.17
16220.4,0.18
16223.8,0.18
16227.6,0.17
16231.4,0.17
16235.0,0.17
16238.7,0.17
16242.3,0.17
16246.1,0.17
16249.8,0.17
16253.4,0.17
16257.1,0.17
16261.0,0.16
16264.6,0.17
16268.2,0.17
16271.8,0.17
16275.5,0.17
16279.2,0.17
16283.0,0.17
16286.9,0.16
16291.1,0.15
16295.3,0.15
16299.1,0.17
16302.8,0.17
16306.4,0.17
16310.2,0.17
16313.9,0.17
16317.8,0.16
16321.6,0.17
16325.4,0.17
16329.1,0.17
16332.9,0.17
16336.7,0.17
16340.4,0.17
16344.0,0.17
16347.5,0.18
16351.1,0.17
16354.6,0.18
16358.0,0.18
16361.5,0.18
16365.0,0.18
16368.6,0.17
16372.3,0.17
16376.2,0.16
16380.3,0.15
16384.4,0.15
16388.3,0.16
16392.1,0.17
16396.0,0.16
16400.0,0.16
16403.9,0.16
16407.6,0.17
16411.2,0.17
16415.0,0.17
16418.9,0.16
16422.7,0.17
16426.5,0.17
16430.2,0.17
16433.9,0.17
16437.6,0.17
16441.2,0.17
16445.0,0.17
16448.7,0.17
16452.4,0.17
16456.2,0.17
16460.0,0.17
16463.8,0.17
16467.5,0.17
16471.4,0.16
16475.2,0.17
16479.1,0.16
16482.8,0.17
16486.6,0.17
16490.2,0.17
16494.0,0.17
16497.7,0.17
16501.3,0.17
16505.0,0.17
16508.7,0.17
16512.6,0.16
16516.5,0.16
16520.2,0.17
16524.1,0.16
16527.9,0.17
16531.8,0.16
16535.8,0.16
16539.9,0.15
16543.8,0.16
16547.9,0.15
16552.0,0.15
16556.3,0.15
16560.4,0.15
16564.2,0.17
16568.2,0.16
16572.3,0.15
16576.2,0.16
16580.0,0.17
16583.8,0.17
16587.5,0.17
16591.3,0.17
16595.2,0.16
16599.0,0.17
16602.5,0.18
16606.3,0.17
16610.0,0.17
16613.6,0.17
16617.2,0.17
16620.8,0.17
16624.3,0.18
16628.0,0.17
16631.6,0.17
16635.3,0.17
16639.2,0.16
16642.9,0.17
16646.8,0.16
16650.8,0.16
16654.5,0.17
16658.3,0.17
16662.1,0.17
16665.7,0.17
16669.5,0.17
16673.2,0.17
16676.9,0.17
16680.6,0.17
16684.3,0.17
16688.2,0.16
16692.1,0.16
16695.9,0.17
16699.7,0.17
16703.6,0.16
16707.4,0.17
16711.0,0.17
16714.6,0.17
16718.5,0.16
16722.6,0.15
16726.6,0.16
16730.6,0.16
16734.4,0.17
16738.4,0.16
16742.4,0.16
16746.3,0.16
16750.3,0.16
16754.3,0.16
16758.3,0.16
16762.0,0.17
16765.6,0.17
16769.2,0.17
16773.1,0.16
16777.1,0.16
16781.1,0.16
16784.9,0.17
16788.8,0.16
16792.7,0.16
16796.4,0.17
16800.1,0.17
16804.2,0.15
16807.7,0.18
16811.2,0.18
16814.9,0.17
16818.7,0.17
16822.4,0.17
16826.4,0.16
16830.8,0.14
16835.2,0.14
16839.2,0.16
16843.3,0.15
16847.2,0.16
16851.2,0.16
16855.6,0.14
16860.2,0.14
16864.8,0.14
16869.2,0.14
16873.8,0.14
16878.1,0.15
16882.2,0.15
16886.4,0.15
16891.0,0.14
16895.5,0.14
16900.0,0.14
16904.7,0.13
16909.0,0.15
16913.4,0.14
16917.8,0.14
16922.0,0.15
16926.2,0.15
16930.5,0.15
16934.8,0.15
16938.9,0.15
16943.1,0.15
16947.2,0.15
16951.2,0.16
16955.3,0.15
16959.5,0.15
16963.5,0.16
16967.5,0.16
16971.5,0.16
16975.5,0.16
16979.5,0.16
16983.5,0.16
16987.5,0.16
16991.7,0.15
16995.7,0.16
17000.0,0.15
17004.4,0.14
17008.8,0.14
17013.1,0.15
17017.5,0.14
17021.7,0.15
17026.0,0.15
17030.6,0.14
17035.0,0.14
17039.2,0.15
17043.3,0.15
17047.2,0.16
17051.3,0.15
17055.6,0.15
17059.9,0.15
17064.0,0.15
17067.9,0.16
17071.9,0.16
17075.8,0.16
17079.8,0.16
17083.6,0.17
17087.6,0.16
17091.7,0.15
17095.5,0.17
17099.3,0.17
17103.1,0.17
17106.9,0.17
17110.6,0.17
17114.3,0.17
17118.0,0.17
17121.7,0.17
17125.3,0.17
17128.9,0.17
17132.7,0.17
17136.4,0.17
17140.1,0.17
17143.7,0.17
17147.3,0.17
17150.9,0.17
17154.8,0.16
17158.8,0.16
17163.0,0.15
17167.3,0.15
17171.6,0.15
17176.0,0.14
17180.3,0.15
17184.6,0.15
17188.7,0.15
17192.7,0.16
17196.7,0.16
17200.9,0.15
17205.0,0.15
17209.3,0.15
17213.8,0.14
17218.0,0.15
17222.2,0.15
17226.3,0.15
17230.4,0.15
17234.5,0.15
17238.8,0.15
17243.1,0.15
17247.3,0.15
17251.4,0.15
17255.8,0.14
17260.1,0.15
17264.4,0.15
17268.8,0.14
17273.1,0.15
17277.4,0.15
17281.7,0.15
17285.7,0.16
17289.5,0.17
17293.3,0.17
17297.2,0.16
17301.1,0.16
17305.0,0.16
17309.0,0.16
17313.0,0.16
17317.0,0.16
17320.8,0.17
17324.8,0.16
17328.7,0.16
17332.8,0.15
17337.0,0.15
17341.2,0.15
17345.3,0.15
17349.6,0.15
17353.7,0.15
17357.8,0.15
17362.0,0.15
17365.9,0.16
17369.7,0.17
17373.4,0.17
17377.4,0.16
17381.6,0.15
17385.5,0.16
17389.3,0.17
17393.2,0.16
17397.0,0.17
17400.9,0.16
17404.9,0.16
17408.8,0.16
17413.0,0.15
17417.4,0.14
17421.8,0.14
17426.1,0.15
17430.5,0.14
17435.1,0.14
17439.8,0.13
17444.4,0.14
17449.1,0.13
17454.0,0.13
17458.5,0.14
17462.7,0.15
17466.7,0.16
17470.8,0.15
17475.1,0.15
17479.6,0.14
17483.9,0.15
17488.1,0.15
17492.0,0.16
17495.9,0.16
17500.0,0.15
17503.9,0.16
17507.8,0.16
17511.8,0.16
17515.8,0.16
17519.8,0.16
17523.7,0.16
17527.8,0.15
17532.1,0.15
17536.5,0.14
17540.8,0.15
17544.9,0.15
17549.0,0.15
17553.3,0.15
17557.8,0.14
17561.9,0.15
17565.8,0.16
17569.8,0.16
17574.1,0.15
17578.5,0.14
17582.7,0.15
17586.7,0.16
17590.7,0.16
17594.6,0.16
17598.9,0.15
17603.0,0.15
17607.0,0.16
17611.1,0.15
17615.2,0.15
17619.5,0.15
17624.2,0.13
17628.7,0.14
17633.1,0.14
17637.5,0.14
17641.7,0.15
17645.8,0.15
17649.9,0.15
17654.1,0.15
17658.5,0.14
17662.6,0.15
17666.8,0.15
17671.2,0.14
17675.7,0.14
17680.0,0.15
17683.9,0.16
17687.8,0.16
17691.7,0.16
17695.7,0.16
17699.7,0.16
17703.8,0.15
17707.8,0.16
17711.8,0.16
17715.9,0.15
17720.1,0.15
17724.2,0.15
17728.0,0.17
17732.1,0.15
17736.1,0.16
17740.3,0.15
17744.3,0.16
17748.4,0.15
17752.4,0.16
17756.6,0.15
17761.0,0.14
17765.1,0.15
17769.3,0.15
17773.6,0.15
17777.7,0.15
17782.0,0.15
17786.2,0.15
17790.3,0.15
17794.5,0.15
17798.8,0.15
17802.7,0.16
17806.5,0.17
17810.4,0.16
17814.6,0.15
17819.0,0.14
17823.3,0.15
17827.6,0.15
17831.8,0.15
17836.0,0.15
17840.2,0.15
17844.6,0.14
17849.1,0.14
17853.2,0.15
17857.3,0.15
17861.5,0.15
17865.6,0.15
17869.9,0.15
17874.5,0.14
17879.1,0.14
17883.9,0.13
17888.5,0.14
17893.2,0.13
17897.9,0.13
17902.5,0.14
17907.0,0.14
17911.4,0.14
17915.7,0.15
17919.9,0.15
17924.1,0.15
17928.3,0.15
17932.5,0.15
17936.6,0.15
17940.9,0.15
17945.2,0.15
17949.6,0.14
17954.4,0.13
17959.0,0.14
17963.0,0.16
17967.1,0.15
17971.3,0.15
17975.7,0.14
17980.3,0.14
17985.1,0.13
17989.6,0.14
17994.0,0.14
17998.2,0.15
18002.5,0.15
18006.7,0.15
18011.0,0.15
18015.5,0.14
18019.8,0.15
18024.6,0.13
18029.5,0.13
18034.4,0.13
18039.0,0.14
18043.7,0.13
18048.0,0.15
18052.7,0.13
18057.4,0.13
18062.0,0.14
18066.4,0.14
18070.7,0.15
18075.0,0.15
18079.5,0.14
18084.1,0.14
18088.5,0.14
18092.9,0.14
18097.2,0.15
18101.5,0.15
18105.7,0.15
18110.0,0.15
18114.2,0.15
18118.5,0.15
18122.9,0.14
18127.2,0.15
18131.0,0.17
18135.1,0.15
18139.2,0.15
18143.3,0.15
18147.3,0.16
18151.5,0.15
18156.1,0.14
18160.4,0.15
18164.5,0.15
18168.7,0.15
18172.6,0.16
18176.4,0.17
18180.2,0.17
18184.0,0.17
18188.0,0.16
18192.0,0.16
18196.2,0.15
18200.5,0.15
18204.6,0.15
18208.7,0.15
18213.0,0.15
18217.3,0.15
18221.5,0.15
18225.6,0.15
18229.7,0.15
18233.7,0.16
18237.8,0.15
18241.8,0.16
18245.6,0.17
18249.5,0.16
18253.2,0.17
18257.2,0.16
18261.1,0.16
18265.0,0.16
18269.2,0.15
18273.4,0.15
18277.6,0.15
18281.9,0.15
18286.1,0.15
18290.2,0.15
18294.4,0.15
18298.7,0.15
18303.1,0.14
18307.3,0.15
18311.4,0.15
18315.2,0.17
18319.1,0.16
18323.2,0.15
18327.4,0.15
18331.5,0.15
18335.5,0.16
18339.8,0.15
18343.8,0.16
18348.1,0.15
18352.3,0.15
18356.6,0.15
18361.2,0.14
18365.3,0.15
18369.0,0.17
18372.8,0.17
18376.6,0.17
18380.5,0.16
18384.5,0.16
18388.6,0.15
18392.7,0.15
18396.8,0.15
18401.1,0.15
18405.3,0.15
18409.4,0.15
18413.4,0.16
18417.7,0.15
18422.1,0.14
18426.3,0.15
18430.4,0.15
18434.4,0.16
18438.7,0.15
18442.7,0.16
18446.4,0.17
18450.2,0.17
18454.1,0.16
18458.1,0.16
18462.1,0.16
18466.2,0.15
18470.2,0.16
18474.2,0.16
18478.2,0.16
18482.2,0.16
18486.1,0.16
18490.0,0.16
18494.1,0.15
18498.4,0.15
18502.8,0.14
18507.1,0.15
18511.2,0.15
18515.0,0.17
18518.9,0.16
18522.6,0.17
18526.2,0.17
18529.9,0.17
18534.1,0.15
18538.6,0.14
18543.3,0.13
18547.7,0.14
18552.2,0.14
18556.5,0.15
18560.7,0.15
18564.8,0.15
18568.7,0.16
18572.5,0.17
18576.3,0.17
18580.0,0.17
18583.7,0.17
18587.6,0.16
18591.6,0.16
18595.6,0.16
18599.7,0.15
18603.6,0.16
18607.6,0.16
18611.0,0.18
18614.6,0.17
18618.6,0.16
18622.8,0.15
18626.9,0.15
18631.2,0.15
18635.3,0.15
18639.3,0.16
18643.2,0.16
18647.2,0.16
18651.1,0.16
18655.2,0.15
18659.5,0.15
18663.9,0.14
18668.3,0.14
18672.5,0.15
18676.4,0.16
18680.2,0.17
18684.1,0.16
18688.0,0.16
18691.8,0.17
18695.8,0.16
18700.1,0.15
18704.3,0.15
18708.4,0.15
18712.4,0.16
18716.3,0.16
18720.2,0.16
18724.3,0.15
18728.5,0.15
18733.0,0.14
18737.1,0.15
18741.1,0.16
18745.3,0.15
18749.2,0.16
18753.2,0.16
18757.3,0.15
18761.7,0.14
18765.9,0.15
18770.0,0.15
18774.1,0.15
18778.3,0.15
18782.3,0.16
18786.2,0.16
18790.3,0.15
18794.4,0.15
18798.7,0.15
18802.8,0.15
18806.7,0.16
18810.6,0.16
18814.8,0.15
18819.0,0.15
18823.0,0.16
18826.8,0.17
18830.8,0.16
18835.0,0.15
18839.4,0.14
18843.9,0.14
18848.5,0.14
18852.9,0.14
18857.5,0.14
18862.0,0.14
18866.4,0.14
18870.5,0.15
18874.4,0.16
18878.3,0.16
18882.2,0.16
18886.3,0.15
18890.6,0.15
18895.0,0.14
18899.7,0.13
18904.1,0.14
18908.4,0.15
18912.7,0.15
18917.0,0.15
18921.1,0.15
18925.2,0.15
18929.3,0.15
18933.4,0.15
18937.7,0.15
18941.7,0.16
18945.6,0.16
18949.7,0.15
18953.8,0.15
18957.7,0.16
18961.6,0.16
18965.7,0.15
18970.0,0.15
18974.2,0.15
18978.6,0.14
18982.6,0.16
18986.3,0.17
18990.1,0.17
18994.0,0.16
18998.0,0.16
19002.1,0.15
19006.3,0.15
19010.7,0.14
19014.8,0.15
19019.1,0.15
19023.4,0.15
19027.7,0.15
19031.9,0.15
19036.1,0.15
19040.2,0.15
19044.2,0.16
19048.2,0.16
19052.4,0.15
19056.6,0.15
19060.9,0.15
19065.2,0.15
19069.5,0.15
19073.8,0.15
19078.2,0.14
19082.7,0.14
19087.0,0.15
19091.3,0.15
19095.8,0.14
19100.3,0.14
19104.5,0.15
19108.6,0.15
19112.6,0.16
19116.4,0.17
19120.6,0.15
19124.8,0.15
19129.0,0.15
19133.5,0.14
19137.9,0.14
19142.0,0.15
19146.0,0.16
19150.2,0.15
19154.5,0.15
19158.5,0.16
19162.6,0.15
19166.5,0.16
19170.4,0.16
19174.4,0.16
19178.4,0.16
19182.5,0.15
19186.4,0.16
19190.4,0.16
19194.5,0.15
19198.7,0.15
19202.5,0.17
19206.3,0.17
19210.3,0.16
19214.4,0.15
19218.8,0.14
19223.0,0.15
19227.0,0.16
19231.1,0.15
19235.6,0.14
19240.4,0.13
19244.9,0.14
19248.9,0.16
19252.8,0.16
19256.7,0.16
19260.7,0.16
19264.6,0.16
19268.7,0.15
19273.0,0.15
19277.5,0.14
19282.2,0.13
19286.6,0.14
19290.9,0.15
19295.4,0.14
19299.6,0.15
19303.6,0.16
19307.7,0.15
19311.8,0.15
19315.8,0.16
19320.2,0.14
19324.6,0.14
19329.2,0.14
19334.1,0.13
19339.0,0.13
19343.6,0.14
19348.1,0.14
19352.8,0.13
19357.3,0.14
19361.8,0.14
19366.0,0.15
19370.2,0.15
19374.5,0.15
19378.7,0.15
19382.8,0.15
19387.1,0.15
19391.7,0.14
19396.3,0.14
19400.7,0.14
19404.7,0.16
19408.8,0.15
19413.2,0.14
19417.9,0.13
19422.3,0.14
19426.6,0.15
19430.8,0.15
19435.0,0.15
19439.5,0.14
19444.0,0.14
19448.7,0.13
19453.2,0.14
19457.5,0.15
19461.8,0.15
19466.1,0.15
19470.4,0.15
19474.8,0.14
19479.0,0.15
19483.4,0.14
19487.9,0.14
19492.6,0.13
19497.1,0.14
19501.4,0.15
19505.5,0.15
19509.7,0.15
19514.1,0.14
19518.8,0.13
19523.6,0.13
19527.9,0.15
19531.9,0.16
19535.8,0.16
19539.8,0.16
19544.0,0.15
19548.1,0.15
19552.1,0.16
19556.0,0.16
19559.7,0.17
19563.4,0.17
19567.2,0.17
19570.9,0.17
19574.7,0.17
19578.6,0.16
19582.4,0.17
19586.4,0.16
19590.3,0.16
19594.4,0.15
19598.5,0.15
19602.7,0.15
19606.6,0.16
19610.7,0.15
19614.7,0.16
19618.6,0.16
19622.7,0.15
19626.7,0.16
19630.8,0.15
19634.8,0.16
19638.9,0.15
19642.9,0.16
19647.0,0.15
19651.1,0.15
19655.2,0.15
19659.4,0.15
19663.6,0.15
19667.7,0.15
19671.5,0.17
19675.5,0.16
19679.5,0.16
19683.6,0.15
19687.8,0.15
19691.8,0.16
19695.8,0.16
19699.8,0.16
19704.0,0.15
19708.2,0.15
19712.6,0.14
19717.3,0.13
19721.6,0.15
19725.8,0.15
19729.9,0.15
19734.1,0.15
19738.6,0.14
19742.9,0.15
19747.3,0.14
19751.7,0.14
19755.9,0.15
19759.8,0.16
19763.6,0.17
19767.4,0.17
19771.6,0.15
19776.0,0.14
19780.1,0.15
19784.1,0.16
19787.9,0.17
19791.8,0.16
19795.8,0.16
19799.9,0.15
19804.3,0.14
19808.5,0.15
19812.6,0.15
19816.8,0.15
19820.9,0.15
19824.9,0.16
19828.8,0.16
19832.9,0.15
19836.9,0.16
19840.8,0.16
19844.8,0.16
19848.9,0.15
19853.4,0.14
19857.8,0.14
19861.9,0.15
19865.8,0.16
19869.6,0.17
19873.5,0.16
19877.5,0.16
19881.7,0.15
19886.2,0.14
19890.6,0.14
19895.1,0.14
19899.6,0.14
19903.8,0.15
19907.8,0.16
19911.8,0.16
19915.8,0.16
19919.5,0.17
19923.2,0.17
19926.8,0.17
19930.7,0.16
19934.5,0.17
19938.2,0.17
19942.0,0.17
19945.7,0.17
19949.6,0.16
19953.6,0.16
19957.4,0.17
19961.0,0.17
19964.6,0.17
19968.2,0.17
19971.9,0.17
19975.9,0.16
19979.8,0.16
19983.7,0.16
19987.7,0.16
19991.7,0.16
19995.7,0.16
19999.8,0.15
20004.0,0.15
20007.9,0.16
20011.9,0.16
20016.3,0.14
20020.6,0.15
20024.4,0.17
20027.9,0.18
20031.7,0.17
20035.6,0.16
20039.5,0.16
20043.5,0.16
20047.3,0.17
20051.1,0.17
20054.7,0.17
20058.3,0.17
20061.8,0.18
20065.5,0.17
20069.2,0.17
20073.3,0.15
20077.5,0.15
20081.6,0.15
20085.6,0.16
20089.6,0.16
20093.7,0.15
20098.0,0.15
20102.1,0.15
20106.2,0.15
20110.5,0.15
20114.8,0.15
20118.8,0.16
20122.6,0.17
20126.2,0.17
20130.0,0.17
20134.0,0.16
20138.0,0.16
20142.1,0.15
20145.9,0.17
20149.8,0.16
20153.8,0.16
20157.8,0.16
20161.8,0.16
20165.7,0.16
20169.7,0.16
20173.9,0.15
20178.0,0.15
20182.3,0.15
20186.9,0.14
20191.1,0.15
20195.1,0.16
20199.2,0.15
20203.1,0.16
20207.1,0.16
20211.1,0.16
20215.0,0.16
20218.9,0.16
20222.6,0.17
20226.5,0.16
20230.5,0.16
20234.8,0.15
20239.1,0.15
20243.4,0.15
20247.8,0.14
20251.8,0.16
20255.9,0.15
20260.0,0.15
20264.1,0.15
20268.1,0.16
20272.4,0.15
20277.2,0.13
20281.5,0.15
20285.7,0.15
20290.1,0.14
20294.4,0.15
20298.8,0.14
20303.2,0.14
20307.5,0.15
20311.9,0.14
20316.6,0.13
20320.9,0.15
20325.2,0.15
20329.8,0.14
20334.5,0.13
20338.9,0.14
20343.4,0.14
20348.0,0.14
20352.3,0.15
20356.5,0.15
20360.6,0.15
20364.3,0.17
20368.1,0.17
20372.0,0.16
20375.9,0.16
20380.0,0.15
20384.3,0.15
20389.0,0.13
20394.2,0.12
20399.3,0.12
20404.5,0.12
20409.8,0.12
20414.9,0.12
20420.2,0.12
20425.0,0.13
20429.6,0.14
20434.4,0.13
20439.3,0.13
20444.2,0.13
20448.9,0.13
20453.6,0.13
20458.4,0.13
20462.8,0.14
20467.1,0.15
20471.7,0.14
20476.5,0.13
20481.2,0.13
20485.6,0.14
20489.8,0.15
20493.9,0.15
20498.5,0.14
20503.1,0.14
20507.5,0.14
20511.7,0.15
20515.7,0.16
20519.7,0.16
20523.6,0.16
20527.4,0.17
20531.3,0.16
20535.3,0.16
20539.3,0.16
20543.4,0.15
20547.6,0.15
20551.8,0.15
20555.9,0.15
20560.1,0.15
20564.2,0.15
20568.2,0.16
20572.2,0.16
20576.3,0.15
20580.6,0.15
20584.6,0.16
20588.5,0.16
20592.5,0.16
20596.3,0.17
20600.1,0.17
20603.9,0.17
20607.4,0.18
20611.0,0.17
20614.8,0.17
20618.7,0.16
20622.8,0.15
20626.7,0.16
20630.4,0.17
20634.2,0.17
20638.3,0.15
20642.3,0.16
20646.5,0.15
20650.7,0.15
20654.6,0.16
20658.5,0.16
20662.1,0.17
20665.7,0.17
20669.2,0.18
20672.8,0.17
20676.4,0.17
20679.9,0.18
20683.5,0.17
20687.1,0.17
20691.0,0.16
20695.2,0.15
20699.5,0.15
20703.6,0.15
20707.7,0.15
20711.7,0.16
20715.5,0.17
20719.2,0.17
20722.9,0.17
20726.7,0.17
20730.5,0.17
20734.2,0.17
20737.8,0.17
20741.4,0.17
20745.0,0.17
20748.7,0.17
20752.4,0.17
20756.2,0.17
20759.9,0.17
20763.7,0.17
20767.5,0.17
20771.5,0.16
20775.7,0.15
20779.7,0.16
20783.6,0.16
20787.5,0.16
20791.3,0.17
20794.9,0.17
20798.6,0.17
20802.4,0.17
20806.2,0.17
20810.3,0.15
20814.4,0.15
20818.4,0.16
20822.3,0.16
20826.1,0.17
20830.0,0.16
20834.1,0.15
20838.0,0.16
20841.9,0.16
20845.8,0.16
20849.6,0.17
20853.4,0.17
20857.2,0.17
20861.0,0.17
20864.9,0.16
20869.0,0.15
20873.1,0.15
20877.2,0.15
20881.1,0.16
20885.1,0.16
20889.3,0.15
20893.5,0.15
20897.8,0.15
20902.2,0.14
20906.8,0.14
20911.9,0.12
20916.8,0.13
20921.7,0.13
20926.3,0.14
20930.9,0.14
20935.3,0.14
20940.0,0.13
20945.0,0.13
20949.8,0.13
20954.4,0.14
20958.9,0.14
20963.1,0.15
20967.1,0.16
20971.2,0.15
20975.5,0.15
20979.7,0.15
20983.7,0.16
20987.9,0.15
20992.3,0.14
20996.6,0.15
21000.9,0.15
21005.4,0.14
21009.9,0.14
21014.5,0.14
21019.0,0.14
21023.2,0.15
21027.3,0.15
21031.6,0.15
21036.0,0.14
21040.3,0.15
21044.4,0.15
21048.8,0.14
21053.9,0.12
21059.0,0.12
21063.9,0.13
21068.3,0.14
21072.6,0.15
21076.8,0.15
21081.1,0.15
21085.2,0.15
21089.4,0.15
21093.6,0.15
21098.0,0.14
21102.4,0.14
21106.6,0.15
21110.9,0.15
21115.4,0.14
21120.1,0.13
21125.0,0.13
21129.7,0.13
21134.5,0.13
21139.1,0.14
21143.5,0.14
21147.9,0.14
21152.5,0.14
21157.0,0.14
21161.3,0.15
21165.5,0.15
21169.6,0.15
21173.8,0.15
21178.0,0.15
21182.3,0.15
21186.3,0.16
21190.3,0.16
21194.3,0.16
21198.4,0.15
21202.3,0.16
21206.0,0.17
21209.8,0.17
21213.8,0.16
21217.6,0.17
21221.5,0.16
21225.5,0.16
21229.8,0.15
21233.8,0.16
21237.8,0.16
21241.8,0.16
21245.8,0.16
21250.0,0.15
21254.1,0.15
21257.9,0.17
21261.6,0.17
21265.3,0.17
21268.8,0.18
21272.3,0.18
21275.8,0.18
21279.6,0.17
21283.5,0.16
21287.3,0.17
21291.2,0.16
21295.3,0.15
21299.5,0.15
21303.5,0.16
21307.5,0.16
21311.3,0.17
21315.2,0.16
21319.5,0.15
21324.1,0.14
21328.5,0.14
21332.4,0.16
21336.3,0.16
21340.0,0.17
21343.7,0.17
21347.4,0.17
21351.2,0.17
21355.0,0.17
21358.9,0.16
21362.5,0.17
21366.2,0.17
21370.0,0.17
21374.1,0.15
21378.1,0.16
21382.0,0.16
21385.9,0.16
21390.1,0.15
21394.8,0.13
21399.3,0.14
21403.8,0.14
21408.3,0.14
21412.5,0.15
21417.0,0.14
21421.2,0.15
21425.3,0.15
21429.4,0.15
21433.6,0.15
21437.7,0.15
21441.8,0.15
21446.0,0.15
21450.0,0.16
21453.9,0.16
21457.6,0.17
21461.6,0.16
21465.6,0.16
21469.5,0.16
21473.3,0.17
21477.4,0.15
21481.6,0.15
21485.7,0.15
21489.6,0.16
21493.4,0.17
21497.4,0.16
21501.1,0.17
21504.9,0.17
21508.9,0.16
21512.8,0.16
21516.6,0.17
21520.6,0.16
21524.7,0.15
21528.9,0.15
21533.1,0.15
21537.5,0.14
21541.4,0.16
21545.4,0.16
21549.5,0.15
21553.5,0.16
21557.3,0.17
21561.0,0.17
21564.8,0.17
21568.6,0.17
21572.5,0.16
21576.5,0.16
21580.4,0.16
21584.3,0.16
21588.4,0.15
21592.4,0.16
21596.3,0.16
21600.1,0.17
21604.0,0.16
21607.7,0.17
21611.5,0.17
21615.3,0.17
21619.0,0.17
21622.9,0.16
21626.7,0.17
21630.5,0.17
21634.1,0.17
21637.9,0.17
21641.7,0.17
21645.5,0.17
21649.2,0.17
21653.0,0.17
21656.8,0.17
21660.5,0.17
21664.0,0.18
21667.3,0.19
21670.4,0.20
21673.6,0.20
21676.9,0.19
21680.5,0.17
21684.6,0.15
21688.7,0.15
21692.8,0.15
21696.9,0.15
21701.0,0.15
21705.1,0.15
21709.2,0.15
21713.3,0.15
21717.3,0.16
21721.0,0.17
21724.8,0.17
21728.7,0.16
21732.5,0.17
21736.5,0.16
21740.5,0.16
21744.2,0.17
21748.1,0.16
21752.2,0.15
21756.4,0.15
21760.5,0.15
21764.3,0.17
21768.0,0.17
21771.8,0.17
21775.8,0.16
21780.1,0.15
21784.5,0.14
21789.0,0.14
21793.3,0.15
21797.9,0.14
21802.4,0.14
21806.6,0.15
21810.5,0.16
21814.4,0.16
21818.4,0.16
21822.5,0.15
21826.5,0.16
21830.5,0.16
21834.6,0.15
21838.7,0.15
21842.7,0.16
21846.9,0.15
21851.2,0.15
21856.0,0.13
21860.7,0.13
21865.1,0.14
21869.3,0.15
21873.4,0.15
21877.4,0.16
21881.5,0.15
21885.7,0.15
21889.7,0.16
21893.9,0.15
21898.1,0.15
21902.3,0.15
21906.2,0.16
21910.1,0.16
21914.4,0.15
21918.5,0.15
21922.6,0.15
21926.6,0.16
21930.6,0.16
21934.9,0.15
21939.2,0.15
21943.2,0.16
21947.1,0.16
21951.0,0.16
21955.2,0.15
21959.5,0.15
21963.9,0.14
21968.5,0.14
21973.2,0.13
21977.8,0.14
21982.3,0.14
21986.8,0.14
21991.3,0.14
21995.5,0.15
21999.6,0.15
22003.6,0.16
22007.9,0.15
22012.2,0.15
22016.1,0.16
22020.1,0.16
22024.2,0.15
22028.6,0.14
22032.9,0.15
22037.0,0.15
22040.9,0.16
22044.9,0.16
22049.0,0.15
22053.2,0.15
22057.2,0.16
22061.3,0.15
22065.6,0.15
22069.7,0.15
22073.8,0.15
22078.6,0.13
22083.1,0.14
22087.3,0.15
22091.5,0.15
22096.0,0.14
22100.5,0.14
22104.9,0.14
22109.5,0.14
22114.2,0.13
22118.7,0.14
22123.0,0.15
22127.1,0.15
22131.0,0.16
22135.1,0.15
22139.1,0.16
22143.1,0.16
22147.1,0.16
22150.9,0.17
22154.9,0.16
22159.2,0.15
22163.5,0.15
22168.2,0.13
22173.0,0.13
22177.7,0.13
22182.1,0.14
22186.3,0.15
22190.5,0.15
22194.7,0.15
22199.0,0.15
22203.3,0.15
22207.2,0.16
22211.1,0.16
22214.8,0.17
22218.5,0.17
22222.3,0.17
22226.1,0.17
22229.9,0.17
22233.9,0.16
22238.0,0.15
22241.8,0.17
22245.7,0.16
22249.8,0.15
22253.9,0.15
22258.0,0.15
22262.2,0.15
22266.1,0.16
22270.0,0.16
22274.0,0.16
22277.9,0.16
22281.8,0.16
22285.5,0.17
22289.4,0.16
22293.2,0.17
22297.0,0.17
22300.6,0.17
22304.4,0.17
22308.3,0.16
22312.4,0.15
22316.3,0.16
22320.0,0.17
22323.8,0.17
22327.8,0.16
22332.1,0.15
22336.2,0.15
22340.0,0.17
22344.0,0.16
22348.1,0.15
22352.3,0.15
22356.8,0.14
22361.1,0.15
22365.3,0.15
22369.6,0.15
22373.5,0.16
22377.3,0.17
22381.2,0.16
22385.4,0.15
22389.9,0.14
22394.4,0.14
22398.5,0.15
22402.3,0.17
22406.1,0.17
22409.9,0.17
22413.8,0.16
22417.9,0.15
22422.2,0.15
22426.5,0.15
22430.7,0.15
22435.0,0.15
22439.2,0.15
22443.4,0.15
22447.5,0.15
22451.7,0.15
22456.0,0.15
22460.6,0.14
22465.1,0.14
22469.6,0.14
22474.3,0.13
22479.0,0.13
22483.8,0.13
22489.0,0.12
22494.1,0.12
22499.2,0.12
22504.6,0.12
22509.8,0.12
22515.1,0.12
22520.4,0.12
22526.1,0.11
22544.2,0.11
22550.2,0.10
22555.8,0.11
22561.2,0.12
22567.2,0.10
22568.2,0.00
22611.1,0.00
22612.1,0.11
22613.1,0.00
22703.2,0.00
22704.2,0.13
22709.1,0.13
22713.9,0.13
22718.5,0.14
22722.4,0.16
22726.3,0.16
22730.5,0.15
22735.0,0.14
22739.7,0.13
22744.1,0.14
22748.4,0.15
22753.0,0.14
22757.5,0.14
22761.9,0.14
22766.5,0.14
22771.0,0.14
22775.6,0.14
22780.1,0.14
22784.7,0.14
22789.5,0.13
22794.0,0.14
22798.3,0.15
22802.7,0.14
22807.3,0.14
22812.1,0.13
22816.7,0.14
22821.1,0.14
22825.6,0.14
22830.1,0.14
22834.7,0.14
22839.1,0.14
22843.2,0.15
22847.2,0.16
22851.3,0.15
22855.6,0.15
22860.0,0.14
22864.1,0.15
22868.4,0.15
22873.3,0.13
22878.3,0.13
22883.4,0.12
22888.6,0.12
22893.2,0.14
22897.7,0.14
22902.0,0.15
22906.6,0.14
22911.3,0.13
22916.2,0.13
22920.7,0.14
22925.0,0.15
22929.4,0.14
22933.9,0.14
22938.2,0.15
22942.4,0.15
22947.1,0.13
22952.0,0.13
22957.3,0.12
22962.7,0.12
22967.7,0.13
22972.5,0.13
22977.3,0.13
22982.0,0.13
22987.3,0.12
22992.8,0.11
22998.6,0.11
23003.9,0.12
23008.9,0.13
23013.7,0.13
23018.7,0.13
23023.4,0.13
23027.6,0.15
23032.1,0.14
23037.0,0.13
23042.0,0.13
23046.7,0.13
23051.4,0.13
23056.2,0.13
23061.3,0.12
23066.5,0.12
23071.6,0.12
23076.1,0.14
23080.5,0.14
23085.3,0.13
23090.2,0.13
23094.7,0.14
23099.3,0.14
23104.0,0.13
23108.6,0.14
23113.3,0.13
23118.0,0.13
23122.9,0.13
23127.8,0.13
23132.7,0.13
23137.4,0.13
23142.3,0.13
23147.4,0.12
23152.4,0.13
23157.0,0.14
23161.7,0.13
23166.4,0.13
23171.3,0.13
23176.6,0.12
23181.8,0.12
23186.6,0.13
23191.0,0.14
23195.1,0.15
23199.2,0.15
23203.3,0.15
23207.5,0.15
23211.8,0.15
23216.2,0.14
23220.3,0.15
23224.6,0.15
23229.0,0.14
23233.5,0.14
23238.5,0.13
23243.1,0.14
23247.4,0.15
23251.7,0.15
23256.3,0.14
23260.9,0.14
23265.2,0.15
23269.6,0.14
23274.0,0.14
23278.6,0.14
23283.2,0.14
23287.9,0.13
23292.5,0.14
23297.2,0.13
23302.2,0.13
23307.2,0.13
23311.6,0.14
23316.0,0.14
23320.5,0.14
23325.0,0.14
23329.5,0.14
23334.4,0.13
23339.3,0.13
23343.5,0.15
23347.6,0.15
23352.1,0.14
23356.9,0.13
23361.8,0.13
23367.2,0.12
23372.5,0.12
23377.2,0.13
23381.6,0.14
23385.9,0.15
23390.1,0.15
23394.5,0.14
23399.2,0.13
23403.8,0.14
23408.3,0.14
23412.9,0.14
23417.7,0.13
23422.5,0.13
23427.4,0.13
23432.1,0.13
23436.9,0.13
23441.7,0.13
23446.4,0.13
23450.8,0.14
23455.1,0.15
23459.3,0.15
23463.7,0.14
23468.1,0.14
23472.7,0.14
23477.2,0.14
23482.2,0.13
23487.3,0.12
23492.2,0.13
23497.3,0.12
23502.6,0.12
23507.4,0.13
23512.1,0.13
23517.1,0.13
23521.7,0.14
23526.2,0.14
23530.4,0.15
23534.5,0.15
23538.5,0.16
23542.5,0.16
23546.6,0.15
23550.7,0.15
23554.9,0.15
23559.5,0.14
23564.0,0.14
23568.5,0.14
23572.8,0.15
23577.1,0.15
23581.5,0.14
23586.0,0.14
23590.5,0.14
23595.2,0.13
23599.5,0.15
23603.7,0.15
23608.0,0.15
23612.9,0.13
23618.1,0.12
23622.8,0.13
23628.1,0.12
23633.4,0.12
23638.4,0.13
23642.9,0.14
23647.3,0.14
23652.1,0.13
23657.0,0.13
23661.6,0.14
23666.0,0.14
23670.7,0.13
23675.2,0.14
23680.0,0.13
23684.7,0.13
23689.6,0.13
23694.9,0.12
23700.2,0.12
23705.3,0.12
23710.7,0.12
23716.0,0.12
23720.8,0.13
23725.4,0.14
23730.2,0.13
23735.2,0.13
23740.7,0.11
23745.7,0.13
23750.3,0.14
23755.0,0.13
23759.8,0.13
23764.5,0.13
23769.3,0.13
23773.9,0.14
23778.5,0.14
23783.4,0.13
23788.9,0.11
23794.2,0.12
23799.7,0.11
23805.4,0.11
23810.8,0.12
23815.7,0.13
23821.0,0.12
23826.0,0.13
23831.1,0.12
23836.7,0.11
23841.9,0.12
23847.0,0.12
23852.3,0.12
23857.1,0.13
23862.1,0.13
23867.3,0.12
23872.5,0.12
23877.9,0.12
23883.8,0.11
23884.8,0.00
23907.0,0.00
23908.0,0.12
23913.2,0.12
23918.8,0.11
23924.2,0.12
23929.7,0.11
23935.0,0.12
23940.3,0.12
23945.7,0.12
23950.8,0.12
23955.7,0.13
23960.9,0.12
23966.2,0.12
23971.5,0.12
23976.8,0.12
23982.0,0.12
23987.2,0.12
23992.7,0.11
23998.1,0.12
24003.1,0.13
24008.2,0.12
24013.0,0.13
24018.0,0.13
24022.9,0.13
24027.6,0.13
24032.5,0.13
24037.4,0.13
24042.1,0.13
24046.8,0.13
24051.5,0.13
24056.5,0.13
24061.2,0.13
24065.7,0.14
24070.3,0.14
24075.0,0.13
24079.8,0.13
24084.9,0.12
24090.0,0.12
24094.9,0.13
24099.6,0.13
24104.2,0.14
24108.8,0.14
24113.4,0.14
24118.2,0.13
24123.1,0.13
24127.8,0.13
24132.3,0.14
24136.7,0.14
24140.8,0.15
24145.4,0.14
24150.6,0.12
24155.6,0.13
24160.3,0.13
24165.0,0.13
24169.8,0.13
24174.6,0.13
24179.5,0.13
24184.3,0.13
24189.4,0.12
24194.3,0.13
24199.2,0.13
24203.9,0.13
24208.5,0.14
24213.0,0.14
24217.7,0.13
24222.5,0.13
24227.3,0.13
24232.1,0.13
24237.0,0.13
24242.4,0.12
24247.5,0.12
24252.3,0.13
24257.3,0.13
24261.9,0.14
24266.8,0.13
24271.7,0.13
24276.8,0.12
24281.8,0.13
24286.8,0.13
24292.2,0.12
24297.4,0.12
24302.3,0.13
24307.1,0.13
24311.7,0.14
24316.2,0.14
24320.6,0.14
24325.0,0.14
24329.3,0.15
24333.5,0.15
24337.8,0.15
24342.2,0.14
24346.5,0.15
24350.8,0.15
24355.2,0.14
24359.8,0.14
24364.6,0.13
24369.6,0.13
24374.3,0.13
24379.3,0.13
24384.4,0.12
24389.5,0.12
24394.2,0.13
24399.0,0.13
24403.7,0.13
24408.3,0.14
24412.7,0.14
24417.1,0.14
24421.7,0.14
24427.0,0.12
24432.2,0.12
24436.5,0.15
24440.7,0.15
24444.7,0.16
24448.5,0.17
24452.8,0.15
24457.4,0.14
24462.2,0.13
24466.9,0.13
24471.8,0.13
24476.8,0.13
24481.8,0.13
24486.9,0.12
24491.8,0.13
24496.7,0.13
24502.0,0.12
24507.2,0.12
24512.0,0.13
24516.6,0.14
24521.1,0.14
24525.4,0.15
24529.6,0.15
24534.0,0.14
24538.4,0.14
24542.5,0.15
24546.6,0.15
24550.8,0.15
24555.0,0.15
24559.7,0.13
24564.3,0.14
24568.8,0.14
24573.3,0.14
24578.0,0.13
24582.5,0.14
24587.2,0.13
24592.2,0.13
24597.0,0.13
24601.8,0.13
24606.5,0.13
24611.0,0.14
24615.5,0.14
24620.0,0.14
24624.5,0.14
24629.3,0.13
24634.2,0.13
24638.9,0.13
24643.4,0.14
24647.8,0.14
24652.4,0.14
24656.8,0.14
24660.7,0.16
24664.9,0.15
24669.2,0.15
24673.8,0.14
24678.2,0.14
24682.7,0.14
24687.3,0.14
24692.0,0.13
24696.8,0.13
24701.7,0.13
24706.9,0.12
24711.8,0.13
24716.8,0.13
24721.3,0.14
24725.8,0.14
24730.2,0.14
24734.9,0.13
24739.3,0.14
24743.8,0.14
24748.4,0.14
24752.8,0.14
24757.7,0.13
24762.0,0.15
24766.0,0.16
24770.4,0.14
24774.8,0.14
24779.3,0.14
24783.9,0.14
24788.5,0.14
24793.1,0.14
24797.6,0.14
24802.1,0.14
24806.6,0.14
24811.2,0.14
24815.9,0.13
24820.5,0.14
24825.1,0.14
24829.6,0.14
24834.2,0.14
24838.8,0.14
24843.3,0.14
24847.8,0.14
24852.2,0.14
24856.6,0.14
24861.5,0.13
24866.6,0.12
24871.8,0.12
24877.0,0.12
24881.8,0.13
24886.3,0.14
24890.7,0.14
24895.2,0.14
24899.5,0.15
24904.1,0.14
24908.5,0.14
24913.0,0.14
24917.9,0.13
24922.6,0.13
24927.0,0.14
24931.4,0.14
24935.5,0.15
24939.4,0.16
24943.3,0.16
24947.4,0.15
24951.5,0.15
24955.6,0.15
24959.8,0.15
24964.1,0.15
24968.7,0.14
24973.5,0.13
24978.3,0.13
24982.8,0.14
24987.3,0.14
24991.7,0.14
24996.7,0.13
25001.9,0.12
25007.4,0.11
25012.7,0.12
25017.5,0.13
25022.5,0.13
25027.5,0.13
25032.5,0.13
25037.5,0.13
25042.2,0.13
25046.9,0.13
25051.4,0.14
25055.8,0.14
25060.0,0.15
25064.2,0.15
25068.3,0.15
25072.3,0.16
25076.5,0.15
25080.8,0.15
25085.1,0.15
25089.7,0.14
25094.6,0.13
25099.5,0.13
25104.1,0.14
25108.4,0.15
25112.8,0.14
25117.7,0.13
25122.2,0.14
25126.7,0.14
25131.3,0.14
25136.0,0.13
25140.6,0.14
25145.5,0.13
25150.1,0.14
25154.6,0.14
25159.2,0.14
25163.8,0.14
25168.5,0.13
25173.2,0.13
25178.1,0.13
25183.0,0.13
25188.0,0.13
25193.5,0.11
25198.8,0.12
25203.9,0.12
25209.0,0.12
25213.4,0.14
25217.8,0.14
25222.2,0.14
25226.8,0.14
25231.4,0.14
25236.0,0.14
25240.7,0.13
25244.9,0.15
25249.3,0.14
25254.2,0.13
25259.3,0.12
25264.2,0.13
25268.8,0.14
25273.5,0.13
25278.1,0.14
25282.5,0.14
25287.0,0.14
25291.5,0.14
25296.0,0.14
25300.3,0.15
25304.6,0.15
25308.9,0.15
25313.2,0.15
25317.9,0.13
25323.0,0.12
25328.5,0.11
25334.7,0.10
25340.6,0.11
25345.6,0.13
25350.4,0.13
25355.0,0.14
25359.9,0.13
25364.6,0.13
25369.3,0.13
25374.1,0.13
25378.8,0.13
25383.2,0.14
25387.5,0.15
25391.6,0.15
25396.1,0.14
25400.9,0.13
25405.6,0.13
25410.4,0.13
25415.3,0.13
25419.7,0.14
25423.7,0.16
25428.0,0.15
25432.8,0.13
25437.7,0.13
25442.6,0.13
25447.8,0.12
25453.5,0.11
25470.5,0.12
25475.9,0.12
25481.7,0.11
25487.0,0.12
25492.3,0.12
25497.6,0.12
25502.7,0.12
25507.3,0.14
25512.1,0.13
25516.9,0.13
25521.7,0.13
25526.4,0.13
25531.0,0.14
25535.5,0.14
25540.0,0.14
25544.2,0.15
25548.5,0.15
25553.2,0.13
25558.2,0.13
25563.2,0.13
25568.0,0.13
25572.8,0.13
25577.8,0.13
25582.6,0.13
25587.4,0.13
25592.5,0.12
25597.5,0.13
25602.6,0.12
25607.9,0.12
25612.9,0.13
25617.8,0.13
25622.5,0.13
25627.0,0.14
25631.8,0.13
25636.7,0.13
25641.8,0.12
25647.2,0.12
25652.8,0.11
25658.1,0.12
25663.0,0.13
25668.2,0.12
25673.7,0.11
25679.0,0.12
25684.4,0.12
25689.7,0.12
25695.4,0.11
25701.1,0.11
25706.2,0.12
25711.6,0.12
25716.3,0.13
25721.1,0.13
25725.9,0.13
25730.7,0.13
25735.5,0.13
25740.3,0.13
25744.6,0.15
25749.1,0.14
25753.7,0.14
25758.1,0.14
25762.5,0.14
25767.0,0.14
25771.8,0.13
25776.9,0.12
25781.9,0.13
25787.0,0.12
25791.9,0.13
25796.6,0.13
25801.3,0.13
25805.9,0.14
25810.3,0.14
25814.5,0.15
25818.7,0.15
25823.0,0.15
25827.5,0.14
25832.0,0.14
25836.7,0.13
25841.5,0.13
25846.3,0.13
25851.0,0.13
25856.0,0.13
25860.9,0.13
25865.5,0.14
25869.9,0.14
25874.3,0.14
25878.6,0.15
25883.0,0.14
25887.7,0.13
25892.2,0.14
25896.7,0.14
25901.0,0.15
25905.2,0.15
25909.3,0.15
25913.3,0.16
25917.5,0.15
25921.7,0.15
25926.4,0.13
25930.9,0.14
25935.0,0.15
25939.2,0.15
25943.2,0.16
25947.7,0.14
25952.2,0.14
25956.5,0.15
25960.8,0.15
25964.6,0.17
25968.5,0.16
25972.5,0.16
25976.7,0.15
25980.8,0.15
25984.7,0.16
25988.9,0.15
25993.2,0.15
25997.7,0.14
26002.2,0.14
26006.6,0.14
26011.1,0.14
26015.3,0.15
26019.6,0.15
26024.2,0.14
26028.7,0.14
26033.2,0.14
26038.2,0.13
26043.3,0.12
26048.8,0.11
26054.7,0.11
26060.5,0.11
26065.8,0.12
26070.7,0.13
26075.5,0.13
26081.0,0.11
26086.0,0.13
26090.8,0.13
26095.8,0.13
26100.9,0.12
26106.3,0.12
26112.2,0.11
26117.7,0.11
26122.7,0.13
26127.7,0.13
26133.5,0.11
26139.7,0.10
26145.8,0.10
26163.5,0.11
26168.9,0.12
26174.3,0.12
26179.9,0.11
26185.2,0.12
26190.8,0.11
26196.6,0.11
26202.5,0.11
26208.4,0.11
26214.0,0.11
26219.5,0.11
26225.0,0.11
26230.5,0.11
26236.1,0.11
26241.7,0.11
26247.5,0.11
26253.0,0.11
26259.0,0.10
26265.0,0.10
26270.7,0.11
26275.7,0.13
26280.8,0.12
26285.4,0.14
26290.1,0.13
26295.1,0.13
26300.7,0.11
26305.8,0.12
26310.7,0.13
26315.5,0.13
26320.3,0.13
26325.0,0.13
26329.8,0.13
26334.7,0.13
26339.7,0.13
26344.5,0.13
26349.1,0.14
26353.6,0.14
26358.2,0.14
26362.8,0.14
26367.7,0.13
26372.7,0.13
26377.8,0.12
26382.7,0.13
26387.5,0.13
26392.9,0.12
26398.2,0.12
26403.3,0.12
26408.9,0.11
26414.2,0.12
26419.2,0.13
26424.2,0.13
26429.2,0.13
26434.3,0.12
26440.0,0.11
26446.1,0.10
26452.1,0.10
26457.8,0.11
26463.2,0.12
26468.3,0.12
26473.5,0.12
26479.0,0.11
26484.6,0.11
26490.0,0.12
26495.2,0.12
26500.0,0.13
26504.5,0.14
26509.2,0.13
26514.2,0.13
26519.4,0.12
26524.2,0.13
26529.0,0.13
26533.9,0.13
26538.6,0.13
26543.7,0.12
26549.2,0.11
26555.2,0.10
26556.2,0.00
26640.8,0.00
26641.8,0.11
26647.6,0.11
26653.2,0.11
26659.0,0.11
26664.9,0.11
26671.1,0.10
26676.8,0.11
26682.4,0.11
26688.0,0.11
0.0,0.00
