8569.9,0.42
8571.1,0.52
8572.2,0.57
8573.3,0.57
8574.4,0.57
8575.5,0.57
8576.9,0.45
8578.6,0.37
8580.0,0.45
8581.3,0.48
8582.5,0.52
8583.7,0.52
8585.0,0.48
8586.1,0.57
8587.3,0.52
8588.5,0.52
8589.6,0.57
8590.8,0.52
8592.0,0.52
8593.2,0.52
8594.3,0.57
8595.5,0.52
8596.7,0.52
8598.0,0.48
8599.2,0.52
8600.4,0.52
8601.6,0.52
8602.8,0.52
8604.0,0.52
8605.2,0.52
8606.4,0.52
8607.6,0.52
8608.9,0.48
8610.2,0.48
8611.5,0.48
8612.9,0.45
8614.1,0.52
8615.5,0.45
8616.7,0.52
8618.0,0.48
8619.2,0.52
8620.5,0.48
8621.7,0.52
8623.0,0.48
8624.3,0.48
8625.6,0.48
8626.9,0.48
8628.2,0.48
8629.5,0.48
8630.9,0.45
8632.2,0.48
8633.6,0.45
8634.9,0.48
8636.3,0.45
8637.7,0.45
8639.1,0.45
8640.5,0.45
8641.9,0.45
8643.3,0.45
8644.7,0.45
8646.1,0.45
8647.6,0.42
8649.0,0.45
8650.5,0.42
8651.9,0.45
8653.3,0.45
8654.8,0.42
8656.2,0.45
8657.6,0.45
8659.0,0.45
8660.4,0.45
8661.9,0.42
8663.3,0.45
8664.7,0.45
8666.1,0.45
8667.6,0.42
8669.0,0.45
8670.5,0.42
8672.0,0.42
8673.4,0.45
8674.9,0.42
8676.3,0.45
8677.7,0.45
8679.1,0.45
8680.6,0.42
8682.0,0.45
8683.4,0.45
8684.9,0.42
8686.3,0.45
8687.7,0.45
8689.2,0.42
8690.6,0.45
8692.0,0.45
8693.3,0.48
8694.7,0.45
8696.0,0.48
8697.4,0.45
8698.8,0.45
8700.2,0.45
8701.6,0.45
8703.0,0.45
8704.4,0.45
8705.8,0.45
8707.2,0.45
8708.5,0.48
8710.0,0.42
8711.4,0.45
8712.8,0.45
8714.1,0.48
8715.5,0.45
8716.9,0.45
8718.3,0.45
8719.6,0.48
8721.0,0.45
8722.3,0.48
8723.7,0.45
8725.0,0.48
8726.4,0.45
8727.8,0.45
8729.2,0.45
8730.5,0.48
8731.9,0.45
8733.4,0.42
8734.8,0.45
8736.2,0.45
8737.5,0.48
8738.9,0.45
8740.3,0.45
8741.7,0.45
8743.0,0.48
8744.4,0.45
8745.8,0.45
8747.2,0.45
8748.6,0.45
8750.0,0.45
8751.4,0.45
8752.8,0.45
8754.1,0.48
8755.5,0.45
8756.8,0.48
8758.1,0.48
8759.5,0.45
8760.8,0.48
8762.2,0.45
8763.5,0.48
8764.9,0.45
8766.3,0.45
8767.7,0.45
8769.1,0.45
8770.5,0.45
8771.9,0.45
8773.2,0.48
8774.6,0.45
8776.0,0.45
8777.4,0.45
8778.8,0.45
8780.1,0.48
8781.5,0.45
8783.0,0.42
8784.4,0.45
8785.8,0.45
8787.2,0.45
8788.6,0.45
8790.0,0.45
8791.5,0.42
8792.9,0.45
8794.4,0.42
8795.8,0.45
8797.3,0.42
8798.7,0.45
8800.1,0.45
8801.5,0.45
8803.0,0.42
8804.4,0.45
8805.8,0.45
8807.3,0.42
8808.7,0.45
8810.1,0.45
8811.5,0.45
8812.9,0.45
8814.3,0.45
8815.7,0.45
8817.2,0.42
8818.6,0.45
8820.0,0.45
8821.4,0.45
8822.9,0.42
8824.3,0.45
8825.7,0.45
8827.1,0.45
8828.6,0.42
8830.0,0.45
8831.5,0.42
8832.9,0.45
8834.4,0.42
8835.8,0.45
8837.3,0.42
8838.7,0.45
8840.1,0.45
8841.5,0.45
8842.9,0.45
8844.4,0.42
8845.8,0.45
8847.3,0.42
8848.7,0.45
8850.2,0.42
8851.6,0.45
8853.1,0.42
8854.5,0.45
8855.9,0.45
8857.3,0.45
8858.7,0.45
8860.1,0.45
8861.5,0.45
8862.9,0.45
8864.2,0.48
8865.7,0.42
8867.1,0.45
8868.5,0.45
8870.0,0.42
8871.4,0.45
8872.9,0.42
8874.3,0.45
8875.7,0.45
8877.2,0.42
8878.6,0.45
8880.1,0.42
8881.5,0.45
8882.9,0.45
8884.3,0.45
8885.7,0.45
8887.1,0.45
8888.5,0.45
8889.9,0.45
8891.2,0.48
8892.6,0.45
8894.0,0.45
8895.4,0.45
8896.8,0.45
8898.1,0.48
8899.5,0.45
8900.8,0.48
8902.1,0.48
8903.5,0.45
8904.9,0.45
8906.3,0.45
8907.6,0.48
8909.0,0.45
8910.3,0.48
8911.6,0.48
8913.0,0.45
8914.3,0.48
8915.6,0.48
8917.0,0.45
8918.3,0.48
8919.6,0.48
8920.9,0.48
8922.2,0.48
8923.5,0.48
8924.8,0.48
8926.2,0.45
8927.5,0.48
8928.9,0.45
8930.2,0.48
8931.6,0.45
8932.9,0.48
8934.3,0.45
8935.6,0.48
8937.0,0.45
8938.3,0.48
8939.7,0.45
8941.0,0.48
8942.4,0.45
8943.8,0.45
8945.1,0.48
8946.5,0.45
8947.9,0.45
8949.2,0.48
8950.6,0.45
8952.0,0.45
8953.3,0.48
8954.7,0.45
8956.0,0.48
8957.4,0.45
8958.8,0.45
8960.1,0.48
8961.5,0.45
8962.9,0.45
8964.3,0.45
8965.7,0.45
8967.1,0.45
8968.5,0.45
8969.9,0.45
8971.2,0.48
8972.6,0.45
8974.0,0.45
8975.4,0.45
8976.8,0.45
8978.2,0.45
8979.5,0.48
8980.9,0.45
8982.3,0.45
8983.7,0.45
8985.1,0.45
8986.5,0.45
8987.9,0.45
8989.2,0.48
8990.6,0.45
8992.0,0.45
8993.4,0.45
8994.8,0.45
8996.2,0.45
8997.5,0.48
8999.0,0.42
9000.4,0.45
9001.8,0.45
9003.2,0.45
9004.6,0.45
9006.0,0.45
9007.4,0.45
9008.8,0.45
9010.2,0.45
9011.6,0.45
9013.1,0.42
9014.5,0.45
9015.9,0.45
9017.3,0.45
9018.8,0.42
9020.2,0.45
9021.7,0.42
9023.1,0.45
9024.6,0.42
9026.1,0.42
9027.6,0.42
9029.0,0.45
9030.5,0.42
9032.0,0.42
9033.5,0.42
9035.0,0.42
9036.5,0.42
9037.9,0.45
9039.4,0.42
9040.9,0.42
9042.4,0.42
9043.9,0.42
9045.5,0.39
9047.0,0.42
9048.5,0.42
9050.0,0.42
9051.5,0.42
9053.0,0.42
9054.5,0.42
9056.0,0.42
9057.5,0.42
9059.0,0.42
9060.5,0.42
9062.0,0.42
9063.5,0.42
9065.0,0.42
9066.5,0.42
9068.0,0.42
9069.5,0.42
9071.0,0.42
9072.5,0.42
9073.9,0.45
9075.4,0.42
9076.8,0.45
9078.3,0.42
9079.7,0.45
9081.2,0.42
9082.7,0.42
9084.2,0.42
9085.7,0.42
9087.1,0.45
9088.6,0.42
9090.0,0.45
9091.5,0.42
9093.0,0.42
9094.4,0.45
9095.9,0.42
9097.4,0.42
9098.9,0.42
9100.4,0.42
9101.9,0.42
9103.4,0.42
9104.9,0.42
9106.4,0.42
9107.9,0.42
9109.4,0.42
9110.9,0.42
9112.4,0.42
9113.9,0.42
9115.5,0.39
9117.0,0.42
9118.6,0.39
9120.1,0.42
9121.7,0.39
9123.3,0.39
9124.8,0.42
9126.4,0.39
9128.0,0.39
9129.5,0.42
9131.0,0.42
9132.6,0.39
9134.2,0.39
9135.7,0.42
9137.3,0.39
9138.8,0.42
9140.3,0.42
9141.8,0.42
9143.3,0.42
9144.8,0.42
9146.3,0.42
9147.9,0.39
9149.4,0.42
9151.0,0.39
9152.5,0.42
9154.1,0.39
9155.6,0.42
9157.2,0.39
9158.7,0.42
9160.3,0.39
9161.9,0.39
9163.4,0.42
9165.0,0.39
9166.6,0.39
9168.1,0.42
9169.7,0.39
9171.2,0.42
9172.8,0.39
9174.3,0.42
9175.9,0.39
9177.4,0.42
9179.0,0.39
9180.5,0.42
9182.0,0.42
9183.5,0.42
9185.1,0.39
9186.6,0.42
9188.1,0.42
9189.7,0.39
9191.2,0.42
9192.7,0.42
9194.2,0.42
9195.8,0.39
9197.3,0.42
9198.9,0.39
9200.4,0.42
9201.9,0.42
9203.4,0.42
9204.9,0.42
9206.5,0.39
9208.0,0.42
9209.5,0.42
9211.1,0.39
9212.6,0.42
9214.2,0.39
9215.7,0.42
9217.2,0.42
9218.8,0.39
9220.3,0.42
9221.8,0.42
9223.2,0.45
9224.8,0.39
9226.3,0.42
9227.9,0.39
9229.4,0.42
9231.0,0.39
9232.5,0.42
9234.1,0.39
9235.7,0.39
9237.3,0.39
9238.9,0.39
9240.5,0.39
9242.1,0.39
9243.7,0.39
9245.3,0.39
9246.8,0.42
9248.4,0.39
9250.0,0.39
9251.6,0.39
9253.2,0.39
9254.9,0.37
9256.5,0.39
9258.1,0.39
9259.7,0.39
9261.2,0.42
9262.8,0.39
9264.4,0.39
9266.0,0.39
9267.5,0.42
9269.1,0.39
9270.7,0.39
9272.3,0.39
9273.9,0.39
9275.6,0.37
9277.2,0.39
9278.7,0.42
9280.3,0.39
9281.9,0.39
9283.4,0.42
9285.0,0.39
9286.6,0.39
9288.1,0.42
9289.8,0.37
9291.4,0.39
9293.0,0.39
9294.7,0.37
9296.3,0.39
9298.0,0.37
9299.6,0.39
9301.3,0.37
9302.9,0.39
9304.6,0.37
9306.2,0.39
9307.9,0.37
9309.5,0.39
9311.2,0.37
9312.8,0.39
9314.4,0.39
9316.0,0.39
9317.5,0.42
9319.1,0.39
9320.7,0.39
9322.3,0.39
9323.9,0.39
9325.5,0.39
9327.2,0.37
9328.9,0.37
9330.5,0.39
9332.2,0.37
9333.9,0.37
9335.5,0.39
9337.1,0.39
9338.8,0.37
9340.4,0.39
9342.1,0.37
9343.8,0.37
9345.5,0.37
9347.2,0.37
9348.9,0.37
9350.6,0.37
9352.2,0.39
9353.9,0.37
9355.5,0.39
9357.2,0.37
9358.9,0.37
9360.6,0.37
9362.3,0.37
9364.0,0.37
9365.6,0.39
9367.3,0.37
9369.0,0.37
9370.7,0.37
9372.4,0.37
9374.0,0.39
9375.7,0.37
9377.3,0.39
9379.0,0.37
9380.6,0.39
9382.3,0.37
9384.0,0.37
9385.7,0.37
9387.4,0.37
9389.1,0.37
9390.8,0.37
9392.5,0.37
9394.1,0.39
9395.8,0.37
9397.4,0.39
9399.1,0.37
9400.8,0.37
9402.4,0.39
9404.1,0.37
9405.7,0.39
9407.4,0.37
9409.1,0.37
9410.9,0.35
9412.6,0.37
9414.3,0.37
9416.0,0.37
9417.7,0.37
9419.4,0.37
9421.1,0.37
9422.8,0.37
9424.4,0.39
9426.1,0.37
9427.8,0.37
9429.6,0.35
9431.3,0.37
9433.0,0.37
9434.7,0.37
9436.4,0.37
9438.1,0.37
9439.8,0.37
9441.5,0.37
9443.2,0.37
9445.0,0.35
9446.7,0.37
9448.5,0.35
9450.2,0.37
9452.0,0.35
9453.7,0.37
9455.4,0.37
9457.1,0.37
9458.7,0.39
9460.4,0.37
9462.1,0.37
9463.8,0.37
9465.5,0.37
9467.2,0.37
9468.9,0.37
9470.6,0.37
9472.4,0.35
9474.0,0.39
9475.8,0.35
9477.4,0.39
9479.1,0.37
9480.7,0.39
9482.4,0.37
9484.1,0.37
9485.9,0.35
9487.6,0.37
9489.3,0.37
9491.0,0.37
9492.7,0.37
9494.4,0.37
9496.1,0.37
9497.8,0.37
9499.5,0.37
9501.3,0.35
9503.0,0.37
9504.8,0.35
9506.5,0.37
9508.2,0.37
9510.0,0.35
9511.7,0.37
9513.4,0.37
9515.1,0.37
9516.8,0.37
9518.5,0.37
9520.3,0.35
9522.0,0.37
9523.6,0.39
9525.3,0.37
9527.0,0.37
9528.8,0.35
9530.5,0.37
9532.3,0.35
9534.1,0.35
9535.8,0.37
9537.5,0.37
9539.2,0.37
9540.9,0.37
9542.6,0.37
9544.3,0.37
9546.1,0.35
9547.8,0.37
9549.6,0.35
9551.4,0.35
9553.1,0.37
9554.9,0.35
9556.7,0.35
9558.5,0.35
9560.2,0.37
9561.9,0.37
9563.6,0.37
9565.4,0.35
9567.1,0.37
9568.8,0.37
9570.6,0.35
9572.3,0.37
9574.1,0.35
9575.8,0.37
9577.5,0.37
9579.3,0.35
9581.0,0.37
9582.7,0.37
9584.4,0.37
9586.1,0.37
9587.9,0.35
9589.5,0.39
9591.2,0.37
9592.9,0.37
9594.6,0.37
9596.3,0.37
9598.1,0.35
9599.9,0.35
9601.6,0.37
9603.4,0.35
9605.1,0.37
9606.9,0.35
9608.6,0.37
9610.4,0.35
9612.1,0.37
9613.9,0.35
9615.6,0.37
9617.3,0.37
9619.0,0.37
9620.7,0.37
9622.4,0.37
9624.1,0.37
9625.9,0.35
9627.7,0.35
9629.4,0.37
9631.1,0.37
9632.8,0.37
9634.5,0.37
9636.2,0.37
9638.0,0.35
9639.7,0.37
9641.5,0.35
9643.2,0.37
9645.0,0.35
9646.8,0.35
9648.6,0.35
9650.4,0.35
9652.2,0.35
9653.9,0.37
9655.6,0.37
9657.3,0.37
9659.0,0.37
9660.7,0.37
9662.5,0.35
9664.2,0.37
9666.0,0.35
9667.8,0.35
9669.5,0.37
9671.3,0.35
9673.0,0.37
9674.7,0.37
9676.4,0.37
9678.1,0.37
9679.9,0.35
9681.6,0.37
9683.4,0.35
9685.2,0.35
9686.9,0.37
9688.7,0.35
9690.4,0.37
9692.1,0.37
9693.9,0.35
9695.5,0.39
9697.2,0.37
9698.9,0.37
9700.6,0.37
9702.3,0.37
9704.0,0.37
9705.8,0.35
9707.5,0.37
9709.3,0.35
9711.0,0.37
9712.8,0.35
9714.5,0.37
9716.3,0.35
9718.0,0.37
9719.8,0.35
9721.5,0.37
9723.2,0.37
9724.9,0.37
9726.5,0.39
9728.2,0.37
9730.0,0.35
9731.7,0.37
9733.4,0.37
9735.1,0.37
9736.9,0.35
9738.7,0.35
9740.4,0.37
9742.2,0.35
9744.0,0.35
9745.7,0.37
9747.4,0.37
9749.1,0.37
9750.8,0.37
9752.5,0.37
9754.2,0.37
9755.9,0.37
9757.6,0.37
9759.3,0.37
9761.0,0.37
9762.7,0.37
9764.5,0.35
9766.2,0.37
9767.9,0.37
9769.6,0.37
9771.4,0.35
9773.2,0.35
9774.9,0.37
9776.7,0.35
9778.4,0.37
9780.1,0.37
9781.8,0.37
9783.6,0.35
9785.3,0.37
9787.0,0.37
9788.8,0.35
9790.5,0.37
9792.3,0.35
9794.0,0.37
9795.7,0.37
9797.5,0.35
9799.3,0.35
9801.0,0.37
9802.8,0.35
9804.5,0.37
9806.3,0.35
9808.1,0.35
9809.9,0.35
9811.6,0.37
9813.4,0.35
9815.2,0.35
9816.9,0.37
9818.6,0.37
9820.3,0.37
9822.0,0.37
9823.7,0.37
9825.4,0.37
9827.1,0.37
9828.9,0.35
9830.6,0.37
9832.4,0.35
9834.1,0.37
9835.9,0.35
9837.6,0.37
9839.4,0.35
9841.1,0.37
9842.9,0.35
9844.6,0.37
9846.4,0.35
9848.1,0.37
9849.8,0.37
9851.6,0.35
9853.3,0.37
9855.1,0.35
9856.9,0.35
9858.6,0.37
9860.4,0.35
9862.2,0.35
9864.1,0.33
9865.9,0.35
9867.6,0.37
9869.4,0.35
9871.1,0.37
9872.9,0.35
9874.6,0.37
9876.3,0.37
9878.1,0.35
9879.8,0.37
9881.5,0.37
9883.2,0.37
9884.9,0.37
9886.6,0.37
9888.3,0.37
9890.0,0.37
9891.8,0.35
9893.5,0.37
9895.3,0.35
9897.0,0.37
9898.6,0.39
9900.3,0.37
9902.0,0.37
9903.6,0.39
9905.3,0.37
9907.0,0.37
9908.8,0.35
9910.5,0.37
9912.3,0.35
9914.1,0.35
9916.0,0.33
9917.8,0.35
9919.6,0.35
9921.3,0.37
9923.1,0.35
9924.9,0.35
9926.6,0.37
9928.4,0.35
9930.1,0.37
9931.9,0.35
9933.7,0.35
9935.4,0.37
9937.2,0.35
9938.9,0.37
9940.6,0.37
9942.3,0.37
9944.0,0.37
9945.8,0.35
9947.5,0.37
9949.2,0.37
9950.9,0.37
9952.7,0.35
9954.5,0.35
9956.4,0.33
9958.2,0.35
9960.0,0.35
9961.8,0.35
9963.6,0.35
9965.4,0.35
9967.2,0.35
9969.0,0.35
9970.8,0.35
9972.5,0.37
9974.3,0.35
9976.0,0.37
9977.7,0.37
9979.4,0.37
9981.1,0.37
9982.8,0.37
9984.6,0.35
9986.3,0.37
9988.0,0.37
9989.8,0.35
9991.6,0.35
9993.4,0.35
9995.1,0.37
9996.9,0.35
9998.6,0.37
10000.4,0.35
10002.2,0.35
10004.0,0.35
10005.8,0.35
10007.5,0.37
10009.3,0.35
10011.0,0.37
10012.8,0.35
10014.5,0.37
10016.2,0.37
10018.0,0.35
10019.7,0.37
10021.4,0.37
10023.1,0.37
10024.9,0.35
10026.6,0.37
10028.4,0.35
10030.1,0.37
10031.9,0.35
10033.8,0.33
10035.5,0.37
10037.4,0.33
10039.2,0.35
10041.0,0.35
10042.9,0.33
10044.7,0.35
10046.5,0.35
10048.4,0.33
10050.2,0.35
10052.1,0.33
10053.9,0.35
10055.7,0.35
10057.6,0.33
10059.4,0.35
10061.3,0.33
10063.1,0.35
10064.9,0.35
10066.7,0.35
10068.5,0.35
10070.3,0.35
10072.0,0.37
10073.8,0.35
10075.6,0.35
10077.4,0.35
10079.2,0.35
10081.0,0.35
10082.8,0.35
10084.6,0.35
10086.4,0.35
10088.2,0.35
10090.0,0.35
10091.8,0.35
10093.6,0.35
10095.4,0.35
10097.1,0.37
10098.9,0.35
10100.7,0.35
10102.5,0.35
10104.3,0.35
10106.1,0.35
10108.0,0.33
10109.8,0.35
10111.7,0.33
10113.5,0.35
10115.4,0.33
10117.3,0.33
10119.1,0.35
10121.0,0.33
10122.8,0.35
10124.5,0.37
10126.3,0.35
10128.1,0.35
10129.9,0.35
10131.8,0.33
10133.6,0.35
10135.4,0.35
10137.2,0.35
10139.0,0.35
10140.8,0.35
10142.7,0.33
10144.5,0.35
10146.4,0.33
10148.2,0.35
10150.0,0.35
10151.9,0.33
10153.8,0.33
10155.6,0.35
10157.5,0.33
10159.4,0.33
10161.2,0.35
10163.0,0.35
10164.8,0.35
10166.6,0.35
10168.4,0.35
10170.3,0.33
10172.1,0.35
10174.0,0.33
10175.8,0.35
10177.6,0.35
10179.5,0.33
10181.3,0.35
10183.2,0.33
10185.0,0.35
10186.9,0.33
10188.8,0.33
10190.6,0.35
10192.5,0.33
10194.4,0.33
10196.2,0.35
10198.1,0.33
10199.9,0.35
10201.7,0.35
10203.6,0.33
10205.4,0.35
10207.2,0.35
10209.1,0.33
10211.0,0.33
10212.8,0.35
10214.6,0.35
10216.4,0.35
10218.1,0.37
10220.0,0.33
10221.8,0.35
10223.6,0.35
10225.4,0.35
10227.2,0.35
10229.0,0.35
10230.8,0.35
10232.6,0.35
10234.5,0.33
10236.4,0.33
10238.2,0.35
10240.1,0.33
10242.0,0.33
10243.9,0.33
10245.7,0.35
10247.6,0.33
10249.5,0.33
10251.4,0.33
10253.3,0.33
10255.2,0.33
10257.1,0.33
10258.9,0.35
10260.8,0.33
10262.6,0.35
10264.4,0.35
10266.2,0.35
10268.0,0.35
10269.9,0.33
10271.7,0.35
10273.5,0.35
10275.2,0.37
10277.0,0.35
10278.7,0.37
10280.5,0.35
10282.2,0.37
10283.9,0.37
10285.7,0.35
10287.4,0.37
10289.2,0.35
10291.0,0.35
10292.8,0.35
10294.6,0.35
10296.4,0.35
10298.2,0.35
10300.0,0.35
10301.8,0.35
10303.5,0.37
10305.2,0.37
10307.0,0.35
10308.7,0.37
10310.5,0.35
10312.3,0.35
10314.1,0.35
10316.0,0.33
10317.9,0.33
10319.8,0.33
10321.6,0.35
10323.5,0.33
10325.3,0.35
10327.1,0.35
10328.9,0.35
10330.7,0.35
10332.5,0.35
10334.3,0.35
10336.0,0.37
10337.8,0.35
10339.6,0.35
10341.4,0.35
10343.2,0.35
10345.0,0.35
10346.8,0.35
10348.6,0.35
10350.4,0.35
10352.2,0.35
10354.0,0.35
10355.9,0.33
10357.7,0.35
10359.6,0.33
10361.5,0.33
10363.4,0.33
10365.3,0.33
10367.2,0.33
10369.0,0.35
10370.9,0.33
10372.8,0.33
10374.6,0.35
10376.5,0.33
10378.3,0.35
10380.2,0.33
10382.0,0.35
10383.8,0.35
10385.6,0.35
10387.4,0.35
10389.2,0.35
10391.1,0.33
10392.9,0.35
10394.7,0.35
10396.5,0.35
10398.3,0.35
10400.1,0.35
10401.9,0.35
10403.8,0.33
10405.6,0.35
10407.5,0.33
10409.3,0.35
10411.1,0.35
10412.9,0.35
10414.6,0.37
10416.4,0.35
10418.2,0.35
10420.0,0.35
10421.8,0.35
10423.7,0.33
10425.6,0.33
10427.5,0.33
10429.4,0.33
10431.3,0.33
10433.2,0.33
10435.1,0.33
10437.0,0.33
10438.8,0.35
10440.7,0.33
10442.5,0.35
10444.4,0.33
10446.3,0.33
10448.2,0.33
10450.0,0.35
10451.9,0.33
10453.7,0.35
10455.5,0.35
10457.3,0.35
10459.1,0.35
10461.0,0.33
10462.8,0.35
10464.6,0.35
10466.4,0.35
10468.3,0.33
10470.1,0.35
10472.0,0.33
10473.9,0.33
10475.8,0.33
10477.7,0.33
10479.7,0.31
10481.6,0.33
10483.5,0.33
10485.5,0.31
10487.3,0.35
10489.2,0.33
10491.1,0.33
10493.0,0.33
10494.9,0.33
10496.8,0.33
10498.7,0.33
10500.6,0.33
10502.6,0.31
10504.6,0.31
10506.6,0.31
10508.5,0.33
10510.5,0.31
10512.4,0.33
10514.2,0.35
10516.1,0.33
10518.0,0.33
10519.9,0.33
10521.8,0.33
10523.7,0.33
10525.6,0.33
10527.4,0.35
10529.3,0.33
10531.2,0.33
10533.0,0.35
10534.9,0.33
10536.8,0.33
10538.6,0.35
10540.5,0.33
10542.2,0.37
10544.0,0.35
10545.8,0.35
10547.6,0.35
10549.4,0.35
10551.3,0.33
10553.2,0.33
10555.0,0.35
10556.9,0.33
10558.7,0.35
10560.6,0.33
10562.5,0.33
10564.3,0.35
10566.2,0.33
10568.0,0.35
10569.8,0.35
10571.6,0.35
10573.5,0.33
10575.3,0.35
10577.2,0.33
10579.0,0.35
10580.8,0.35
10582.6,0.35
10584.4,0.35
10586.1,0.37
10587.9,0.35
10589.7,0.35
10591.4,0.37
10593.2,0.35
10595.0,0.35
10596.8,0.35
10598.6,0.35
10600.5,0.33
10602.3,0.35
10604.2,0.33
10606.1,0.33
10608.0,0.33
10609.8,0.35
10611.7,0.33
10613.6,0.33
10615.4,0.35
10617.2,0.35
10619.0,0.35
10620.9,0.33
10622.8,0.33
10624.7,0.33
10626.6,0.33
10628.5,0.33
10630.4,0.33
10632.3,0.33
10634.2,0.33
10636.2,0.31
10638.1,0.33
10640.0,0.33
10641.9,0.33
10643.8,0.33
10645.8,0.31
10647.7,0.33
10649.6,0.33
10651.5,0.33
10653.4,0.33
10655.2,0.35
10657.1,0.33
10659.1,0.31
10661.0,0.33
10662.8,0.35
10664.7,0.33
10666.6,0.33
10668.6,0.31
10670.5,0.33
10672.4,0.33
10674.3,0.33
10676.2,0.33
10678.1,0.33
10680.1,0.31
10682.0,0.33
10684.0,0.31
10685.9,0.33
10687.8,0.33
10689.7,0.33
10691.5,0.35
10693.4,0.33
10695.2,0.35
10697.1,0.33
10698.9,0.35
10700.8,0.33
10702.6,0.35
10704.4,0.35
10706.2,0.35
10708.1,0.33
10709.9,0.35
10711.8,0.33
10713.7,0.33
10715.6,0.33
10717.5,0.33
10719.4,0.33
10721.3,0.33
10723.2,0.33
10725.1,0.33
10727.0,0.33
10729.0,0.31
10730.9,0.33
10732.8,0.33
10734.8,0.31
10736.7,0.33
10738.6,0.33
10740.4,0.35
10742.4,0.31
10744.3,0.33
10746.2,0.33
10748.1,0.33
10750.0,0.33
10751.9,0.33
10753.9,0.31
10755.8,0.33
10757.7,0.33
10759.7,0.31
10761.6,0.33
10763.5,0.33
10765.3,0.35
10767.2,0.33
10769.0,0.35
10770.9,0.33
10772.7,0.35
10774.6,0.33
10776.5,0.33
10778.3,0.35
10780.2,0.33
10782.1,0.33
10784.0,0.33
10785.9,0.33
10787.8,0.33
10789.7,0.33
10791.7,0.31
10793.7,0.31
10795.6,0.33
10797.5,0.33
10799.4,0.33
10801.2,0.35
10803.1,0.33
10805.0,0.33
10806.9,0.33
10808.8,0.33
10810.7,0.33
10812.6,0.33
10814.5,0.33
10816.3,0.35
10818.1,0.35
10819.9,0.35
10821.8,0.33
10823.6,0.35
10825.5,0.33
10827.3,0.35
10829.2,0.33
10831.1,0.33
10833.1,0.31
10835.0,0.33
10837.0,0.31
10838.8,0.35
10840.7,0.33
10842.6,0.33
10844.4,0.35
10846.3,0.33
10848.1,0.35
10850.0,0.33
10851.9,0.33
10853.8,0.33
10855.7,0.33
10857.6,0.33
10859.5,0.33
10861.5,0.31
10863.4,0.33
10865.4,0.31
10867.3,0.33
10869.3,0.31
10871.2,0.33
10873.2,0.31
10875.1,0.33
10877.0,0.33
10879.0,0.31
10880.9,0.33
10882.8,0.33
10884.6,0.35
10886.5,0.33
10888.4,0.33
10890.3,0.33
10892.2,0.33
10894.1,0.33
10896.0,0.33
10898.0,0.31
10899.9,0.33
10901.9,0.31
10903.8,0.33
10905.7,0.33
10907.6,0.33
10909.5,0.33
10911.4,0.33
10913.2,0.35
10915.0,0.35
10916.9,0.33
10918.7,0.35
10920.5,0.35
10922.4,0.33
10924.4,0.31
10926.3,0.33
10928.2,0.33
10930.1,0.33
10932.0,0.33
10934.0,0.31
10935.9,0.33
10937.9,0.31
10939.8,0.33
10941.8,0.31
10943.7,0.33
10945.7,0.31
10947.6,0.33
10949.6,0.31
10951.6,0.31
10953.6,0.31
10955.6,0.31
10957.6,0.31
10959.5,0.33
10961.5,0.31
10963.5,0.31
10965.4,0.33
10967.3,0.33
10969.2,0.33
10971.2,0.31
10973.2,0.31
10975.2,0.31
10977.2,0.31
10979.1,0.33
10981.1,0.31
10983.0,0.33
10984.9,0.33
10986.8,0.33
10988.7,0.33
10990.5,0.35
10992.4,0.33
10994.3,0.33
10996.2,0.33
10998.1,0.33
11000.0,0.33
11001.9,0.33
11003.8,0.33
11005.6,0.35
11007.5,0.33
11009.4,0.33
11011.2,0.35
11013.1,0.33
11015.0,0.33
11017.0,0.31
11018.9,0.33
11020.8,0.33
11022.7,0.33
11024.6,0.33
11026.6,0.31
11028.5,0.33
11030.5,0.31
11032.5,0.31
11034.4,0.33
11036.3,0.33
11038.2,0.33
11040.1,0.33
11042.0,0.33
11043.9,0.33
11045.8,0.33
11047.8,0.31
11049.6,0.35
11051.5,0.33
11053.4,0.33
11055.2,0.35
11057.0,0.35
11058.8,0.35
11060.6,0.35
11062.4,0.35
11064.3,0.33
11066.2,0.33
11068.2,0.31
11070.2,0.31
11072.2,0.31
11074.2,0.31
11076.2,0.31
11078.2,0.31
11080.2,0.31
11082.2,0.31
11084.2,0.31
11086.2,0.31
11088.1,0.33
11090.1,0.31
11092.0,0.33
11093.9,0.33
11095.9,0.31
11097.9,0.31
11099.8,0.33
11101.8,0.31
11103.7,0.33
11105.7,0.31
11107.7,0.31
11109.6,0.33
11111.6,0.31
11113.5,0.33
11115.4,0.33
11117.4,0.31
11119.4,0.31
11121.3,0.33
11123.3,0.31
11125.2,0.33
11127.1,0.33
11129.0,0.33
11131.0,0.31
11132.9,0.33
11134.8,0.33
11136.7,0.33
11138.5,0.35
11140.3,0.35
11142.2,0.33
11144.1,0.33
11145.9,0.35
11147.8,0.33
11149.6,0.35
11151.4,0.35
11153.3,0.33
11155.2,0.33
11157.1,0.33
11159.0,0.33
11161.0,0.31
11162.9,0.33
11164.8,0.33
11166.7,0.33
11168.6,0.33
11170.5,0.33
11172.4,0.33
11174.2,0.35
11176.1,0.33
11178.0,0.33
11179.9,0.33
11181.9,0.31
11183.8,0.33
11185.8,0.31
11187.8,0.31
11189.8,0.31
11191.8,0.31
11193.7,0.33
11195.6,0.33
11197.5,0.33
11199.5,0.31
11201.4,0.33
11203.3,0.33
11205.2,0.33
11207.2,0.31
11209.2,0.31
11211.2,0.31
11213.1,0.33
11215.1,0.31
11217.1,0.31
11219.1,0.31
11221.1,0.31
11223.1,0.31
11225.0,0.33
11227.0,0.31
11229.0,0.31
11230.9,0.33
11232.8,0.33
11234.8,0.31
11236.8,0.31
11238.8,0.31
11240.8,0.31
11242.9,0.30
11244.8,0.33
11246.8,0.31
11248.7,0.33
11250.7,0.31
11252.6,0.33
11254.6,0.31
11256.5,0.33
11258.4,0.33
11260.3,0.33
11262.2,0.33
11264.1,0.33
11266.0,0.33
11267.9,0.33
11269.9,0.31
11271.8,0.33
11273.8,0.31
11275.7,0.33
11277.6,0.33
11279.5,0.33
11281.4,0.33
11283.3,0.33
11285.2,0.33
11287.1,0.33
11289.0,0.33
11291.0,0.31
11292.9,0.33
11295.0,0.30
11297.0,0.31
11299.0,0.31
11301.0,0.31
11302.9,0.33
11304.9,0.31
11306.9,0.31
11308.8,0.33
11310.8,0.31
11312.7,0.33
11314.7,0.31
11316.7,0.31
11318.7,0.31
11320.6,0.33
11322.5,0.33
11324.5,0.31
11326.4,0.33
11328.4,0.31
11330.4,0.31
11332.3,0.33
11334.2,0.33
11336.2,0.31
11338.1,0.33
11340.0,0.33
11342.0,0.31
11344.0,0.31
11345.9,0.33
11347.8,0.33
11349.7,0.33
11351.7,0.31
11353.7,0.31
11355.6,0.33
11357.5,0.33
11359.4,0.33
11361.3,0.33
11363.2,0.33
11365.1,0.33
11367.0,0.33
11368.9,0.33
11370.8,0.33
11372.9,0.30
11374.9,0.31
11377.0,0.30
11379.0,0.31
11381.0,0.31
11382.9,0.33
11384.9,0.31
11386.9,0.31
11389.0,0.30
11391.0,0.31
11393.0,0.31
11395.0,0.31
11397.0,0.31
11399.0,0.31
11401.0,0.31
11403.0,0.31
11405.0,0.31
11407.0,0.31
11409.1,0.30
11411.0,0.33
11413.0,0.31
11415.0,0.31
11417.0,0.31
11419.0,0.31
11421.0,0.31
11423.0,0.31
11424.9,0.33
11426.9,0.31
11428.9,0.31
11430.8,0.33
11432.8,0.31
11434.7,0.33
11436.6,0.33
11438.5,0.33
11440.3,0.35
11442.2,0.33
11444.1,0.33
11446.1,0.31
11448.1,0.31
11450.1,0.31
11452.1,0.31
11454.1,0.31
11456.1,0.31
11458.1,0.31
11460.2,0.30
11462.2,0.31
11464.3,0.30
11466.3,0.31
11468.4,0.30
11470.5,0.30
11472.5,0.31
11474.6,0.30
11476.6,0.31
11478.6,0.31
11480.6,0.31
11482.7,0.30
11484.7,0.31
11486.7,0.31
11488.8,0.30
11490.8,0.31
11492.9,0.30
11494.8,0.33
11496.8,0.31
11498.8,0.31
11500.8,0.31
11502.8,0.31
11504.8,0.31
11506.7,0.33
11508.7,0.31
11510.7,0.31
11512.7,0.31
11514.7,0.31
11516.7,0.31
11518.8,0.30
11520.8,0.31
11522.8,0.31
11524.8,0.31
11526.9,0.30
11528.9,0.31
11530.9,0.31
11532.9,0.31
11534.9,0.31
11536.9,0.31
11538.8,0.33
11540.8,0.31
11542.8,0.31
11544.8,0.31
11546.7,0.33
11548.7,0.31
11550.6,0.33
11552.6,0.31
11554.6,0.31
11556.6,0.31
11558.6,0.31
11560.6,0.31
11562.5,0.33
11564.6,0.30
11566.6,0.31
11568.6,0.31
11570.6,0.31
11572.6,0.31
11574.6,0.31
11576.5,0.33
11578.4,0.33
11580.4,0.31
11582.4,0.31
11584.3,0.33
11586.3,0.31
11588.2,0.33
11590.2,0.31
11592.1,0.33
11594.0,0.33
11595.9,0.33
11597.9,0.31
11599.8,0.33
11601.8,0.31
11603.7,0.33
11605.7,0.31
11607.7,0.31
11609.6,0.33
11611.6,0.31
11613.5,0.33
11615.5,0.31
11617.4,0.33
11619.3,0.33
11621.3,0.31
11623.2,0.33
11625.2,0.31
11627.1,0.33
11629.1,0.31
11631.1,0.31
11633.1,0.31
11635.0,0.33
11637.0,0.31
11638.9,0.33
11640.9,0.31
11642.9,0.31
11644.8,0.33
11646.8,0.31
11648.7,0.33
11650.7,0.31
11652.7,0.31
11654.7,0.31
11656.7,0.31
11658.7,0.31
11660.7,0.31
11662.7,0.31
11664.7,0.31
11666.7,0.31
11668.7,0.31
11670.6,0.33
11672.6,0.31
11674.5,0.33
11676.5,0.31
11678.5,0.31
11680.4,0.33
11682.5,0.30
11684.5,0.31
11686.5,0.31
11688.6,0.30
11690.6,0.31
11692.6,0.31
11694.6,0.31
11696.6,0.31
11698.7,0.30
11700.7,0.31
11702.7,0.31
11704.8,0.30
11706.8,0.31
11708.8,0.31
11710.7,0.33
11712.7,0.31
11714.7,0.31
11716.7,0.31
11718.7,0.31
11720.7,0.31
11722.7,0.31
11724.7,0.31
11726.7,0.31
11728.7,0.31
11730.7,0.31
11732.7,0.31
11734.7,0.31
11736.6,0.33
11738.6,0.31
11740.7,0.30
11742.7,0.31
11744.7,0.31
11746.8,0.30
11748.9,0.30
11751.0,0.30
11753.1,0.30
11755.2,0.30
11757.2,0.31
11759.2,0.31
11761.2,0.31
11763.2,0.31
11765.2,0.31
11767.2,0.31
11769.2,0.31
11771.2,0.31
11773.2,0.31
11775.2,0.31
11777.1,0.33
11779.1,0.31
11781.1,0.31
11783.1,0.31
11785.2,0.30
11787.2,0.31
11789.2,0.31
11791.2,0.31
11793.2,0.31
11795.2,0.31
11797.3,0.30
11799.3,0.31
11801.4,0.30
11803.5,0.30
11805.6,0.30
11807.6,0.31
11809.7,0.30
11811.7,0.31
11813.6,0.33
11815.7,0.30
11817.7,0.31
11819.8,0.30
11821.8,0.31
11823.8,0.31
11825.8,0.31
11827.8,0.31
11829.8,0.31
11831.8,0.31
11833.7,0.33
11835.7,0.31
11837.6,0.33
11839.5,0.33
11841.4,0.33
11843.4,0.31
11845.4,0.31
11847.4,0.31
11849.3,0.33
11851.3,0.31
11853.3,0.31
11855.3,0.31
11857.3,0.31
11859.2,0.33
11861.2,0.31
11863.2,0.31
11865.2,0.31
11867.3,0.30
11869.3,0.31
11871.2,0.33
11873.2,0.31
11875.1,0.33
11877.1,0.31
11879.1,0.31
11881.1,0.31
11883.1,0.31
11885.1,0.31
11887.1,0.31
11889.1,0.31
11891.1,0.31
11893.0,0.33
11895.0,0.31
11897.0,0.31
11899.0,0.31
11901.1,0.30
11903.0,0.33
11905.0,0.31
11906.9,0.33
11908.8,0.33
11910.7,0.33
11912.7,0.31
11914.6,0.33
11916.5,0.33
11918.4,0.33
11920.3,0.33
11922.2,0.33
11924.2,0.31
11926.1,0.33
11928.0,0.33
11929.9,0.33
11931.8,0.33
11933.8,0.31
11935.7,0.33
11937.7,0.31
11939.7,0.31
11941.7,0.31
11943.8,0.30
11945.8,0.31
11947.8,0.31
11949.8,0.31
11951.7,0.33
11953.7,0.31
11955.7,0.31
11957.6,0.33
11959.6,0.31
11961.5,0.33
11963.5,0.31
11965.4,0.33
11967.4,0.31
11969.4,0.31
11971.4,0.31
11973.5,0.30
11975.5,0.31
11977.6,0.30
11979.6,0.31
11981.7,0.30
11983.8,0.30
11985.8,0.31
11987.7,0.33
11989.7,0.31
11991.8,0.30
11993.8,0.31
11995.8,0.31
11997.9,0.30
11999.9,0.31
12001.9,0.31
12004.0,0.30
12006.0,0.31
12008.0,0.31
12010.0,0.31
12012.0,0.31
12013.9,0.33
12015.9,0.31
12017.9,0.31
12019.8,0.33
12021.8,0.31
12023.8,0.31
12025.8,0.31
12027.8,0.31
12029.8,0.31
12031.8,0.31
12033.8,0.31
12035.8,0.31
12037.9,0.30
12039.9,0.31
12041.8,0.33
12043.8,0.31
12045.8,0.31
12047.7,0.33
12049.8,0.30
12051.7,0.33
12053.7,0.31
12055.6,0.33
12057.5,0.33
12059.4,0.33
12061.4,0.31
12063.4,0.31
12065.3,0.33
12067.3,0.31
12069.3,0.31
12071.3,0.31
12073.3,0.31
12075.3,0.31
12077.3,0.31
12079.3,0.31
12081.4,0.30
12083.4,0.31
12085.5,0.30
12087.6,0.30
12089.7,0.30
12091.8,0.30
12093.9,0.30
12096.0,0.30
12098.0,0.31
12100.1,0.30
12102.2,0.30
12104.3,0.30
12106.4,0.30
12108.4,0.31
12110.5,0.30
12112.6,0.30
12114.7,0.30
12116.8,0.30
12118.9,0.30
12121.0,0.30
12123.0,0.31
12124.9,0.33
12126.9,0.31
12128.9,0.31
12130.9,0.31
12133.0,0.30
12135.0,0.31
12137.1,0.30
12139.1,0.31
12141.1,0.31
12143.1,0.31
12145.1,0.31
12147.2,0.30
12149.3,0.30
12151.4,0.30
12153.5,0.30
12155.6,0.30
12157.7,0.30
12159.9,0.29
12162.0,0.30
12164.2,0.29
12166.2,0.31
12168.2,0.31
12170.3,0.30
12172.3,0.31
12174.2,0.33
12176.2,0.31
12178.3,0.30
12180.3,0.31
12182.4,0.30
12184.4,0.31
12186.4,0.31
12188.5,0.30
12190.6,0.30
12192.7,0.30
12194.8,0.30
12196.9,0.30
12199.0,0.30
12201.1,0.30
12203.2,0.30
12205.4,0.29
12207.5,0.30
12209.6,0.30
12211.7,0.30
12213.7,0.31
12215.7,0.31
12217.7,0.31
12219.6,0.33
12221.7,0.30
12223.8,0.30
12225.8,0.31
12227.9,0.30
12229.9,0.31
12231.9,0.31
12233.8,0.33
12235.7,0.33
12237.7,0.31
12239.7,0.31
12241.7,0.31
12243.8,0.30
12245.8,0.31
12247.8,0.31
12249.7,0.33
12251.7,0.31
12253.7,0.31
12255.8,0.30
12257.9,0.30
12260.0,0.30
12262.0,0.31
12264.1,0.30
12266.1,0.31
12268.1,0.31
12270.1,0.31
12272.1,0.31
12274.1,0.31
12276.1,0.31
12278.2,0.30
12280.2,0.31
12282.2,0.31
12284.3,0.30
12286.3,0.31
12288.4,0.30
12290.4,0.31
12292.5,0.30
12294.6,0.30
12296.7,0.30
12298.7,0.31
12300.8,0.30
12302.8,0.31
12304.8,0.31
12306.8,0.31
12308.8,0.31
12310.7,0.33
12312.7,0.31
12314.8,0.30
12316.8,0.31
12318.9,0.30
12320.9,0.31
12322.9,0.31
12325.0,0.30
12327.1,0.30
12329.2,0.30
12331.3,0.30
12333.4,0.30
12335.6,0.29
12337.7,0.30
12339.8,0.30
12342.0,0.29
12344.1,0.30
12346.2,0.30
12348.4,0.29
12350.5,0.30
12352.6,0.30
12354.6,0.31
12356.6,0.31
12358.6,0.31
12360.7,0.30
12362.7,0.31
12364.7,0.31
12366.6,0.33
12368.6,0.31
12370.5,0.33
12372.4,0.33
12374.4,0.31
12376.4,0.31
12378.5,0.30
12380.5,0.31
12382.5,0.31
12384.6,0.30
12386.7,0.30
12388.7,0.31
12390.8,0.30
12392.8,0.31
12394.9,0.30
12397.0,0.30
12399.0,0.31
12401.1,0.30
12403.1,0.31
12405.2,0.30
12407.3,0.30
12409.4,0.30
12411.5,0.30
12413.6,0.30
12415.6,0.31
12417.7,0.30
12419.7,0.31
12421.8,0.30
12423.8,0.31
12425.8,0.31
12427.7,0.33
12429.7,0.31
12431.8,0.30
12433.8,0.31
12435.9,0.30
12437.9,0.31
12440.0,0.30
12442.1,0.30
12444.2,0.30
12446.3,0.30
12448.4,0.30
12450.5,0.30
12452.6,0.30
12454.7,0.30
12456.8,0.30
12458.9,0.30
12461.0,0.30
12463.1,0.30
12465.2,0.30
12467.4,0.29
12469.5,0.30
12471.7,0.29
12473.8,0.30
12475.9,0.30
12478.0,0.30
12480.1,0.30
12482.1,0.31
12484.1,0.31
12486.1,0.31
12488.1,0.31
12490.2,0.30
12492.2,0.31
12494.2,0.31
12496.1,0.33
12498.1,0.31
12500.1,0.31
12502.1,0.31
12504.1,0.31
12506.2,0.30
12508.3,0.30
12510.3,0.31
12512.3,0.31
12514.3,0.31
12516.3,0.31
12518.3,0.31
12520.2,0.33
12522.2,0.31
12524.3,0.30
12526.4,0.30
12528.5,0.30
12530.5,0.31
12532.6,0.30
12534.8,0.29
12536.9,0.30
12539.0,0.30
12541.2,0.29
12543.3,0.30
12545.4,0.30
12547.5,0.30
12549.5,0.31
12551.6,0.30
12553.7,0.30
12555.8,0.30
12557.8,0.31
12559.9,0.30
12561.9,0.31
12564.0,0.30
12566.0,0.31
12568.0,0.31
12570.0,0.31
12572.0,0.31
12574.0,0.31
12576.0,0.31
12578.0,0.31
12580.0,0.31
12582.0,0.31
12584.1,0.30
12586.1,0.31
12588.2,0.30
12590.3,0.30
12592.3,0.31
12594.4,0.30
12596.4,0.31
12598.3,0.33
12600.3,0.31
12602.3,0.31
12604.3,0.31
12606.3,0.31
12608.3,0.31
12610.3,0.31
12612.3,0.31
12614.3,0.31
12616.3,0.31
12618.3,0.31
12620.3,0.31
12622.3,0.31
12624.3,0.31
12626.3,0.31
12628.3,0.31
12630.4,0.30
12632.4,0.31
12634.4,0.31
12636.4,0.31
12638.5,0.30
12640.6,0.30
12642.6,0.31
12644.7,0.30
12646.7,0.31
12648.7,0.31
12650.7,0.31
12652.7,0.31
12654.7,0.31
12656.8,0.30
12658.8,0.31
12660.8,0.31
12662.9,0.30
12665.0,0.30
12667.1,0.30
12669.1,0.31
12671.2,0.30
12673.3,0.30
12675.4,0.30
12677.5,0.30
12679.6,0.30
12681.6,0.31
12683.6,0.31
12685.6,0.31
12687.7,0.30
12689.7,0.31
12691.8,0.30
12693.8,0.31
12695.9,0.30
12697.9,0.31
12700.0,0.30
12702.0,0.31
12704.2,0.29
12706.2,0.31
12708.2,0.31
12710.2,0.31
12712.2,0.31
12714.2,0.31
12716.2,0.31
12718.1,0.33
12720.0,0.33
12722.0,0.31
12724.1,0.30
12726.1,0.31
12728.2,0.30
12730.1,0.33
12732.1,0.31
12734.1,0.31
12736.1,0.31
12738.1,0.31
12740.2,0.30
12742.3,0.30
12744.4,0.30
12746.5,0.30
12748.6,0.30
12750.7,0.30
12752.8,0.30
12754.9,0.30
12757.0,0.30
12759.0,0.31
12761.2,0.29
12763.2,0.31
12765.3,0.30
12767.3,0.31
12769.4,0.30
12771.4,0.31
12773.4,0.31
12775.5,0.30
12777.6,0.30
12779.6,0.31
12781.7,0.30
12783.7,0.31
12785.7,0.31
12787.7,0.31
12789.8,0.30
12791.8,0.31
12793.8,0.31
12795.8,0.31
12797.9,0.30
12799.9,0.31
12801.8,0.33
12803.9,0.30
12806.0,0.30
12808.1,0.30
12810.2,0.30
12812.4,0.29
12814.5,0.30
12816.5,0.31
12818.5,0.31
12820.5,0.31
12822.6,0.30
12824.7,0.30
12826.8,0.30
12828.9,0.30
12830.9,0.31
12832.8,0.33
12834.8,0.31
12836.7,0.33
12838.7,0.31
12840.6,0.33
12842.6,0.31
12844.6,0.31
12846.6,0.31
12848.6,0.31
12850.6,0.31
12852.7,0.30
12854.7,0.31
12856.7,0.31
12858.8,0.30
12860.8,0.31
12862.9,0.30
12864.9,0.31
12867.0,0.30
12868.9,0.33
12870.9,0.31
12872.9,0.31
12874.9,0.31
12876.9,0.31
12879.0,0.30
12881.0,0.31
12883.0,0.31
12885.0,0.31
12886.9,0.33
12888.9,0.31
12890.8,0.33
12892.8,0.31
12894.8,0.31
12896.7,0.33
12898.7,0.31
12900.7,0.31
12902.8,0.30
12904.8,0.31
12906.9,0.30
12908.9,0.31
12911.0,0.30
12913.0,0.31
12915.1,0.30
12917.2,0.30
12919.3,0.30
12921.3,0.31
12923.3,0.31
12925.3,0.31
12927.3,0.31
12929.4,0.30
12931.4,0.31
12933.5,0.30
12935.5,0.31
12937.5,0.31
12939.5,0.31
12941.4,0.33
12943.4,0.31
12945.4,0.31
12947.5,0.30
12949.6,0.30
12951.7,0.30
12953.7,0.31
12955.7,0.31
12957.6,0.33
12959.6,0.31
12961.7,0.30
12963.8,0.30
12965.8,0.31
12967.9,0.30
12969.9,0.31
12972.0,0.30
12974.0,0.31
12976.0,0.31
12978.1,0.30
12980.1,0.31
12982.2,0.30
12984.3,0.30
12986.3,0.31
12988.3,0.31
12990.3,0.31
12992.3,0.31
12994.3,0.31
12996.3,0.31
12998.3,0.31
13000.3,0.31
13002.3,0.31
13004.2,0.33
13006.1,0.33
13008.1,0.31
13010.1,0.31
13012.1,0.31
13014.1,0.31
13016.1,0.31
13018.2,0.30
13020.2,0.31
13022.3,0.30
13024.4,0.30
13026.5,0.30
13028.6,0.30
13030.6,0.31
13032.6,0.31
13034.6,0.31
13036.5,0.33
13038.5,0.31
13040.4,0.33
13042.3,0.33
13044.3,0.31
13046.3,0.31
13048.3,0.31
13050.3,0.31
13052.3,0.31
13054.3,0.31
13056.3,0.31
13058.2,0.33
13060.1,0.33
13062.1,0.31
13064.0,0.33
13065.9,0.33
13068.0,0.30
13070.0,0.31
13072.0,0.31
13074.1,0.30
13076.2,0.30
13078.3,0.30
13080.3,0.31
13082.4,0.30
13084.6,0.29
13086.7,0.30
13088.8,0.30
13090.9,0.30
13093.0,0.30
13095.2,0.29
13097.4,0.29
13099.6,0.29
13101.7,0.30
13103.9,0.29
13105.9,0.31
13107.9,0.31
13110.0,0.30
13112.0,0.31
13114.1,0.30
13116.1,0.31
13118.2,0.30
13120.2,0.31
13122.2,0.31
13124.3,0.30
13126.3,0.31
13128.3,0.31
13130.3,0.31
13132.4,0.30
13134.4,0.31
13136.4,0.31
13138.5,0.30
13140.5,0.31
13142.6,0.30
13144.7,0.30
13146.8,0.30
13148.9,0.30
13151.0,0.30
13153.2,0.29
13155.3,0.30
13157.4,0.30
13159.5,0.30
13161.6,0.30
13163.7,0.30
13165.9,0.29
13168.0,0.30
13170.1,0.30
13172.2,0.30
13174.2,0.31
13176.3,0.30
13178.4,0.30
13180.5,0.30
13182.5,0.31
13184.4,0.33
13186.4,0.31
13188.5,0.30
13190.5,0.31
13192.5,0.31
13194.6,0.30
13196.7,0.30
13198.7,0.31
13200.8,0.30
13202.8,0.31
13204.9,0.30
13206.9,0.31
13209.0,0.30
13211.1,0.30
13213.2,0.30
13215.3,0.30
13217.2,0.33
13219.1,0.33
13221.0,0.33
13222.9,0.33
13224.8,0.33
13226.7,0.33
13228.6,0.33
13230.5,0.33
13232.5,0.31
13234.5,0.31
13236.5,0.31
13238.5,0.31
13240.5,0.31
13242.5,0.31
13244.6,0.30
13246.6,0.31
13248.7,0.30
13250.7,0.31
13252.7,0.31
13254.8,0.30
13257.0,0.29
13259.1,0.30
13261.2,0.30
13263.2,0.31
13265.2,0.31
13267.2,0.31
13269.2,0.31
13271.3,0.30
13273.3,0.31
13275.3,0.31
13277.4,0.30
13279.5,0.30
13281.6,0.30
13283.8,0.29
13285.9,0.30
13288.1,0.29
13290.2,0.30
13292.3,0.30
13294.5,0.29
13296.7,0.29
13298.9,0.29
13301.0,0.30
13303.1,0.30
13305.2,0.30
13307.3,0.30
13309.4,0.30
13311.5,0.30
13313.6,0.30
13315.7,0.30
13317.8,0.30
13319.9,0.30
13321.9,0.31
13324.0,0.30
13326.1,0.30
13328.2,0.30
13330.3,0.30
13332.4,0.30
13334.5,0.30
13336.7,0.29
13338.8,0.30
13340.9,0.30
13343.0,0.30
13345.2,0.29
13347.3,0.30
13349.5,0.29
13351.6,0.30
13353.8,0.29
13356.0,0.29
13358.1,0.30
13360.2,0.30
13362.2,0.31
13364.3,0.30
13366.4,0.30
13368.4,0.31
13370.6,0.29
13372.7,0.30
13374.8,0.30
13376.9,0.30
13379.0,0.30
13381.1,0.30
13383.1,0.31
13385.2,0.30
13387.2,0.31
13389.3,0.30
13391.4,0.30
13393.5,0.30
13395.5,0.31
13397.6,0.30
13399.6,0.31
13401.7,0.30
13403.7,0.31
13405.8,0.30
13407.9,0.30
13410.0,0.30
13412.0,0.31
13414.1,0.30
13416.1,0.31
13418.0,0.33
13420.0,0.31
13422.0,0.31
13423.9,0.33
13425.9,0.31
13427.9,0.31
13430.0,0.30
13432.1,0.30
13434.1,0.31
13436.1,0.31
13438.1,0.31
13440.1,0.31
13442.1,0.31
13444.1,0.31
13446.1,0.31
13448.2,0.30
13450.3,0.30
13452.5,0.29
13454.6,0.30
13456.7,0.30
13458.8,0.30
13460.9,0.30
13462.9,0.31
13464.9,0.31
13466.9,0.31
13468.9,0.31
13470.9,0.31
13472.8,0.33
13474.8,0.31
13476.9,0.30
13478.8,0.33
13480.9,0.30
13482.9,0.31
13485.0,0.30
13487.1,0.30
13489.2,0.30
13491.4,0.29
13493.5,0.30
13495.6,0.30
13497.8,0.29
13499.9,0.30
13502.1,0.29
13504.2,0.30
13506.4,0.29
13508.4,0.31
13510.4,0.31
13512.4,0.31
13514.4,0.31
13516.5,0.30
13518.5,0.31
13520.6,0.30
13522.6,0.31
13524.8,0.29
13526.9,0.30
13529.0,0.30
13531.1,0.30
13533.2,0.30
13535.2,0.31
13537.3,0.30
13539.5,0.29
13541.6,0.30
13543.7,0.30
13545.8,0.30
13547.8,0.31
13549.9,0.30
13552.0,0.30
13554.1,0.30
13556.2,0.30
13558.3,0.30
13560.4,0.30
13562.5,0.30
13564.5,0.31
13566.6,0.30
13568.7,0.30
13570.8,0.30
13572.8,0.31
13574.8,0.31
13576.9,0.30
13579.0,0.30
13581.0,0.31
13583.1,0.30
13585.2,0.30
13587.3,0.30
13589.4,0.30
13591.5,0.30
13593.6,0.30
13595.7,0.30
13597.7,0.31
13599.8,0.30
13601.9,0.30
13604.0,0.30
13606.1,0.30
13608.1,0.31
13610.2,0.30
13612.3,0.30
13614.4,0.30
13616.5,0.30
13618.5,0.31
13620.6,0.30
13622.6,0.31
13624.7,0.30
13626.8,0.30
13628.9,0.30
13630.9,0.31
13632.9,0.31
13634.9,0.31
13636.9,0.31
13638.8,0.33
13640.9,0.30
13643.0,0.30
13645.1,0.30
13647.1,0.31
13649.2,0.30
13651.3,0.30
13653.4,0.30
13655.5,0.30
13657.6,0.30
13659.8,0.29
13661.9,0.30
13664.1,0.29
13666.2,0.30
13668.3,0.30
13670.5,0.29
13672.6,0.30
13674.7,0.30
13676.9,0.29
13679.0,0.30
13681.1,0.30
13683.2,0.30
13685.2,0.31
13687.3,0.30
13689.4,0.30
13691.5,0.30
13693.5,0.31
13695.6,0.30
13697.6,0.31
13699.7,0.30
13701.8,0.30
13704.0,0.29
13706.2,0.29
13708.3,0.30
13710.4,0.30
13712.4,0.31
13714.4,0.31
13716.5,0.30
13718.5,0.31
13720.5,0.31
13722.6,0.30
13724.7,0.30
13726.7,0.31
13728.7,0.31
13730.8,0.30
13732.9,0.30
13735.0,0.30
13737.0,0.31
13739.1,0.30
13741.1,0.31
13743.1,0.31
13745.1,0.31
13747.2,0.30
13749.2,0.31
13751.4,0.29
13753.5,0.30
13755.6,0.30
13757.7,0.30
13759.8,0.30
13761.8,0.31
13763.8,0.31
13765.8,0.31
13767.9,0.30
13770.0,0.30
13772.1,0.30
13774.2,0.30
13776.3,0.30
13778.4,0.30
13780.4,0.31
13782.4,0.31
13784.4,0.31
13786.5,0.30
13788.5,0.31
13790.4,0.33
13792.4,0.31
13794.5,0.30
13796.5,0.31
13798.5,0.31
13800.5,0.31
13802.5,0.31
13804.4,0.33
13806.4,0.31
13808.4,0.31
13810.4,0.31
13812.5,0.30
13814.6,0.30
13816.7,0.30
13818.7,0.31
13820.8,0.30
13822.9,0.30
13825.1,0.29
13827.3,0.29
13829.4,0.30
13831.6,0.29
13833.8,0.29
13835.9,0.30
13838.0,0.30
13840.1,0.30
13842.1,0.31
13843.9,0.35
13845.6,0.37
13847.2,0.39
13848.9,0.37
13850.6,0.37
13852.3,0.37
13854.0,0.37
13855.9,0.33
13857.7,0.35
13859.6,0.33
13861.5,0.33
13863.4,0.33
13865.4,0.31
13867.4,0.31
13869.3,0.33
13871.2,0.33
13873.1,0.33
13875.0,0.33
13876.9,0.33
13878.8,0.33
13880.7,0.33
13882.6,0.33
13884.5,0.33
13886.5,0.31
13888.5,0.31
13890.5,0.31
13892.5,0.31
13894.5,0.31
13896.5,0.31
13898.5,0.31
13900.5,0.31
13902.5,0.31
13904.5,0.31
13906.5,0.31
13908.5,0.31
13910.6,0.30
13912.7,0.30
13914.7,0.31
13916.8,0.30
13918.8,0.31
13920.9,0.30
13923.0,0.30
13925.2,0.29
13927.3,0.30
13929.5,0.29
13931.7,0.29
13933.8,0.30
13936.0,0.29
13938.0,0.31
13940.1,0.30
13942.1,0.31
13944.2,0.30
13946.2,0.31
13948.3,0.30
13950.5,0.29
13952.6,0.30
13954.7,0.30
13956.8,0.30
13958.9,0.30
13961.0,0.30
13962.9,0.33
13964.6,0.37
13966.3,0.37
13967.9,0.39
13969.4,0.42
13970.9,0.42
13972.5,0.39
13974.0,0.42
13975.7,0.37
13977.4,0.37
13979.1,0.37
13980.9,0.35
13982.8,0.33
13984.7,0.33
13986.7,0.31
13988.6,0.33
13990.5,0.33
13992.4,0.33
13994.3,0.33
13996.1,0.35
13997.8,0.37
13999.5,0.37
14001.3,0.35
14003.0,0.37
14004.7,0.37
14006.5,0.35
14008.3,0.35
14010.2,0.33
14012.0,0.35
14013.9,0.33
14015.7,0.35
14017.5,0.35
14019.4,0.33
14021.2,0.35
14022.9,0.37
14024.7,0.35
14026.5,0.35
14028.2,0.37
14030.0,0.35
14031.8,0.35
14033.6,0.35
14035.5,0.33
14037.3,0.35
14039.2,0.33
14041.1,0.33
14043.1,0.31
14045.0,0.33
14047.0,0.31
14049.0,0.31
14051.0,0.31
14053.1,0.30
14055.2,0.30
14057.2,0.31
14059.1,0.33
14061.0,0.33
14062.9,0.33
14064.8,0.33
14066.7,0.33
14068.6,0.33
14070.5,0.33
14072.5,0.31
14074.4,0.33
14076.3,0.33
14078.3,0.31
14080.3,0.31
14082.3,0.31
14084.3,0.31
14086.3,0.31
14088.3,0.31
14090.4,0.30
14092.4,0.31
14094.5,0.30
14096.5,0.31
14098.5,0.31
14100.3,0.35
14102.1,0.35
14103.9,0.35
14105.7,0.35
14107.5,0.35
14109.4,0.33
14111.2,0.35
14113.0,0.35
14114.8,0.35
14116.7,0.33
14118.6,0.33
14120.5,0.33
14122.4,0.33
14124.3,0.33
14126.2,0.33
14128.1,0.33
14129.9,0.35
14131.8,0.33
14133.6,0.35
14135.5,0.33
14137.5,0.31
14139.4,0.33
14141.2,0.35
14143.1,0.33
14145.0,0.33
14146.9,0.33
14148.7,0.35
14150.6,0.33
14152.5,0.33
14154.4,0.33
14156.3,0.33
14158.2,0.33
14160.0,0.35
14161.9,0.33
14163.7,0.35
14165.5,0.35
14167.4,0.33
14169.3,0.33
14171.2,0.33
14173.2,0.31
14175.3,0.30
14177.4,0.30
14179.5,0.30
14181.6,0.30
14183.7,0.30
14185.7,0.31
14187.8,0.30
14189.8,0.31
14191.9,0.30
14194.1,0.29
14196.3,0.29
14198.5,0.29
14200.6,0.30
14202.8,0.29
14205.0,0.29
14207.3,0.27
14209.5,0.29
14211.8,0.27
14214.0,0.29
14216.3,0.27
14218.5,0.29
14220.8,0.27
14223.0,0.29
14225.2,0.29
14227.4,0.29
14229.5,0.30
14231.6,0.30
14233.7,0.30
14235.9,0.29
14238.0,0.30
14240.2,0.29
14242.3,0.30
14244.5,0.29
14246.7,0.29
14248.8,0.30
14251.0,0.29
14253.2,0.29
14255.4,0.29
14257.7,0.27
14259.9,0.29
14262.2,0.27
14264.4,0.29
14266.6,0.29
14268.8,0.29
14271.0,0.29
14273.3,0.27
14275.6,0.27
14277.8,0.29
14280.1,0.27
14282.4,0.27
14284.7,0.27
14286.9,0.29
14289.2,0.27
14291.4,0.29
14293.7,0.27
14296.0,0.27
14298.3,0.27
14300.6,0.27
14302.8,0.29
14305.0,0.29
14307.3,0.27
14309.5,0.29
14311.7,0.29
14313.9,0.29
14316.0,0.30
14318.2,0.29
14320.4,0.29
14322.6,0.29
14324.8,0.29
14327.1,0.27
14329.3,0.29
14331.6,0.27
14333.9,0.27
14336.2,0.27
14338.4,0.29
14340.7,0.27
14343.0,0.27
14345.3,0.27
14347.6,0.27
14349.9,0.27
14352.1,0.29
14354.3,0.29
14356.5,0.29
14358.5,0.31
14360.7,0.29
14362.8,0.30
14364.9,0.30
14367.0,0.30
14369.1,0.30
14371.3,0.29
14373.4,0.30
14375.5,0.30
14377.6,0.30
14379.8,0.29
14382.0,0.29
14384.2,0.29
14386.4,0.29
14388.7,0.27
14390.8,0.30
14393.0,0.29
14395.1,0.30
14397.1,0.31
14399.1,0.31
14401.2,0.30
14403.2,0.31
14405.3,0.30
14407.4,0.30
14409.5,0.30
14411.6,0.30
14413.8,0.29
14415.9,0.30
14417.9,0.31
14420.0,0.30
14422.1,0.30
14424.2,0.30
14426.2,0.31
14428.2,0.31
14430.2,0.31
14432.2,0.31
14434.3,0.30
14436.5,0.29
14438.6,0.30
14440.7,0.30
14442.8,0.30
14445.0,0.29
14447.1,0.30
14449.2,0.30
14451.3,0.30
14453.5,0.29
14455.6,0.30
14457.6,0.31
14459.7,0.30
14461.7,0.31
14463.7,0.31
14465.7,0.31
14467.8,0.30
14469.8,0.31
14471.9,0.30
14474.0,0.30
14476.2,0.29
14478.4,0.29
14480.7,0.27
14482.9,0.29
14485.1,0.29
14487.4,0.27
14489.7,0.27
14492.0,0.27
14494.3,0.27
14496.5,0.29
14498.8,0.27
14501.0,0.29
14503.2,0.29
14505.4,0.29
14507.5,0.30
14509.7,0.29
14511.9,0.29
14514.1,0.29
14516.3,0.29
14518.5,0.29
14520.6,0.30
14522.7,0.30
14524.9,0.29
14527.0,0.30
14529.0,0.31
14531.1,0.30
14533.1,0.31
14535.1,0.31
14537.1,0.31
14539.2,0.30
14541.4,0.29
14543.5,0.30
14545.6,0.30
14547.8,0.29
14549.9,0.30
14552.0,0.30
14554.1,0.30
14556.3,0.29
14558.4,0.30
14560.5,0.30
14562.6,0.30
14564.7,0.30
14566.8,0.30
14568.7,0.33
14570.7,0.31
14572.8,0.30
14574.8,0.31
14576.8,0.31
14578.8,0.31
14580.7,0.33
14582.7,0.31
14584.7,0.31
14586.7,0.31
14588.8,0.30
14590.9,0.30
14592.9,0.31
14595.0,0.30
14597.1,0.30
14599.1,0.31
14601.1,0.31
14603.1,0.31
14605.1,0.31
14607.2,0.30
14609.2,0.31
14611.3,0.30
14613.4,0.30
14615.5,0.30
14617.6,0.30
14619.7,0.30
14621.7,0.31
14623.8,0.30
14625.9,0.30
14628.0,0.30
14630.2,0.29
14632.3,0.30
14634.4,0.30
14636.5,0.30
14638.6,0.30
14640.7,0.30
14642.8,0.30
14644.9,0.30
14647.1,0.29
14649.2,0.30
14651.3,0.30
14653.4,0.30
14655.4,0.31
14657.5,0.30
14659.5,0.31
14661.5,0.31
14663.6,0.30
14665.7,0.30
14667.7,0.31
14669.7,0.31
14671.7,0.31
14673.8,0.30
14675.8,0.31
14677.9,0.30
14679.9,0.31
14681.9,0.31
14683.9,0.31
14686.0,0.30
14688.0,0.31
14690.0,0.31
14692.0,0.31
14694.0,0.31
14696.0,0.31
14698.0,0.31
14700.1,0.30
14702.2,0.30
14704.2,0.31
14706.3,0.30
14708.3,0.31
14710.4,0.30
14712.4,0.31
14714.5,0.30
14716.5,0.31
14718.5,0.31
14720.5,0.31
14722.5,0.31
14724.4,0.33
14726.4,0.31
14728.5,0.30
14730.7,0.29
14732.9,0.29
14735.0,0.30
14737.2,0.29
14739.3,0.30
14741.5,0.29
14743.7,0.29
14746.0,0.27
14748.3,0.27
14750.5,0.29
14752.7,0.29
14754.9,0.29
14757.0,0.30
14759.1,0.30
14761.2,0.30
14763.4,0.29
14765.5,0.30
14767.5,0.31
14769.3,0.35
14771.0,0.37
14772.7,0.37
14774.4,0.37
14776.1,0.37
14777.9,0.35
14779.8,0.33
14781.6,0.35
14783.4,0.35
14785.3,0.33
14787.2,0.33
14789.1,0.33
14790.9,0.35
14792.8,0.33
14794.7,0.33
14796.6,0.33
14798.4,0.35
14800.2,0.35
14802.0,0.35
14803.7,0.37
14805.5,0.35
14807.3,0.35
14809.2,0.33
14811.1,0.33
14813.0,0.33
14814.9,0.33
14816.8,0.33
14818.7,0.33
14820.7,0.31
14822.6,0.33
14824.5,0.33
14826.3,0.35
14828.1,0.35
14829.9,0.35
14831.6,0.37
14833.4,0.35
14835.2,0.35
14837.0,0.35
14838.8,0.35
14840.6,0.35
14842.4,0.35
14844.2,0.35
14846.1,0.33
14848.1,0.31
14850.0,0.33
14852.0,0.31
14853.9,0.33
14856.0,0.30
14858.0,0.31
14859.9,0.33
14861.9,0.31
14863.9,0.31
14865.8,0.33
14867.7,0.33
14869.6,0.33
14871.6,0.31
14873.6,0.31
14875.6,0.31
14877.5,0.33
14879.5,0.31
14881.4,0.33
14883.4,0.31
14885.4,0.31
14887.4,0.31
14889.4,0.31
14891.5,0.30
14893.5,0.31
14895.6,0.30
14897.7,0.30
14899.8,0.30
14901.8,0.31
14904.0,0.29
14906.1,0.30
14908.3,0.29
14910.5,0.29
14912.8,0.27
14915.0,0.29
14917.3,0.27
14919.5,0.29
14921.7,0.29
14923.8,0.30
14925.9,0.30
14928.0,0.30
14930.2,0.29
14932.4,0.29
14934.6,0.29
14936.8,0.29
14939.0,0.29
14941.2,0.29
14943.3,0.30
14945.5,0.29
14947.8,0.27
14950.2,0.26
14952.5,0.27
14954.9,0.26
14957.3,0.26
14959.7,0.26
14962.1,0.26
14964.4,0.27
14966.6,0.29
14968.9,0.27
14971.1,0.29
14973.4,0.27
14975.7,0.27
14977.9,0.29
14980.0,0.30
14982.1,0.30
14984.2,0.30
14986.4,0.29
14988.6,0.29
14990.8,0.29
14993.0,0.29
14995.3,0.27
14997.6,0.27
14999.9,0.27
15002.1,0.29
15004.3,0.29
15006.5,0.29
15008.8,0.27
15011.0,0.29
15013.2,0.29
15015.4,0.29
15017.5,0.30
15019.6,0.30
15021.8,0.29
15024.1,0.27
15026.3,0.29
15028.5,0.29
15030.7,0.29
15032.8,0.30
15034.9,0.30
15037.1,0.29
15039.2,0.30
15041.3,0.30
15043.3,0.31
15045.4,0.30
15047.4,0.31
15049.4,0.31
15051.4,0.31
15053.4,0.31
15055.4,0.31
15057.5,0.30
15059.5,0.31
15061.6,0.30
15063.7,0.30
15065.9,0.29
15068.0,0.30
15070.1,0.30
15072.2,0.30
15074.3,0.30
15076.4,0.30
15078.5,0.30
15080.7,0.29
15082.9,0.29
15085.1,0.29
15087.3,0.29
15089.4,0.30
15091.6,0.29
15093.7,0.30
15095.9,0.29
15098.0,0.30
15100.1,0.30
15102.2,0.30
15104.3,0.30
15106.4,0.30
15108.5,0.30
15110.7,0.29
15112.9,0.29
15115.2,0.27
15117.4,0.29
15119.6,0.29
15121.8,0.29
15123.9,0.30
15126.0,0.30
15128.1,0.30
15130.3,0.29
15132.4,0.30
15134.5,0.30
15136.6,0.30
15138.6,0.31
15140.7,0.30
15142.8,0.30
15144.8,0.31
15147.0,0.29
15149.1,0.30
15151.3,0.29
15153.4,0.30
15155.5,0.30
15157.6,0.30
15159.7,0.30
15161.8,0.30
15163.9,0.30
15166.0,0.30
15168.0,0.31
15170.1,0.30
15172.1,0.31
15174.2,0.30
15176.3,0.30
15178.5,0.29
15180.6,0.30
15182.7,0.30
15184.9,0.29
15187.0,0.30
15189.2,0.29
15191.3,0.30
15193.5,0.29
15195.7,0.29
15197.9,0.29
15200.0,0.30
15202.1,0.30
15204.1,0.31
15206.1,0.31
15208.1,0.31
15210.1,0.31
15212.0,0.33
15214.0,0.31
15215.9,0.33
15217.9,0.31
15220.0,0.30
15222.1,0.30
15224.2,0.30
15226.3,0.30
15228.4,0.30
15230.5,0.30
15232.6,0.30
15234.7,0.30
15236.7,0.31
15238.8,0.30
15240.9,0.30
15243.0,0.30
15245.1,0.30
15247.2,0.30
15249.3,0.30
15251.4,0.30
15253.3,0.33
15255.3,0.31
15257.2,0.33
15259.2,0.31
15261.2,0.31
15263.3,0.30
15265.5,0.29
15267.7,0.29
15269.8,0.30
15271.9,0.30
15274.0,0.30
15276.1,0.30
15278.2,0.30
15280.3,0.30
15282.5,0.29
15284.6,0.30
15286.7,0.30
15288.8,0.30
15290.9,0.30
15293.0,0.30
15295.2,0.29
15297.4,0.29
15299.6,0.29
15301.7,0.30
15303.8,0.30
15306.0,0.29
15308.1,0.30
15310.3,0.29
15312.4,0.30
15314.5,0.30
15316.6,0.30
15318.7,0.30
15320.8,0.30
15322.9,0.30
15325.0,0.30
15327.1,0.30
15329.2,0.30
15331.3,0.30
15333.4,0.30
15335.5,0.30
15337.5,0.31
15339.6,0.30
15341.8,0.29
15343.9,0.30
15346.0,0.30
15348.2,0.29
15350.3,0.30
15352.4,0.30
15354.6,0.29
15356.7,0.30
15358.9,0.29
15361.1,0.29
15363.4,0.27
15365.6,0.29
15367.9,0.27
15370.0,0.30
15372.1,0.30
15374.1,0.31
15376.1,0.31
15378.1,0.31
15380.2,0.30
15382.3,0.30
15384.4,0.30
15386.5,0.30
15388.6,0.30
15390.9,0.27
15393.0,0.30
15395.2,0.29
15397.3,0.30
15399.4,0.30
15401.5,0.30
15403.6,0.30
15405.8,0.29
15408.0,0.29
15410.1,0.30
15412.3,0.29
15414.4,0.30
15416.6,0.29
15418.7,0.30
15420.8,0.30
15422.8,0.31
15424.7,0.33
15426.5,0.35
15428.1,0.39
15429.8,0.37
15431.5,0.37
15433.2,0.37
15435.2,0.31
15437.3,0.30
15439.4,0.30
15441.6,0.29
15443.7,0.30
15445.9,0.29
15448.0,0.30
15450.2,0.29
15452.4,0.29
15454.6,0.29
15456.8,0.29
15458.9,0.30
15461.0,0.30
15463.2,0.29
15465.4,0.29
15467.6,0.29
15469.9,0.27
15472.1,0.29
15474.3,0.29
15476.5,0.29
15478.7,0.29
15480.8,0.30
15483.0,0.29
15485.1,0.30
15487.2,0.30
15489.3,0.30
15491.4,0.30
15493.6,0.29
15495.7,0.30
15497.7,0.31
15499.6,0.33
15501.6,0.31
15503.5,0.33
15505.4,0.33
15507.3,0.33
15509.3,0.31
15511.4,0.30
15513.4,0.31
15515.3,0.33
15517.2,0.33
15519.1,0.33
15521.1,0.31
15523.2,0.30
15525.3,0.30
15527.4,0.30
15529.5,0.30
15531.6,0.30
15533.6,0.31
15535.7,0.30
15537.6,0.33
15539.6,0.31
15541.6,0.31
15543.6,0.31
15545.6,0.31
15547.6,0.31
15549.7,0.30
15551.7,0.31
15553.7,0.31
15555.6,0.33
15557.6,0.31
15559.6,0.31
15561.7,0.30
15563.9,0.29
15566.0,0.30
15568.1,0.30
15570.2,0.30
15572.3,0.30
15574.5,0.29
15576.6,0.30
15578.8,0.29
15580.9,0.30
15583.1,0.29
15585.3,0.29
15587.4,0.30
15589.6,0.29
15591.8,0.29
15594.0,0.29
15596.1,0.30
15598.3,0.29
15600.4,0.30
15602.6,0.29
15604.8,0.29
15607.0,0.29
15609.2,0.29
15611.4,0.29
15613.6,0.29
15615.8,0.29
15618.0,0.29
15620.2,0.29
15622.3,0.30
15624.5,0.29
15626.7,0.29
15628.9,0.29
15631.2,0.27
15633.6,0.26
15635.9,0.27
15638.3,0.26
15640.7,0.26
15643.0,0.27
15645.3,0.27
15647.5,0.29
15649.8,0.27
15652.3,0.25
15654.8,0.25
15657.3,0.25
15659.8,0.25
15662.3,0.25
15664.7,0.26
15667.1,0.26
15669.4,0.27
15671.6,0.29
15673.8,0.29
15675.9,0.30
15678.1,0.29
15680.3,0.29
15682.5,0.29
15684.8,0.27
15687.1,0.27
15689.2,0.30
15691.3,0.30
15693.4,0.30
15695.5,0.30
15697.5,0.31
15699.7,0.29
15701.8,0.30
15703.9,0.30
15706.0,0.30
15708.2,0.29
15710.5,0.27
15712.7,0.29
15715.0,0.27
15717.1,0.30
15719.4,0.27
15721.7,0.27
15724.0,0.27
15726.3,0.27
15728.6,0.27
15730.9,0.27
15733.1,0.29
15735.3,0.29
15737.5,0.29
15739.8,0.27
15742.0,0.29
15744.2,0.29
15746.4,0.29
15748.6,0.29
15750.8,0.29
15753.0,0.29
15755.2,0.29
15757.4,0.29
15759.5,0.30
15761.7,0.29
15763.9,0.29
15766.1,0.29
15768.3,0.29
15770.5,0.29
15772.7,0.29
15774.9,0.29
15777.1,0.29
15779.3,0.29
15781.4,0.30
15783.6,0.29
15785.7,0.30
15787.9,0.29
15790.0,0.30
15792.2,0.29
15794.4,0.29
15796.5,0.30
15798.6,0.30
15800.7,0.30
15802.8,0.30
15804.8,0.31
15806.9,0.30
15809.0,0.30
15811.2,0.29
15813.3,0.30
15815.5,0.29
15817.7,0.29
15819.8,0.30
15822.0,0.29
15824.2,0.29
15826.4,0.29
15828.5,0.30
15830.8,0.27
15833.0,0.29
15835.1,0.30
15837.3,0.29
15839.4,0.30
15841.5,0.30
15843.6,0.30
15845.7,0.30
15847.8,0.30
15849.9,0.30
15852.0,0.30
15854.1,0.30
15856.2,0.30
15858.3,0.30
15860.4,0.30
15862.6,0.29
15864.8,0.29
15866.9,0.30
15869.0,0.30
15871.1,0.30
15873.2,0.30
15875.2,0.31
15877.3,0.30
15879.2,0.33
15881.2,0.31
15883.3,0.30
15885.4,0.30
15887.4,0.31
15889.5,0.30
15891.6,0.30
15893.7,0.30
15895.8,0.30
15897.9,0.30
15900.0,0.30
15902.2,0.29
15904.3,0.30
15906.5,0.29
15908.6,0.30
15910.7,0.30
15912.9,0.29
15915.0,0.30
15917.2,0.29
15919.4,0.29
15921.6,0.29
15923.9,0.27
15926.1,0.29
15928.4,0.27
15930.5,0.30
15932.7,0.29
15934.8,0.30
15936.8,0.31
15938.9,0.30
15940.9,0.31
15943.0,0.30
15945.0,0.31
15947.1,0.30
15949.2,0.30
15951.3,0.30
15953.5,0.29
15955.7,0.29
15957.9,0.29
15960.0,0.30
15961.8,0.35
15963.6,0.35
15965.3,0.37
15967.0,0.37
15968.9,0.33
15970.8,0.33
15972.9,0.30
15975.1,0.29
15977.3,0.29
15979.6,0.27
15981.9,0.27
15984.2,0.27
15986.5,0.27
15988.8,0.27
15991.1,0.27
15993.4,0.27
15995.6,0.29
15997.9,0.27
16000.1,0.29
16002.4,0.27
16004.7,0.27
16007.0,0.27
16009.4,0.26
16011.8,0.26
16014.0,0.29
16016.3,0.27
16018.4,0.30
16020.6,0.29
16022.7,0.30
16024.8,0.30
16026.9,0.30
16029.0,0.30
16031.2,0.29
16033.3,0.30
16035.5,0.29
16037.6,0.30
16039.7,0.30
16041.8,0.30
16043.9,0.30
16045.9,0.31
16048.0,0.30
16050.0,0.31
16052.1,0.30
16054.4,0.27
16056.5,0.30
16058.6,0.30
16060.7,0.30
16062.8,0.30
16064.9,0.30
16066.9,0.31
16069.0,0.30
16071.1,0.30
16073.1,0.31
16075.2,0.30
16077.2,0.31
16079.2,0.31
16081.2,0.31
16083.2,0.31
16085.2,0.31
16087.3,0.30
16089.5,0.29
16091.6,0.30
16093.7,0.30
16095.8,0.30
16097.9,0.30
16100.0,0.30
16102.1,0.30
16104.3,0.29
16106.4,0.30
16108.5,0.30
16110.5,0.31
16112.5,0.31
16114.5,0.31
16116.6,0.30
16118.5,0.33
16120.5,0.31
16122.4,0.33
16124.3,0.33
16126.1,0.35
16128.1,0.31
16130.0,0.33
16131.9,0.33
16133.8,0.33
16135.7,0.33
16137.6,0.33
16139.5,0.33
16141.4,0.33
16143.3,0.33
16145.2,0.33
16147.1,0.33
16149.0,0.33
16150.9,0.33
16152.8,0.33
16154.7,0.33
16156.6,0.33
16158.5,0.33
16160.4,0.33
16162.3,0.33
16164.3,0.31
16166.3,0.31
16168.2,0.33
16170.2,0.31
16172.2,0.31
16174.1,0.33
16176.1,0.31
16178.0,0.33
16180.0,0.31
16182.0,0.31
16184.0,0.31
16186.0,0.31
16188.0,0.31
16190.0,0.31
16191.9,0.33
16193.8,0.33
16195.7,0.33
16197.7,0.31
16199.7,0.31
16201.6,0.33
16203.6,0.31
16205.6,0.31
16207.5,0.33
16209.5,0.31
16211.5,0.31
16213.4,0.33
16215.4,0.31
16217.4,0.31
16219.4,0.31
16221.5,0.30
16223.6,0.30
16225.7,0.30
16227.8,0.30
16229.8,0.31
16231.8,0.31
16233.6,0.35
16235.3,0.37
16237.0,0.37
16238.6,0.39
16240.3,0.37
16242.0,0.37
16243.7,0.37
16245.5,0.35
16247.3,0.35
16249.2,0.33
16251.2,0.31
16253.3,0.30
16255.5,0.29
16257.6,0.30
16259.8,0.29
16261.9,0.30
16264.1,0.29
16266.3,0.29
16268.5,0.29
16270.7,0.29
16272.9,0.29
16275.1,0.29
16277.3,0.29
16279.4,0.30
16281.6,0.29
16283.7,0.30
16285.8,0.30
16287.8,0.31
16290.0,0.29
16292.1,0.30
16294.2,0.30
16296.4,0.29
16298.4,0.31
16300.5,0.30
16302.6,0.30
16304.8,0.29
16307.0,0.29
16309.3,0.27
16311.5,0.29
16313.8,0.27
16316.0,0.29
16318.2,0.29
16320.5,0.27
16322.8,0.27
16325.1,0.27
16327.5,0.26
16329.8,0.27
16332.0,0.29
16334.2,0.29
16336.4,0.29
16338.6,0.29
16340.9,0.27
16343.2,0.27
16345.5,0.27
16347.8,0.27
16350.1,0.27
16352.4,0.27
16354.6,0.29
16356.8,0.29
16359.0,0.29
16361.2,0.29
16363.3,0.30
16365.5,0.29
16367.7,0.29
16369.9,0.29
16372.1,0.29
16374.3,0.29
16376.5,0.29
16378.8,0.27
16381.0,0.29
16383.3,0.27
16385.6,0.27
16388.0,0.26
16390.3,0.27
16392.5,0.29
16394.8,0.27
16397.0,0.29
16399.3,0.27
16401.5,0.29
16403.8,0.27
16406.0,0.29
16408.3,0.27
16410.4,0.30
16412.6,0.29
16414.7,0.30
16416.8,0.30
16419.1,0.27
16421.3,0.29
16423.6,0.27
16425.9,0.27
16428.2,0.27
16430.5,0.27
16432.7,0.29
16434.8,0.30
16436.9,0.30
16439.1,0.29
16441.2,0.30
16443.3,0.30
16445.4,0.30
16447.6,0.29
16449.8,0.29
16452.0,0.29
16454.1,0.30
16456.3,0.29
16458.5,0.29
16460.7,0.29
16462.9,0.29
16465.2,0.27
16467.5,0.27
16469.7,0.29
16472.0,0.27
16474.3,0.27
16476.6,0.27
16478.9,0.27
16481.2,0.27
16483.4,0.29
16485.7,0.27
16488.0,0.27
16490.3,0.27
16492.6,0.27
16495.0,0.26
16497.3,0.27
16499.6,0.27
16501.8,0.29
16504.0,0.29
16506.2,0.29
16508.5,0.27
16510.7,0.29
16512.9,0.29
16515.1,0.29
16517.3,0.29
16519.5,0.29
16521.6,0.30
16523.8,0.29
16525.8,0.31
16527.9,0.30
16529.9,0.31
16532.0,0.30
16534.2,0.29
16536.3,0.30
16538.4,0.30
16540.5,0.30
16542.7,0.29
16544.8,0.30
16546.9,0.30
16549.0,0.30
16551.2,0.29
16553.4,0.29
16555.6,0.29
16557.7,0.30
16559.9,0.29
16562.0,0.30
16564.0,0.31
16566.3,0.27
16568.5,0.29
16570.7,0.29
16573.0,0.27
16575.3,0.27
16577.5,0.29
16579.6,0.30
16581.7,0.30
16583.7,0.31
16585.7,0.31
16587.8,0.30
16589.9,0.30
16592.1,0.29
16594.2,0.30
16596.3,0.30
16598.5,0.29
16600.6,0.30
16602.8,0.29
16605.0,0.29
16607.2,0.29
16609.4,0.29
16611.6,0.29
16613.8,0.29
16616.0,0.29
16618.3,0.27
16620.6,0.27
16622.8,0.29
16625.0,0.29
16627.2,0.29
16629.4,0.29
16631.5,0.30
16633.6,0.30
16635.8,0.29
16638.0,0.29
16640.2,0.29
16642.4,0.29
16644.5,0.30
16646.7,0.29
16648.8,0.30
16651.0,0.29
16653.2,0.29
16655.4,0.29
16657.6,0.29
16659.9,0.27
16662.1,0.29
16664.4,0.27
16666.6,0.29
16668.7,0.30
16670.8,0.30
16673.0,0.29
16675.1,0.30
16677.3,0.29
16679.5,0.29
16681.8,0.27
16684.1,0.27
16686.3,0.29
16688.7,0.26
16691.0,0.27
16693.4,0.26
16695.7,0.27
16698.0,0.27
16700.3,0.27
16702.6,0.27
16704.8,0.29
16707.0,0.29
16709.2,0.29
16711.3,0.30
16713.4,0.30
16715.5,0.30
16717.7,0.29
16719.9,0.29
16722.1,0.29
16724.3,0.29
16726.4,0.30
16728.6,0.29
16730.8,0.29
16733.0,0.29
16735.2,0.29
16737.4,0.29
16739.6,0.29
16741.8,0.29
16744.1,0.27
16746.3,0.29
16748.4,0.30
16750.5,0.30
16752.7,0.29
16754.8,0.30
16757.0,0.29
16759.3,0.27
16761.5,0.29
16763.8,0.27
16766.0,0.29
16768.2,0.29
16770.4,0.29
16772.7,0.27
16774.8,0.30
16777.0,0.29
16779.1,0.30
16781.2,0.30
16783.3,0.30
16785.4,0.30
16787.5,0.30
16789.6,0.30
16791.7,0.30
16793.8,0.30
16795.9,0.30
16798.0,0.30
16800.1,0.30
16802.2,0.30
16804.2,0.31
16806.3,0.30
16808.5,0.29
16810.7,0.29
16812.9,0.29
16815.1,0.29
16817.2,0.30
16819.5,0.27
16821.8,0.27
16824.0,0.29
16826.3,0.27
16828.5,0.29
16830.8,0.27
16833.0,0.29
16835.3,0.27
16837.5,0.29
16839.8,0.27
16842.1,0.27
16844.3,0.29
16846.6,0.27
16848.9,0.27
16851.1,0.29
16853.4,0.27
16855.6,0.29
16857.8,0.29
16860.0,0.29
16862.2,0.29
16864.4,0.29
16866.7,0.27
16869.0,0.27
16871.2,0.29
16873.5,0.27
16875.8,0.27
16878.0,0.29
16880.3,0.27
16882.5,0.29
16884.8,0.27
16887.2,0.26
16889.6,0.26
16891.9,0.27
16894.2,0.27
16896.2,0.31
16898.1,0.33
16899.9,0.35
16901.7,0.35
16903.5,0.35
16905.2,0.37
16906.9,0.37
16908.7,0.35
16910.5,0.35
16912.2,0.37
16914.0,0.35
16915.8,0.35
16917.7,0.33
16919.5,0.35
16921.4,0.33
16923.2,0.35
16924.9,0.37
16926.6,0.37
16928.3,0.37
16929.9,0.39
16931.5,0.39
16933.1,0.39
16934.7,0.39
16936.3,0.39
16938.0,0.37
16939.7,0.37
16941.4,0.37
16943.1,0.37
16944.8,0.37
16946.5,0.37
16948.2,0.37
16949.8,0.39
16951.4,0.39
16953.0,0.39
16954.6,0.39
16956.3,0.37
16957.9,0.39
16959.5,0.39
16961.1,0.39
16962.8,0.37
16964.5,0.37
16966.2,0.37
16968.0,0.35
16969.9,0.33
16971.7,0.35
16973.6,0.33
16975.4,0.35
16977.3,0.33
16979.2,0.33
16981.1,0.33
16983.0,0.33
16985.0,0.31
16986.9,0.33
16988.8,0.33
16990.8,0.31
16992.8,0.31
16994.8,0.31
16996.8,0.31
16998.8,0.31
17000.8,0.31
17002.9,0.30
17005.0,0.30
17007.2,0.29
17009.3,0.30
17011.4,0.30
17013.5,0.30
17015.6,0.30
17017.7,0.30
17019.8,0.30
17022.0,0.29
17024.1,0.30
17026.3,0.29
17028.5,0.29
17030.8,0.27
17033.1,0.27
17035.5,0.26
17037.7,0.29
17039.9,0.29
17042.1,0.29
17044.3,0.29
17046.5,0.29
17048.7,0.29
17050.9,0.29
17053.2,0.27
17055.4,0.29
17057.7,0.27
17060.0,0.27
17062.3,0.27
17064.5,0.29
17066.7,0.29
17069.0,0.27
17071.3,0.27
17073.5,0.29
17075.7,0.29
17078.0,0.27
17080.2,0.29
17082.5,0.27
17084.8,0.27
17087.1,0.27
17089.5,0.26
17091.9,0.26
17094.2,0.27
17096.5,0.27
17098.7,0.29
17101.0,0.27
17103.2,0.29
17105.5,0.27
17107.7,0.29
17110.0,0.27
17112.3,0.27
17114.6,0.27
17116.9,0.27
17119.3,0.26
17121.5,0.29
17123.8,0.27
17126.1,0.27
17128.4,0.27
17130.7,0.27
17132.9,0.29
17135.2,0.27
17137.5,0.27
17139.8,0.27
17142.1,0.27
17144.4,0.27
17146.7,0.27
17149.1,0.26
17151.5,0.26
17153.9,0.26
17156.2,0.27
17158.5,0.27
17160.9,0.26
17163.2,0.27
17165.6,0.26
17168.0,0.26
17170.4,0.26
17172.8,0.26
17175.1,0.27
17177.3,0.29
17179.5,0.29
17181.7,0.29
17184.0,0.27
17186.3,0.27
17188.6,0.27
17190.8,0.29
17193.1,0.27
17195.4,0.27
17197.7,0.27
17200.0,0.27
17202.3,0.27
17204.7,0.26
17206.9,0.29
17209.1,0.29
17211.3,0.29
17213.5,0.29
17215.8,0.27
17218.0,0.29
17220.3,0.27
17222.5,0.29
17224.8,0.27
17227.0,0.29
17229.2,0.29
17231.3,0.30
17233.5,0.29
17235.6,0.30
17237.7,0.30
17239.9,0.29
17242.1,0.29
17244.3,0.29
17246.5,0.29
17248.8,0.27
17251.0,0.29
17253.4,0.26
17255.6,0.29
17257.8,0.29
17260.0,0.29
17262.2,0.29
17264.3,0.30
17266.5,0.29
17268.7,0.29
17270.9,0.29
17273.1,0.29
17275.2,0.30
17277.4,0.29
17279.5,0.30
17281.6,0.30
17283.8,0.29
17286.0,0.29
17288.3,0.27
17290.6,0.27
17292.8,0.29
17295.1,0.27
17297.3,0.29
17299.5,0.29
17301.6,0.30
17303.7,0.30
17305.8,0.30
17307.9,0.30
17310.0,0.30
17312.2,0.29
17314.4,0.29
17316.6,0.29
17318.7,0.30
17320.8,0.30
17323.0,0.29
17325.3,0.27
17327.6,0.27
17329.8,0.29
17332.1,0.27
17334.4,0.27
17336.7,0.27
17338.9,0.29
17341.0,0.30
17343.2,0.29
17345.4,0.29
17347.6,0.29
17349.9,0.27
17352.1,0.29
17354.3,0.29
17356.5,0.29
17358.6,0.30
17360.7,0.30
17362.9,0.29
17365.1,0.29
17367.4,0.27
17369.7,0.27
17372.0,0.27
17374.2,0.29
17376.4,0.29
17378.5,0.30
17380.5,0.31
17382.6,0.30
17384.7,0.30
17386.8,0.30
17389.0,0.29
17391.2,0.29
17393.4,0.29
17395.6,0.29
17397.8,0.29
17400.1,0.27
17402.4,0.27
17404.7,0.27
17406.9,0.29
17409.1,0.29
17411.3,0.29
17413.4,0.30
17415.6,0.29
17417.8,0.29
17419.9,0.30
17422.1,0.29
17424.2,0.30
17426.4,0.29
17428.6,0.29
17430.9,0.27
17433.1,0.29
17435.3,0.29
17437.5,0.29
17439.6,0.30
17441.8,0.29
17443.8,0.31
17446.0,0.29
17448.1,0.30
17450.3,0.29
17452.6,0.27
17454.8,0.29
17457.1,0.27
17459.4,0.27
17461.6,0.29
17463.9,0.27
17466.2,0.27
17468.6,0.26
17471.0,0.26
17473.2,0.29
17475.5,0.27
17477.7,0.29
17479.9,0.29
17482.2,0.27
17484.5,0.27
17486.9,0.26
17489.3,0.26
17491.7,0.26
17494.2,0.25
17496.6,0.26
17499.0,0.26
17501.4,0.26
17503.7,0.27
17506.0,0.27
17508.0,0.31
17510.1,0.30
17512.1,0.31
17514.1,0.31
17516.1,0.31
17518.1,0.31
17520.1,0.31
17522.1,0.31
17524.2,0.30
17526.3,0.30
17528.4,0.30
17530.5,0.30
17532.6,0.30
17534.7,0.30
17536.7,0.31
17538.6,0.33
17540.5,0.33
17542.3,0.35
17544.0,0.37
17545.7,0.37
17547.4,0.37
17549.1,0.37
17550.9,0.35
17552.7,0.35
17554.5,0.35
17556.4,0.33
17558.3,0.33
17560.3,0.31
17562.2,0.33
17564.1,0.33
17566.0,0.33
17568.0,0.31
17570.1,0.30
17572.2,0.30
17574.2,0.31
17576.2,0.31
17578.2,0.31
17580.2,0.31
17582.2,0.31
17584.2,0.31
17586.2,0.31
17588.2,0.31
17590.2,0.31
17592.1,0.33
17594.0,0.33
17596.0,0.31
17598.0,0.31
17599.9,0.33
17601.9,0.31
17604.0,0.30
17606.1,0.30
17608.2,0.30
17610.4,0.29
17612.6,0.29
17614.8,0.29
17616.9,0.30
17619.0,0.30
17621.1,0.30
17623.3,0.29
17625.5,0.29
17627.7,0.29
17629.9,0.29
17632.2,0.27
17634.5,0.27
17636.8,0.27
17639.1,0.27
17641.3,0.29
17643.6,0.27
17645.9,0.27
17648.1,0.29
17650.4,0.27
17652.6,0.29
17654.9,0.27
17657.2,0.27
17659.4,0.29
17661.7,0.27
17663.9,0.29
17666.2,0.27
17668.6,0.26
17670.9,0.27
17673.2,0.27
17675.6,0.26
17678.0,0.26
17680.4,0.26
17682.7,0.27
17685.0,0.27
17687.3,0.27
17689.7,0.26
17692.1,0.26
17694.4,0.27
17696.6,0.29
17698.8,0.29
17701.1,0.27
17703.3,0.29
17705.5,0.29
17707.8,0.27
17710.2,0.26
17712.5,0.27
17714.9,0.26
17717.3,0.26
17719.7,0.26
17722.0,0.27
17724.4,0.26
17726.7,0.27
17729.1,0.26
17731.4,0.27
17733.8,0.26
17736.2,0.26
17738.5,0.27
17740.7,0.29
17742.9,0.29
17745.1,0.29
17747.3,0.29
17749.6,0.27
17751.8,0.29
17754.0,0.29
17756.3,0.27
17758.5,0.29
17760.7,0.29
17762.8,0.30
17765.0,0.29
17767.2,0.29
17769.3,0.30
17771.5,0.29
17773.6,0.30
17775.8,0.29
17777.9,0.30
17780.1,0.29
17782.3,0.29
17784.4,0.30
17786.6,0.29
17788.8,0.29
17791.1,0.27
17793.3,0.29
17795.5,0.29
17797.7,0.29
17799.9,0.29
17802.2,0.27
17804.5,0.27
17806.7,0.29
17809.0,0.27
17811.3,0.27
17813.6,0.27
17815.8,0.29
17818.1,0.27
17820.4,0.27
17822.6,0.29
17824.7,0.30
17827.0,0.27
17829.2,0.29
17831.5,0.27
17833.8,0.27
17836.1,0.27
17838.4,0.27
17840.7,0.27
17843.1,0.26
17845.4,0.27
17847.7,0.27
17849.9,0.29
17852.2,0.27
17854.4,0.29
17856.6,0.29
17858.7,0.30
17860.8,0.30
17863.0,0.29
17865.1,0.30
17867.2,0.30
17869.3,0.30
17871.5,0.29
17873.7,0.29
17875.9,0.29
17878.1,0.29
17880.3,0.29
17882.6,0.27
17884.9,0.27
17887.2,0.27
17889.4,0.29
17891.6,0.29
17893.8,0.29
17896.0,0.29
17898.2,0.29
17900.4,0.29
17902.6,0.29
17904.8,0.29
17907.0,0.29
17909.2,0.29
17911.5,0.27
17913.9,0.26
17916.2,0.27
17918.5,0.27
17920.7,0.29
17923.0,0.27
17925.2,0.29
17927.5,0.27
17929.7,0.29
17932.0,0.27
17934.3,0.27
17936.6,0.27
17938.9,0.27
17941.2,0.27
17943.4,0.29
17945.6,0.29
17947.9,0.27
17950.1,0.29
17952.3,0.29
17954.5,0.29
17956.7,0.29
17958.9,0.29
17961.2,0.27
17963.5,0.27
17965.7,0.29
17968.0,0.27
17970.2,0.29
17972.4,0.29
17974.6,0.29
17976.8,0.29
17979.0,0.29
17981.3,0.27
17983.6,0.27
17985.9,0.27
17988.2,0.27
17990.4,0.29
17992.7,0.27
17994.9,0.29
17997.2,0.27
17999.4,0.29
18001.6,0.29
18003.8,0.29
18006.2,0.26
18008.5,0.27
18010.9,0.26
18013.3,0.26
18015.6,0.27
18017.9,0.27
18020.1,0.29
18022.2,0.30
18024.5,0.27
18026.7,0.29
18028.9,0.29
18031.0,0.30
18033.2,0.29
18035.3,0.30
18037.5,0.29
18039.6,0.30
18041.7,0.30
18043.8,0.30
18046.0,0.29
18048.2,0.29
18050.3,0.30
18052.5,0.29
18054.4,0.33
18056.1,0.37
18057.9,0.35
18059.6,0.37
18061.4,0.35
18063.3,0.33
18065.3,0.31
18067.4,0.30
18069.4,0.31
18071.5,0.30
18073.7,0.29
18075.9,0.29
18078.1,0.29
18080.3,0.29
18082.4,0.30
18084.5,0.30
18086.6,0.30
18088.6,0.31
18090.5,0.33
18092.5,0.31
18094.5,0.31
18096.5,0.31
18098.5,0.31
18100.5,0.31
18102.5,0.31
18104.5,0.31
18106.5,0.31
18108.6,0.30
18110.7,0.30
18112.7,0.31
18114.8,0.30
18116.9,0.30
18119.0,0.30
18121.2,0.29
18123.3,0.30
18125.5,0.29
18127.7,0.29
18129.8,0.30
18132.0,0.29
18134.0,0.31
18136.1,0.30
18138.1,0.31
18140.0,0.33
18142.0,0.31
18144.0,0.31
18145.9,0.33
18147.8,0.33
18149.7,0.33
18151.7,0.31
18153.6,0.33
18155.6,0.31
18157.6,0.31
18159.7,0.30
18161.8,0.30
18163.8,0.31
18165.9,0.30
18167.9,0.31
18170.0,0.30
18172.1,0.30
18174.3,0.29
18176.4,0.30
18178.5,0.30
18180.7,0.29
18182.9,0.29
18185.1,0.29
18187.3,0.29
18189.5,0.29
18191.8,0.27
18194.0,0.29
18196.3,0.27
18198.6,0.27
18201.0,0.26
18203.5,0.25
18205.9,0.26
18208.3,0.26
18211.0,0.23
18213.9,0.22
18216.5,0.24
18218.9,0.26
18221.3,0.26
18223.7,0.26
18226.1,0.26
18228.6,0.25
18231.3,0.23
18234.1,0.22
18236.7,0.24
18239.1,0.26
18241.5,0.26
18243.8,0.27
18246.3,0.25
18248.8,0.25
18251.4,0.24
18254.0,0.24
18256.7,0.23
18259.3,0.24
18261.9,0.24
18264.4,0.25
18266.9,0.25
18269.4,0.25
18272.1,0.23
18275.0,0.22
18277.8,0.22
18280.4,0.24
18283.0,0.24
18285.5,0.25
18288.0,0.25
18290.6,0.24
18293.2,0.24
18295.9,0.23
18298.5,0.24
18301.1,0.24
18303.7,0.24
18306.3,0.24
18308.9,0.24
18311.4,0.25
18313.9,0.25
18316.3,0.26
18318.7,0.26
18321.0,0.27
18323.4,0.26
18325.8,0.26
18328.2,0.26
18330.5,0.27
18332.8,0.27
18335.2,0.26
18337.6,0.26
18339.9,0.27
18342.3,0.26
18344.5,0.29
18346.8,0.27
18349.2,0.26
18351.6,0.26
18354.0,0.26
18356.4,0.26
18358.7,0.27
18361.0,0.27
18363.3,0.27
18365.6,0.27
18367.8,0.29
18370.1,0.27
18372.3,0.29
18374.5,0.29
18376.7,0.29
18378.9,0.29
18381.0,0.30
18383.2,0.29
18385.4,0.29
18387.7,0.27
18389.9,0.29
18392.2,0.27
18394.4,0.29
18396.7,0.27
18399.0,0.27
18401.2,0.29
18403.4,0.29
18405.6,0.29
18407.8,0.29
18410.1,0.27
18412.3,0.29
18414.5,0.29
18416.8,0.27
18419.2,0.26
18421.5,0.27
18423.9,0.26
18426.2,0.27
18428.6,0.26
18430.8,0.29
18433.0,0.29
18435.3,0.27
18437.5,0.29
18439.8,0.27
18442.2,0.26
18444.5,0.27
18446.8,0.27
18449.1,0.27
18451.4,0.27
18453.7,0.27
18456.0,0.27
18458.2,0.29
18460.4,0.29
18462.7,0.27
18464.9,0.29
18467.2,0.27
18469.3,0.30
18471.5,0.29
18473.7,0.29
18475.9,0.29
18478.2,0.27
18480.4,0.29
18482.8,0.26
18485.2,0.26
18487.6,0.26
18490.1,0.25
18492.4,0.27
18494.8,0.26
18497.0,0.29
18499.2,0.29
18501.4,0.29
18503.7,0.27
18506.0,0.27
18508.2,0.29
18510.5,0.27
18512.7,0.29
18514.9,0.29
18517.2,0.27
18519.4,0.29
18521.6,0.29
18523.8,0.29
18526.2,0.26
18528.6,0.26
18531.0,0.26
18533.2,0.29
18535.5,0.27
18537.7,0.29
18539.9,0.29
18542.1,0.29
18544.3,0.29
18546.6,0.27
18548.8,0.29
18551.1,0.27
18553.4,0.27
18555.7,0.27
18557.9,0.29
18560.2,0.27
18562.5,0.27
18564.8,0.27
18567.0,0.29
18569.3,0.27
18571.6,0.27
18573.9,0.27
18576.1,0.29
18578.2,0.30
18580.4,0.29
18582.6,0.29
18584.8,0.29
18587.0,0.29
18589.2,0.29
18591.5,0.27
18593.8,0.27
18596.1,0.27
18598.3,0.29
18600.5,0.29
18602.7,0.29
18604.9,0.29
18607.0,0.30
18609.2,0.29
18611.4,0.29
18613.7,0.27
18616.1,0.26
18618.4,0.27
18620.7,0.27
18623.0,0.27
18625.3,0.27
18627.5,0.29
18629.7,0.29
18631.9,0.29
18634.1,0.29
18636.4,0.27
18638.7,0.27
18641.0,0.27
18643.2,0.29
18645.5,0.27
18647.9,0.26
18650.2,0.27
18652.7,0.25
18655.0,0.27
18657.3,0.27
18659.5,0.29
18661.8,0.27
18664.1,0.27
18666.4,0.27
18668.7,0.27
18671.0,0.27
18673.2,0.29
18675.5,0.27
18677.7,0.29
18680.0,0.27
18682.3,0.27
18684.5,0.29
18686.6,0.30
18688.8,0.29
18691.0,0.29
18693.1,0.30
18695.2,0.30
18697.3,0.30
18699.5,0.29
18701.5,0.31
18703.7,0.29
18705.8,0.30
18707.9,0.30
18710.1,0.29
18712.3,0.29
18714.6,0.27
18717.0,0.26
18719.5,0.25
18721.9,0.26
18724.2,0.27
18726.6,0.26
18729.0,0.26
18731.3,0.27
18733.7,0.26
18735.9,0.29
18738.2,0.27
18740.4,0.29
18742.6,0.29
18744.8,0.29
18747.1,0.27
18749.5,0.26
18751.8,0.27
18754.1,0.27
18756.3,0.29
18758.7,0.26
18761.1,0.26
18763.5,0.26
18765.8,0.27
18768.1,0.27
18770.3,0.29
18772.4,0.30
18774.7,0.27
18777.0,0.27
18779.2,0.29
18781.4,0.29
18783.6,0.29
18785.8,0.29
18788.0,0.29
18790.3,0.27
18792.5,0.29
18794.8,0.27
18797.1,0.27
18799.3,0.29
18801.5,0.29
18803.7,0.29
18805.9,0.29
18808.1,0.29
18810.3,0.29
18812.5,0.29
18814.8,0.27
18817.2,0.26
18819.6,0.26
18822.2,0.24
18824.7,0.25
18827.1,0.26
18829.5,0.26
18831.8,0.27
18834.3,0.25
18836.7,0.26
18839.0,0.27
18841.5,0.25
18843.9,0.26
18846.3,0.26
18849.0,0.23
18851.7,0.23
18854.4,0.23
18857.0,0.24
18859.7,0.23
18862.3,0.24
18865.0,0.23
18867.8,0.22
18870.6,0.22
18873.3,0.23
18875.9,0.24
18878.3,0.26
18880.8,0.25
18883.2,0.26
18885.6,0.26
18888.1,0.25
18890.6,0.25
18893.0,0.26
18895.3,0.27
18897.5,0.29
18899.8,0.27
18902.0,0.29
18904.2,0.29
18906.5,0.27
18908.8,0.27
18911.2,0.26
18913.5,0.27
18915.8,0.27
18918.0,0.29
18920.3,0.27
18922.7,0.26
18925.1,0.26
18927.5,0.26
18930.1,0.24
18932.7,0.24
18935.2,0.25
18937.6,0.26
18940.0,0.26
18942.5,0.25
18944.9,0.26
18947.3,0.26
18949.7,0.26
18952.0,0.27
18954.2,0.29
18956.4,0.29
18958.5,0.30
18960.7,0.29
18962.8,0.30
18965.1,0.27
18967.4,0.27
18969.7,0.27
18972.0,0.27
18974.2,0.29
18976.4,0.29
18978.6,0.29
18980.8,0.29
18983.0,0.29
18985.2,0.29
18987.4,0.29
18989.5,0.30
18991.8,0.27
18994.1,0.27
18996.4,0.27
18998.7,0.27
19001.0,0.27
19003.2,0.29
19005.4,0.29
19007.5,0.30
19009.7,0.29
19011.8,0.30
19013.9,0.30
19016.1,0.29
19018.3,0.29
19020.6,0.27
19022.8,0.29
19025.0,0.29
19027.2,0.29
19029.4,0.29
19031.5,0.30
19033.7,0.29
19035.8,0.30
19037.9,0.30
19040.1,0.29
19042.2,0.30
19044.4,0.29
19046.6,0.29
19048.8,0.29
19051.0,0.29
19053.2,0.29
19055.5,0.27
19057.6,0.30
19059.8,0.29
19062.1,0.27
19064.4,0.27
19066.6,0.29
19068.8,0.29
19071.1,0.27
19073.3,0.29
19075.5,0.29
19077.7,0.29
19079.9,0.29
19082.1,0.29
19084.2,0.30
19086.4,0.29
19088.6,0.29
19090.7,0.30
19092.9,0.29
19095.2,0.27
19097.4,0.29
19099.6,0.29
19101.9,0.27
19104.2,0.27
19106.4,0.29
19108.6,0.29
19110.8,0.29
19113.2,0.26
19115.5,0.27
19117.8,0.27
19120.0,0.29
19122.3,0.27
19124.6,0.27
19126.8,0.29
19129.0,0.29
19131.1,0.30
19133.2,0.30
19135.5,0.27
19137.7,0.29
19140.0,0.27
19142.3,0.27
19144.6,0.27
19146.9,0.27
19149.3,0.26
19151.6,0.27
19154.0,0.26
19156.3,0.27
19158.6,0.27
19160.9,0.27
19163.1,0.29
19165.3,0.29
19167.5,0.29
19169.8,0.27
19172.0,0.29
19174.1,0.30
19176.3,0.29
19178.5,0.29
19180.7,0.29
19182.9,0.29
19185.1,0.29
19187.3,0.29
19189.6,0.27
19191.9,0.27
19194.1,0.29
19196.4,0.27
19198.6,0.29
19200.8,0.29
19203.0,0.29
19205.2,0.29
19207.5,0.27
19209.8,0.27
19212.1,0.27
19214.5,0.26
19216.7,0.29
19218.9,0.29
19221.1,0.29
19223.2,0.30
19225.3,0.30
19227.4,0.30
19229.5,0.30
19231.6,0.30
19233.6,0.31
19235.7,0.30
19237.7,0.31
19239.8,0.30
19241.8,0.31
19243.9,0.30
19246.0,0.30
19248.1,0.30
19250.2,0.30
19252.4,0.29
19254.6,0.29
19256.8,0.29
19259.1,0.27
19261.3,0.29
19263.7,0.26
19266.0,0.27
19268.4,0.26
19270.8,0.26
19273.1,0.27
19275.5,0.26
19277.8,0.27
19280.2,0.26
19282.5,0.27
19284.8,0.27
19287.1,0.27
19289.4,0.27
19291.7,0.27
19294.0,0.27
19296.3,0.27
19298.5,0.29
19300.8,0.27
19303.1,0.27
19305.5,0.26
19307.7,0.29
19310.0,0.27
19312.4,0.26
19314.7,0.27
19317.1,0.26
19319.3,0.29
19321.5,0.29
19323.6,0.30
19325.7,0.30
19327.8,0.30
19330.0,0.29
19332.2,0.29
19334.4,0.29
19336.6,0.29
19338.8,0.29
19341.1,0.27
19343.3,0.29
19345.6,0.27
19347.8,0.29
19350.0,0.29
19352.3,0.27
19354.5,0.29
19356.6,0.30
19358.8,0.29
19361.0,0.29
19363.2,0.29
19365.4,0.29
19367.7,0.27
19370.1,0.26
19372.5,0.26
19374.9,0.26
19377.2,0.27
19379.4,0.29
19381.7,0.27
19383.9,0.29
19386.2,0.27
19388.5,0.27
19390.9,0.26
19393.3,0.26
19395.7,0.26
19398.1,0.26
19400.4,0.27
19402.6,0.29
19404.8,0.29
19407.0,0.29
19409.1,0.30
19411.4,0.27
19413.7,0.27
19416.0,0.27
19418.2,0.29
19420.5,0.27
19422.8,0.27
19425.2,0.26
19427.5,0.27
19430.0,0.25
19432.3,0.27
19434.5,0.29
19436.8,0.27
19439.0,0.29
19441.3,0.27
19443.5,0.29
19445.7,0.29
19448.0,0.27
19450.3,0.27
19452.6,0.27
19454.9,0.27
19457.2,0.27
19459.5,0.27
19461.9,0.26
19464.3,0.26
19466.7,0.26
19469.2,0.25
19471.6,0.26
19474.0,0.26
19476.5,0.25
19478.9,0.26
19481.2,0.27
19483.6,0.26
19485.9,0.27
19488.1,0.29
19490.3,0.29
19492.4,0.30
19494.5,0.30
19496.7,0.29
19498.9,0.29
19501.1,0.29
19503.3,0.29
19505.6,0.27
19507.9,0.27
19510.2,0.27
19512.5,0.27
19514.8,0.27
19517.1,0.27
19519.3,0.29
19521.5,0.29
19523.7,0.29
19525.8,0.30
19528.1,0.27
19530.3,0.29
19532.6,0.27
19534.8,0.29
19536.9,0.30
19539.0,0.30
19541.2,0.29
19543.4,0.29
19545.6,0.29
19547.8,0.29
19550.0,0.29
19552.2,0.29
19554.5,0.27
19556.8,0.27
19559.0,0.29
19561.3,0.27
19563.6,0.27
19566.0,0.26
19568.4,0.26
19570.8,0.26
19573.1,0.27
19575.3,0.29
19577.5,0.29
19579.8,0.27
19582.1,0.27
19584.3,0.29
19586.4,0.30
19588.6,0.29
19590.8,0.29
19593.0,0.29
19595.1,0.30
19597.2,0.30
19599.3,0.30
19601.4,0.30
19603.5,0.30
19605.7,0.29
19607.8,0.30
19610.0,0.29
19612.1,0.30
19614.2,0.30
19616.4,0.29
19618.6,0.29
19620.8,0.29
19623.0,0.29
19625.2,0.29
19627.3,0.30
19629.5,0.29
19631.7,0.29
19633.9,0.29
19636.2,0.27
19638.5,0.27
19640.6,0.30
19642.7,0.30
19644.8,0.30
19647.0,0.29
19649.2,0.29
19651.4,0.29
19653.6,0.29
19655.8,0.29
19658.0,0.29
19660.2,0.29
19662.5,0.27
19664.9,0.26
19667.2,0.27
19669.5,0.27
19671.7,0.29
19673.8,0.30
19676.0,0.29
19678.2,0.29
19680.4,0.29
19682.5,0.30
19684.7,0.29
19686.8,0.30
19688.8,0.31
19690.9,0.30
19693.0,0.30
19695.1,0.30
19697.1,0.31
19699.3,0.29
19701.5,0.29
19703.7,0.29
19706.0,0.27
19708.2,0.29
19710.5,0.27
19712.7,0.29
19715.0,0.27
19717.2,0.29
19719.4,0.29
19721.7,0.27
19723.9,0.29
19726.1,0.29
19728.3,0.29
19730.5,0.29
19732.7,0.29
19734.9,0.29
19737.0,0.30
19739.1,0.30
19741.3,0.29
19743.5,0.29
19745.7,0.29
19747.9,0.29
19750.0,0.30
19752.2,0.29
19754.3,0.30
19756.5,0.29
19758.6,0.30
19760.8,0.29
19763.0,0.29
19765.2,0.29
19767.5,0.27
19769.8,0.27
19772.1,0.27
19774.4,0.27
19776.6,0.29
19778.8,0.29
19781.0,0.29
19783.2,0.29
19785.5,0.27
19787.8,0.27
19790.1,0.27
19792.4,0.27
19794.6,0.29
19796.9,0.27
19799.2,0.27
19801.6,0.26
19804.0,0.26
19806.3,0.27
19808.5,0.29
19810.7,0.29
19812.9,0.29
19815.2,0.27
19817.4,0.29
19819.7,0.27
19822.0,0.27
19824.3,0.27
19826.7,0.26
19829.1,0.26
19831.5,0.26
19833.8,0.27
19836.1,0.27
19838.4,0.27
19840.8,0.26
19843.3,0.25
19845.7,0.26
19848.1,0.26
19850.4,0.27
19852.6,0.29
19854.8,0.29
19856.9,0.30
19859.1,0.29
19861.3,0.29
19863.5,0.29
19865.7,0.29
19867.9,0.29
19870.1,0.29
19872.3,0.29
19874.6,0.27
19876.8,0.29
19879.0,0.29
19881.3,0.27
19883.6,0.27
19885.9,0.27
19888.3,0.26
19890.6,0.27
19892.9,0.27
19895.2,0.27
19897.4,0.29
19899.5,0.30
19901.8,0.27
19904.0,0.29
19906.4,0.26
19908.7,0.27
19911.1,0.26
19913.5,0.26
19915.8,0.27
19918.0,0.29
19920.3,0.27
19922.5,0.29
19924.7,0.29
19927.0,0.27
19929.2,0.29
19931.4,0.29
19933.6,0.29
19935.9,0.27
19938.1,0.29
19940.2,0.30
19942.5,0.27
19944.7,0.29
19946.9,0.29
19949.1,0.29
19951.4,0.27
19953.7,0.27
19956.1,0.26
19958.5,0.26
19960.5,0.31
19962.5,0.31
19964.4,0.33
19966.3,0.33
19968.3,0.31
19970.3,0.31
19972.3,0.31
19974.2,0.33
19976.2,0.31
19978.2,0.31
19980.2,0.31
19982.2,0.31
19984.1,0.33
19986.0,0.33
19988.0,0.31
19989.9,0.33
19991.8,0.33
19993.8,0.31
19995.7,0.33
19997.7,0.31
19999.6,0.33
20001.6,0.31
20003.6,0.31
20005.7,0.30
20007.7,0.31
20009.5,0.35
20011.1,0.39
20012.8,0.37
20014.4,0.39
20016.1,0.37
20017.8,0.37
20019.6,0.35
20021.6,0.31
20023.7,0.30
20025.8,0.30
20027.9,0.30
20030.0,0.30
20032.1,0.30
20034.3,0.29
20036.4,0.30
20038.5,0.30
20040.6,0.30
20042.7,0.30
20044.7,0.31
20046.8,0.30
20048.8,0.31
20050.8,0.31
20052.7,0.33
20054.7,0.31
20056.8,0.30
20058.9,0.30
20061.0,0.30
20063.1,0.30
20065.2,0.30
20067.2,0.31
20069.2,0.31
20071.2,0.31
20073.2,0.31
20075.2,0.31
20077.0,0.35
20078.9,0.33
20080.7,0.35
20082.5,0.35
20084.4,0.33
20086.2,0.35
20088.2,0.31
20090.1,0.33
20092.0,0.33
20093.8,0.35
20095.6,0.35
20097.2,0.39
20098.9,0.37
20100.5,0.39
20102.2,0.37
20103.9,0.37
20105.7,0.35
20107.5,0.35
20109.4,0.33
20111.4,0.31
20113.3,0.33
20115.3,0.31
20117.3,0.31
20119.4,0.30
20121.5,0.30
20123.5,0.31
20125.7,0.29
20127.9,0.29
20130.1,0.29
20132.4,0.27
20134.7,0.27
20136.9,0.29
20139.2,0.27
20141.6,0.26
20143.9,0.27
20146.2,0.27
20148.5,0.27
20150.8,0.27
20153.0,0.29
20155.3,0.27
20157.5,0.29
20159.8,0.27
20162.0,0.29
20164.2,0.29
20166.3,0.30
20168.5,0.29
20170.6,0.30
20172.8,0.29
20174.9,0.30
20177.0,0.30
20179.1,0.30
20181.3,0.29
20183.5,0.29
20185.8,0.27
20188.0,0.29
20190.2,0.29
20192.5,0.27
20194.7,0.29
20197.1,0.26
20199.5,0.26
20201.8,0.27
20204.2,0.26
20206.8,0.24
20209.4,0.24
20212.1,0.23
20214.7,0.24
20217.2,0.25
20219.8,0.24
20222.4,0.24
20224.9,0.25
20227.4,0.25
20230.0,0.24
20232.6,0.24
20235.2,0.24
20237.7,0.25
20240.3,0.24
20243.0,0.23
20245.6,0.24
20248.2,0.24
20250.7,0.25
20253.2,0.25
20255.6,0.26
20258.1,0.25
20260.6,0.25
20263.2,0.24
20265.7,0.25
20268.3,0.24
20270.9,0.24
20273.7,0.22
20276.5,0.22
20279.2,0.23
20281.7,0.25
20284.3,0.24
20286.8,0.25
20289.5,0.23
20292.1,0.24
20294.6,0.25
20297.1,0.25
20299.6,0.25
20302.1,0.25
20304.6,0.25
20307.1,0.25
20309.6,0.25
20312.0,0.26
20314.5,0.25
20317.0,0.25
20319.5,0.25
20322.0,0.25
20324.5,0.25
20326.9,0.26
20329.3,0.26
20331.7,0.26
20334.2,0.25
20336.7,0.25
20339.2,0.25
20341.5,0.27
20343.9,0.26
20346.3,0.26
20348.7,0.26
20351.2,0.25
20353.5,0.27
20355.9,0.26
20358.2,0.27
20360.6,0.26
20362.8,0.29
20365.2,0.26
20367.5,0.27
20369.9,0.26
20372.3,0.26
20374.8,0.25
20377.2,0.26
20379.7,0.25
20382.0,0.27
20384.4,0.26
20386.7,0.27
20389.0,0.27
20391.3,0.27
20393.6,0.27
20395.9,0.27
20398.1,0.29
20400.5,0.26
20402.8,0.27
20405.1,0.27
20407.5,0.26
20409.8,0.27
20412.1,0.27
20414.2,0.30
20416.4,0.29
20418.6,0.29
20420.8,0.29
20423.0,0.29
20425.2,0.29
20427.4,0.29
20429.5,0.30
20431.6,0.30
20433.7,0.30
20435.9,0.29
20438.1,0.29
20440.3,0.29
20442.5,0.29
20444.6,0.30
20446.9,0.27
20449.3,0.26
20451.5,0.29
20453.4,0.33
20455.2,0.35
20457.1,0.33
20458.9,0.35
20460.8,0.33
20462.7,0.33
20464.7,0.31
20466.8,0.30
20468.8,0.31
20470.9,0.30
20473.1,0.29
20475.2,0.30
20477.3,0.30
20479.4,0.30
20481.5,0.30
20483.7,0.29
20485.9,0.29
20488.1,0.29
20490.3,0.29
20492.5,0.29
20494.7,0.29
20496.9,0.29
20499.2,0.27
20501.4,0.29
20503.8,0.26
20506.1,0.27
20508.4,0.27
20510.7,0.27
20512.9,0.29
20515.2,0.27
20517.3,0.30
20519.4,0.30
20521.5,0.30
20523.5,0.31
20525.6,0.30
20527.7,0.30
20529.8,0.30
20531.9,0.30
20534.1,0.29
20536.4,0.27
20538.6,0.29
20540.8,0.29
20542.9,0.30
20545.0,0.30
20547.2,0.29
20549.4,0.29
20551.6,0.29
20553.8,0.29
20555.9,0.30
20558.0,0.30
20560.1,0.30
20562.2,0.30
20564.4,0.29
20566.5,0.30
20568.7,0.29
20570.8,0.30
20573.1,0.27
20575.3,0.29
20577.5,0.29
20579.6,0.30
20581.8,0.29
20583.9,0.30
20586.1,0.29
20588.3,0.29
20590.5,0.29
20592.7,0.29
20594.9,0.29
20597.2,0.27
20599.4,0.29
20601.6,0.29
20603.8,0.29
20606.1,0.27
20608.5,0.26
20610.8,0.27
20613.2,0.26
20615.5,0.27
20617.8,0.27
20620.2,0.26
20622.5,0.27
20624.8,0.27
20627.2,0.26
20629.5,0.27
20631.7,0.29
20633.9,0.29
20636.2,0.27
20638.5,0.27
20640.8,0.27
20643.0,0.29
20645.2,0.29
20647.5,0.27
20649.7,0.29
20652.0,0.27
20654.4,0.26
20656.7,0.27
20659.2,0.25
20661.5,0.27
20663.8,0.27
20666.2,0.26
20668.5,0.27
20670.8,0.27
20673.1,0.27
20675.5,0.26
20677.8,0.27
20680.1,0.27
20682.3,0.29
20684.7,0.26
20687.1,0.26
20689.5,0.26
20691.8,0.27
20694.1,0.27
20696.4,0.27
20698.6,0.29
20700.8,0.29
20703.0,0.29
20705.1,0.30
20707.3,0.29
20709.5,0.29
20711.8,0.27
20714.0,0.29
20716.2,0.29
20718.5,0.27
20720.7,0.29
20722.9,0.29
20725.1,0.29
20727.4,0.27
20729.6,0.29
20732.0,0.26
20734.3,0.27
20736.7,0.26
20739.1,0.26
20741.7,0.24
20744.2,0.25
20746.7,0.25
20749.2,0.25
20751.7,0.25
20754.1,0.26
20756.5,0.26
20758.8,0.27
20761.0,0.29
20763.2,0.29
20765.4,0.29
20767.7,0.27
20770.0,0.27
20772.3,0.27
20774.7,0.26
20777.1,0.26
20779.5,0.26
20781.8,0.27
20784.1,0.27
20786.2,0.30
20788.4,0.29
20790.6,0.29
20792.8,0.29
20795.0,0.29
20797.2,0.29
20799.4,0.29
20801.6,0.29
20803.8,0.29
20806.0,0.29
20808.1,0.30
20810.3,0.29
20812.5,0.29
20814.7,0.29
20816.9,0.29
20819.1,0.29
20821.4,0.27
20823.7,0.27
20826.0,0.27
20828.2,0.29
20830.5,0.27
20832.8,0.27
20835.1,0.27
20837.5,0.26
20839.9,0.26
20842.3,0.26
20844.8,0.25
20847.3,0.25
20849.8,0.25
20852.2,0.26
20854.6,0.26
20857.0,0.26
20859.3,0.27
20861.6,0.27
20864.0,0.26
20866.4,0.26
20868.9,0.25
20871.5,0.24
20873.9,0.26
20876.3,0.26
20878.7,0.26
20881.0,0.27
20883.4,0.26
20885.7,0.27
20888.0,0.27
20890.3,0.27
20892.6,0.27
20895.0,0.26
20897.4,0.26
20899.9,0.25
20902.3,0.26
20904.8,0.25
20907.3,0.25
20910.0,0.23
20912.7,0.23
20915.2,0.25
20917.6,0.26
20919.9,0.27
20922.4,0.25
20924.8,0.26
20927.3,0.25
20929.8,0.25
20932.1,0.27
20934.5,0.26
20936.8,0.27
20939.2,0.26
20941.5,0.27
20943.9,0.26
20946.3,0.26
20948.8,0.25
20951.2,0.26
20953.5,0.27
20956.0,0.25
20958.5,0.25
20961.1,0.24
20963.7,0.24
20966.4,0.23
20969.1,0.23
20971.8,0.23
20974.5,0.23
20977.1,0.24
20979.7,0.24
20982.5,0.22
20985.2,0.23
20988.0,0.22
20991.0,0.21
20993.8,0.22
20996.5,0.23
20999.3,0.22
21002.5,0.20
0.0,0.00
