55.8,0.42
57.1,0.48
58.3,0.52
59.4,0.57
60.5,0.57
61.6,0.57
62.9,0.48
64.2,0.48
65.5,0.48
67.0,0.42
68.5,0.42
70.0,0.42
71.6,0.39
73.1,0.42
74.6,0.42
76.2,0.39
77.7,0.42
79.3,0.39
80.9,0.39
82.5,0.39
84.2,0.37
85.8,0.39
87.4,0.39
88.8,0.45
90.2,0.45
91.6,0.45
93.0,0.45
94.4,0.45
95.8,0.45
97.3,0.42
98.8,0.42
100.3,0.42
101.8,0.42
103.3,0.42
104.9,0.39
106.4,0.42
108.0,0.39
109.5,0.42
111.2,0.37
112.8,0.39
114.4,0.39
116.0,0.39
117.7,0.37
119.3,0.39
120.9,0.39
122.5,0.39
124.1,0.39
125.7,0.39
127.2,0.42
128.8,0.39
130.4,0.39
132.0,0.39
133.6,0.39
135.2,0.39
136.9,0.37
138.6,0.37
140.2,0.39
141.9,0.37
143.6,0.37
145.3,0.37
147.0,0.37
148.7,0.37
150.3,0.39
151.9,0.39
153.6,0.37
155.2,0.39
156.8,0.39
158.3,0.42
159.9,0.39
161.5,0.39
163.1,0.39
164.7,0.39
166.3,0.39
167.9,0.39
169.5,0.39
171.1,0.39
172.7,0.39
174.3,0.39
175.9,0.39
177.4,0.42
178.9,0.42
180.3,0.45
181.8,0.42
183.3,0.42
184.8,0.42
186.3,0.42
187.8,0.42
189.3,0.42
190.9,0.39
192.3,0.45
193.8,0.42
195.3,0.42
196.7,0.45
198.2,0.42
199.7,0.42
201.2,0.42
202.7,0.42
204.2,0.42
205.7,0.42
207.2,0.42
208.6,0.45
210.0,0.45
211.4,0.45
212.9,0.42
214.3,0.45
215.8,0.42
217.2,0.45
218.6,0.45
220.1,0.42
221.5,0.45
223.0,0.42
224.5,0.42
226.1,0.39
227.6,0.42
229.2,0.39
230.9,0.37
232.5,0.39
234.2,0.37
235.9,0.37
237.7,0.35
239.4,0.37
241.1,0.37
242.7,0.39
244.3,0.39
246.0,0.37
247.7,0.37
249.3,0.39
251.0,0.37
252.6,0.39
254.2,0.39
255.8,0.39
257.5,0.37
259.1,0.39
260.8,0.37
262.4,0.39
264.0,0.39
265.6,0.39
267.3,0.37
269.0,0.37
270.7,0.37
272.4,0.37
274.1,0.37
275.7,0.39
277.4,0.37
279.1,0.37
280.8,0.37
282.4,0.39
284.1,0.37
285.7,0.39
287.3,0.39
288.9,0.39
290.4,0.42
292.0,0.39
293.6,0.39
295.2,0.39
296.8,0.39
298.4,0.39
300.0,0.39
301.6,0.39
303.2,0.39
304.8,0.39
306.5,0.37
308.2,0.37
310.0,0.35
311.7,0.37
313.5,0.35
315.2,0.37
316.9,0.37
318.6,0.37
320.3,0.37
321.9,0.39
323.6,0.37
325.2,0.39
326.9,0.37
328.7,0.35
330.4,0.37
332.1,0.37
333.8,0.37
335.4,0.39
337.0,0.39
338.6,0.39
340.2,0.39
341.8,0.39
343.4,0.39
344.9,0.42
346.6,0.37
348.2,0.39
349.8,0.39
351.4,0.39
352.9,0.42
354.5,0.39
356.1,0.39
357.7,0.39
359.3,0.39
360.9,0.39
362.5,0.39
364.1,0.39
365.6,0.42
367.2,0.39
368.8,0.39
370.4,0.39
372.0,0.39
373.6,0.39
375.2,0.39
376.8,0.39
378.4,0.39
380.0,0.39
381.6,0.39
383.1,0.42
384.7,0.39
386.3,0.39
387.9,0.39
389.4,0.42
391.0,0.39
392.6,0.39
394.1,0.42
395.7,0.39
397.2,0.42
398.8,0.39
400.4,0.39
402.0,0.39
403.6,0.39
405.2,0.39
406.9,0.37
408.5,0.39
410.1,0.39
411.7,0.39
413.3,0.39
414.8,0.42
416.4,0.39
418.0,0.39
419.6,0.39
421.2,0.39
422.8,0.39
424.4,0.39
426.1,0.37
427.7,0.39
429.3,0.39
431.0,0.37
432.6,0.39
434.2,0.39
435.9,0.37
437.5,0.39
439.2,0.37
440.8,0.39
442.5,0.37
444.1,0.39
445.8,0.37
447.4,0.39
449.0,0.39
450.6,0.39
452.2,0.39
453.8,0.39
455.4,0.39
457.0,0.39
458.6,0.39
460.2,0.39
461.8,0.39
463.3,0.42
464.9,0.39
466.5,0.39
468.1,0.39
469.6,0.42
471.2,0.39
472.8,0.39
474.4,0.39
475.9,0.42
477.6,0.37
479.2,0.39
480.8,0.39
482.4,0.39
483.9,0.42
485.5,0.39
487.1,0.39
488.7,0.39
490.3,0.39
491.9,0.39
493.4,0.42
495.0,0.39
496.6,0.39
498.1,0.42
499.7,0.39
501.2,0.42
502.8,0.39
504.4,0.39
506.1,0.37
507.8,0.37
509.4,0.39
511.1,0.37
512.7,0.39
514.3,0.39
515.9,0.39
517.5,0.39
519.2,0.37
520.8,0.39
522.5,0.37
524.1,0.39
525.7,0.39
527.3,0.39
529.0,0.37
530.6,0.39
532.3,0.37
534.0,0.37
535.6,0.39
537.2,0.39
538.9,0.37
540.5,0.39
542.2,0.37
543.8,0.39
545.5,0.37
547.1,0.39
548.8,0.37
550.4,0.39
552.0,0.39
553.6,0.39
555.2,0.39
556.8,0.39
558.4,0.39
560.0,0.39
561.5,0.42
563.1,0.39
564.7,0.39
566.2,0.42
567.7,0.42
569.3,0.39
570.9,0.39
572.5,0.39
574.2,0.37
575.9,0.37
577.5,0.39
579.1,0.39
580.7,0.39
582.4,0.37
584.0,0.39
585.6,0.39
587.2,0.39
588.8,0.39
590.4,0.39
592.0,0.39
593.6,0.39
595.2,0.39
596.8,0.39
598.4,0.39
600.0,0.39
601.6,0.39
603.3,0.37
604.9,0.39
606.5,0.39
608.2,0.37
609.8,0.39
611.4,0.39
613.1,0.37
614.7,0.39
616.3,0.39
617.9,0.39
619.4,0.42
621.0,0.39
622.6,0.39
624.1,0.42
625.7,0.39
627.3,0.39
628.9,0.39
630.4,0.42
632.0,0.39
633.5,0.42
635.1,0.39
636.6,0.42
638.2,0.39
639.8,0.39
641.4,0.39
643.0,0.39
644.7,0.37
646.4,0.37
648.0,0.39
649.7,0.37
651.3,0.39
652.9,0.39
654.5,0.39
656.1,0.39
657.7,0.39
659.3,0.39
660.8,0.42
662.4,0.39
663.9,0.42
665.4,0.42
666.9,0.42
668.5,0.39
670.0,0.42
671.5,0.42
673.0,0.42
674.6,0.39
676.2,0.39
677.7,0.42
679.3,0.39
680.8,0.42
682.3,0.42
683.9,0.39
685.5,0.39
687.1,0.39
688.6,0.42
690.2,0.39
691.8,0.39
693.4,0.39
695.0,0.39
696.7,0.37
698.3,0.39
700.0,0.37
701.6,0.39
703.3,0.37
705.0,0.37
706.6,0.39
708.2,0.39
709.9,0.37
711.5,0.39
713.1,0.39
714.7,0.39
716.3,0.39
717.9,0.39
719.5,0.39
721.1,0.39
722.8,0.37
724.4,0.39
726.0,0.39
727.5,0.42
729.1,0.39
730.8,0.37
732.4,0.39
734.0,0.39
735.6,0.39
737.2,0.39
738.8,0.39
740.4,0.39
742.0,0.39
743.6,0.39
745.3,0.37
746.9,0.39
748.6,0.37
750.3,0.37
752.0,0.37
753.7,0.37
755.4,0.37
757.1,0.37
758.7,0.39
760.4,0.37
762.0,0.39
763.7,0.37
765.4,0.37
767.0,0.39
768.6,0.39
770.3,0.37
771.9,0.39
773.5,0.39
775.1,0.39
776.7,0.39
778.3,0.39
780.0,0.37
781.6,0.39
783.3,0.37
785.0,0.37
786.7,0.37
788.4,0.37
790.0,0.39
791.7,0.37
793.4,0.37
795.0,0.39
796.7,0.37
798.3,0.39
800.0,0.37
801.6,0.39
803.3,0.37
805.0,0.37
806.7,0.37
808.4,0.37
810.0,0.39
811.5,0.42
812.8,0.48
814.1,0.48
815.4,0.48
816.7,0.48
818.0,0.48
819.3,0.48
820.6,0.48
821.9,0.48
823.2,0.48
824.5,0.48
825.9,0.45
827.2,0.48
828.5,0.48
829.8,0.48
831.1,0.48
832.4,0.48
833.7,0.48
835.0,0.48
836.2,0.52
837.5,0.48
838.8,0.48
840.1,0.48
841.4,0.48
842.7,0.48
844.1,0.45
845.6,0.42
847.0,0.45
848.5,0.42
850.0,0.42
851.5,0.42
853.0,0.42
854.4,0.45
855.9,0.42
857.3,0.45
858.8,0.42
860.3,0.42
861.8,0.42
863.3,0.42
864.9,0.39
866.4,0.42
868.0,0.39
869.6,0.39
871.2,0.39
872.8,0.39
874.4,0.39
876.0,0.39
877.6,0.39
879.2,0.39
880.8,0.39
882.4,0.39
884.0,0.39
885.7,0.37
887.3,0.39
888.9,0.39
890.5,0.39
892.2,0.37
893.8,0.39
895.4,0.39
897.0,0.39
898.6,0.39
900.2,0.39
901.7,0.42
903.2,0.42
904.7,0.42
906.2,0.42
907.7,0.42
909.2,0.42
910.7,0.42
912.2,0.42
913.8,0.39
915.4,0.39
917.0,0.39
918.5,0.42
920.1,0.39
921.7,0.39
923.4,0.37
925.0,0.39
926.7,0.37
928.4,0.37
930.1,0.37
931.8,0.37
933.5,0.37
935.2,0.37
937.0,0.35
938.8,0.35
940.5,0.37
942.3,0.35
944.0,0.37
945.8,0.35
947.5,0.37
949.3,0.35
951.1,0.35
952.9,0.35
954.8,0.33
956.6,0.35
958.5,0.33
960.4,0.33
962.3,0.33
964.2,0.33
966.0,0.35
967.9,0.33
969.8,0.33
971.6,0.35
973.5,0.33
975.3,0.35
977.1,0.35
978.9,0.35
980.7,0.35
982.5,0.35
984.3,0.35
986.1,0.35
987.9,0.35
989.8,0.33
991.6,0.35
993.4,0.35
995.2,0.35
997.0,0.35
998.8,0.35
1000.6,0.35
1002.4,0.35
1004.1,0.37
1005.9,0.35
1007.8,0.33
1009.6,0.35
1011.5,0.33
1013.3,0.35
1015.1,0.35
1016.8,0.37
1018.5,0.37
1020.3,0.35
1022.0,0.37
1023.8,0.35
1025.6,0.35
1027.4,0.35
1029.2,0.35
1030.9,0.37
1032.7,0.35
1034.5,0.35
1036.2,0.37
1038.0,0.35
1039.8,0.35
1041.7,0.33
1043.5,0.35
1045.3,0.35
1047.1,0.35
1048.9,0.35
1050.7,0.35
1052.5,0.35
1054.3,0.35
1056.2,0.33
1058.1,0.33
1059.9,0.35
1061.8,0.33
1063.6,0.35
1065.4,0.35
1067.2,0.35
1069.1,0.33
1070.9,0.35
1072.7,0.35
1074.5,0.35
1076.3,0.35
1078.1,0.35
1079.9,0.35
1081.7,0.35
1083.5,0.35
1085.3,0.35
1087.2,0.33
1089.0,0.35
1090.8,0.35
1092.6,0.35
1094.5,0.33
1096.3,0.35
1098.2,0.33
1100.0,0.35
1101.9,0.33
1103.8,0.33
1105.6,0.35
1107.5,0.33
1109.4,0.33
1111.3,0.33
1113.2,0.33
1115.0,0.35
1116.8,0.35
1118.6,0.35
1120.3,0.37
1122.1,0.35
1123.8,0.37
1125.6,0.35
1127.4,0.35
1129.1,0.37
1130.9,0.35
1132.7,0.35
1134.4,0.37
1136.2,0.35
1137.9,0.37
1139.7,0.35
1141.5,0.35
1143.2,0.37
1145.0,0.35
1146.8,0.35
1148.6,0.35
1150.4,0.35
1152.2,0.35
1154.0,0.35
1155.7,0.37
1157.5,0.35
1159.3,0.35
1161.1,0.35
1162.9,0.35
1164.7,0.35
1166.5,0.35
1168.4,0.33
1170.2,0.35
1172.0,0.35
1173.8,0.35
1175.7,0.33
1177.5,0.35
1179.4,0.33
1181.3,0.33
1183.1,0.35
1185.0,0.33
1186.8,0.35
1188.7,0.33
1190.5,0.35
1192.4,0.33
1194.3,0.33
1196.1,0.35
1197.9,0.35
1199.8,0.33
1201.5,0.37
1203.4,0.33
1205.2,0.35
1207.1,0.33
1209.0,0.33
1210.9,0.33
1212.8,0.33
1214.7,0.33
1216.6,0.33
1218.6,0.31
1220.5,0.33
1222.5,0.31
1224.5,0.31
1226.5,0.31
1228.5,0.31
1230.4,0.33
1232.4,0.31
1234.3,0.33
1236.2,0.33
1238.1,0.33
1240.0,0.33
1242.0,0.31
1243.9,0.33
1245.8,0.33
1247.8,0.31
1249.7,0.33
1251.7,0.31
1253.6,0.33
1255.6,0.31
1257.5,0.33
1259.5,0.31
1261.5,0.31
1263.4,0.33
1265.3,0.33
1267.3,0.31
1269.2,0.33
1271.2,0.31
1273.1,0.33
1275.0,0.33
1276.9,0.33
1278.8,0.33
1280.6,0.35
1282.4,0.35
1284.3,0.33
1286.2,0.33
1288.0,0.35
1290.0,0.31
1291.9,0.33
1293.8,0.33
1295.8,0.31
1297.7,0.33
1299.7,0.31
1301.7,0.31
1303.7,0.31
1305.6,0.33
1307.6,0.31
1309.6,0.31
1311.6,0.31
1313.6,0.31
1315.6,0.31
1317.6,0.31
1319.6,0.31
1321.5,0.33
1323.5,0.31
1325.4,0.33
1327.3,0.33
1329.3,0.31
1331.3,0.31
1333.3,0.31
1335.3,0.31
1337.3,0.31
1339.2,0.33
1341.2,0.31
1343.2,0.31
1345.2,0.31
1347.2,0.31
1349.1,0.33
1351.1,0.31
1353.1,0.31
1355.2,0.30
1357.2,0.31
1359.2,0.31
1361.2,0.31
1363.2,0.31
1365.2,0.31
1367.2,0.31
1369.3,0.30
1371.3,0.31
1373.4,0.30
1375.5,0.30
1377.5,0.31
1379.6,0.30
1381.7,0.30
1383.8,0.30
1385.9,0.30
1388.0,0.30
1390.0,0.31
1392.0,0.31
1394.0,0.31
1396.0,0.31
1398.0,0.31
1400.1,0.30
1402.1,0.31
1404.2,0.30
1406.2,0.31
1408.3,0.30
1410.4,0.30
1412.5,0.30
1414.5,0.31
1416.6,0.30
1418.6,0.31
1420.6,0.31
1422.6,0.31
1424.6,0.31
1426.6,0.31
1428.7,0.30
1430.8,0.30
1432.9,0.30
1434.9,0.31
1436.8,0.33
1438.8,0.31
1440.9,0.30
1443.0,0.30
1445.1,0.30
1447.2,0.30
1449.3,0.30
1451.3,0.31
1453.3,0.31
1455.4,0.30
1457.4,0.31
1459.5,0.30
1461.5,0.31
1463.6,0.30
1465.6,0.31
1467.7,0.30
1469.7,0.31
1471.8,0.30
1474.0,0.29
1476.1,0.30
1478.2,0.30
1480.3,0.30
1482.5,0.29
1484.5,0.31
1486.6,0.30
1488.5,0.33
1490.5,0.31
1492.4,0.33
1494.3,0.33
1496.2,0.33
1498.2,0.31
1500.2,0.31
1502.2,0.31
1504.2,0.31
1506.2,0.31
1508.2,0.31
1510.3,0.30
1512.4,0.30
1514.5,0.30
1516.6,0.30
1518.7,0.30
1520.8,0.30
1523.0,0.29
1525.1,0.30
1527.3,0.29
1529.4,0.30
1531.4,0.31
1533.2,0.35
1534.8,0.39
1536.5,0.37
1538.2,0.37
1539.9,0.37
1541.5,0.39
1543.2,0.37
1544.9,0.37
1546.7,0.35
1548.4,0.37
1550.1,0.37
1551.9,0.35
1553.5,0.39
1555.2,0.37
1557.0,0.35
1558.8,0.35
1560.5,0.37
1562.3,0.35
1564.1,0.35
1565.8,0.37
1567.7,0.33
1569.5,0.35
1571.2,0.37
1572.9,0.37
1574.6,0.37
1576.3,0.37
1578.0,0.37
1579.8,0.35
1581.7,0.33
1583.7,0.31
1585.7,0.31
1587.7,0.31
1589.7,0.31
1591.8,0.30
1593.8,0.31
1595.8,0.31
1597.8,0.31
1599.8,0.31
1601.8,0.31
1603.8,0.31
1605.8,0.31
1607.9,0.30
1610.0,0.30
1612.1,0.30
1614.2,0.30
1616.4,0.29
1618.5,0.30
1620.7,0.29
1623.0,0.27
1625.2,0.29
1627.4,0.29
1629.6,0.29
1631.8,0.29
1634.1,0.27
1636.3,0.29
1638.6,0.27
1640.9,0.27
1643.1,0.29
1645.3,0.29
1647.6,0.27
1649.8,0.29
1652.0,0.29
1654.2,0.29
1656.4,0.29
1658.6,0.29
1660.8,0.29
1663.0,0.29
1665.1,0.30
1667.3,0.29
1669.6,0.27
1671.8,0.29
1674.0,0.29
1676.2,0.29
1678.4,0.29
1680.6,0.29
1682.9,0.27
1685.2,0.27
1687.4,0.29
1689.6,0.29
1691.9,0.27
1694.2,0.27
1696.5,0.27
1698.8,0.27
1701.1,0.27
1703.4,0.27
1705.6,0.29
1707.9,0.27
1710.1,0.29
1712.3,0.29
1714.5,0.29
1716.8,0.27
1719.0,0.29
1721.3,0.27
1723.5,0.29
1725.8,0.27
1728.0,0.29
1730.2,0.29
1732.3,0.30
1734.5,0.29
1736.8,0.27
1739.0,0.29
1741.1,0.30
1743.3,0.29
1745.4,0.30
1747.6,0.29
1749.8,0.29
1752.0,0.29
1754.3,0.27
1756.6,0.27
1758.9,0.27
1761.3,0.26
1763.6,0.27
1766.0,0.26
1768.3,0.27
1770.7,0.26
1773.1,0.26
1775.5,0.26
1777.8,0.27
1780.1,0.27
1782.4,0.27
1784.7,0.27
1787.0,0.27
1789.3,0.27
1791.6,0.27
1793.9,0.27
1796.2,0.27
1798.5,0.27
1800.8,0.27
1803.1,0.27
1805.4,0.27
1807.7,0.27
1809.9,0.29
1812.1,0.29
1814.4,0.27
1816.7,0.27
1819.1,0.26
1821.5,0.26
1823.9,0.26
1826.3,0.26
1828.7,0.26
1831.0,0.27
1833.2,0.29
1835.5,0.27
1837.8,0.27
1840.1,0.27
1842.4,0.27
1844.9,0.25
1847.3,0.26
1849.8,0.25
1852.3,0.25
1854.6,0.27
1856.9,0.27
1859.2,0.27
1861.6,0.26
1864.1,0.25
1866.5,0.26
1868.9,0.26
1871.3,0.26
1873.7,0.26
1876.2,0.25
1878.5,0.27
1880.9,0.26
1883.3,0.26
1885.7,0.26
1888.2,0.25
1890.6,0.26
1893.0,0.26
1895.4,0.26
1897.8,0.26
1900.1,0.27
1902.5,0.26
1904.9,0.26
1907.3,0.26
1909.8,0.25
1912.2,0.26
1914.6,0.26
1917.0,0.26
1919.3,0.27
1921.8,0.25
1924.2,0.26
1926.7,0.25
1929.1,0.26
1931.5,0.26
1933.9,0.26
1936.4,0.25
1938.8,0.26
1941.2,0.26
1943.6,0.26
1946.0,0.26
1948.5,0.25
1950.8,0.27
1953.1,0.27
1955.4,0.27
1957.8,0.26
1960.1,0.27
1962.4,0.27
1964.7,0.27
1967.0,0.27
1969.2,0.29
1971.6,0.26
1974.0,0.26
1976.4,0.26
1978.8,0.26
1981.2,0.26
1983.6,0.26
1986.0,0.26
1988.4,0.26
1990.7,0.27
1993.0,0.27
1995.4,0.26
1997.8,0.26
2000.1,0.27
2002.4,0.27
2004.6,0.29
2006.9,0.27
2009.2,0.27
2011.5,0.27
2013.8,0.27
2016.3,0.25
2018.9,0.24
2021.4,0.25
2023.9,0.25
2026.3,0.26
2028.7,0.26
2031.2,0.25
2033.6,0.26
2036.1,0.25
2038.4,0.27
2040.8,0.26
2043.1,0.27
2045.4,0.27
2047.8,0.26
2050.2,0.26
2052.7,0.25
2055.2,0.25
2057.7,0.25
2060.2,0.25
2062.6,0.26
2065.1,0.25
2067.5,0.26
2069.9,0.26
2072.4,0.25
2074.9,0.25
2077.4,0.25
2079.8,0.26
2082.2,0.26
2084.7,0.25
2087.1,0.26
2089.5,0.26
2091.9,0.26
2094.3,0.26
2096.7,0.26
2098.9,0.29
2101.3,0.26
2103.6,0.27
2106.0,0.26
2108.4,0.26
2110.8,0.26
2113.2,0.26
2115.5,0.27
2117.8,0.27
2120.1,0.27
2122.3,0.29
2124.5,0.29
2126.8,0.27
2129.1,0.27
2131.4,0.27
2133.7,0.27
2136.0,0.27
2138.4,0.26
2140.8,0.26
2143.3,0.25
2145.8,0.25
2148.3,0.25
2150.7,0.26
2153.1,0.26
2155.4,0.27
2157.8,0.26
2160.2,0.26
2162.5,0.27
2164.9,0.26
2167.3,0.26
2169.7,0.26
2172.1,0.26
2174.5,0.26
2176.8,0.27
2179.2,0.26
2181.5,0.27
2183.9,0.26
2186.3,0.26
2188.8,0.25
2191.3,0.25
2193.9,0.24
2196.3,0.26
2198.2,0.33
2200.1,0.33
2201.8,0.37
2203.7,0.33
2205.6,0.33
2207.6,0.31
2209.5,0.33
2211.4,0.33
2213.4,0.31
2215.4,0.31
2217.4,0.31
2219.4,0.31
2221.5,0.30
2223.6,0.30
2225.5,0.33
2227.5,0.31
2229.6,0.30
2231.7,0.30
2233.9,0.29
2236.1,0.29
2238.2,0.30
2240.4,0.29
2242.6,0.29
2244.8,0.29
2246.9,0.30
2249.0,0.30
2251.2,0.29
2253.3,0.30
2255.5,0.29
2257.7,0.29
2259.9,0.29
2262.0,0.30
2264.2,0.29
2266.3,0.30
2268.5,0.29
2270.8,0.27
2273.1,0.27
2275.4,0.27
2277.7,0.27
2280.0,0.27
2281.9,0.33
2283.8,0.33
2285.8,0.31
2287.8,0.31
2289.9,0.30
2292.0,0.30
2294.2,0.29
2296.5,0.27
2298.9,0.26
2301.3,0.26
2303.8,0.25
2306.2,0.26
2308.7,0.25
2311.2,0.25
2313.8,0.24
2316.4,0.24
2319.1,0.23
2321.6,0.25
2324.0,0.26
2326.5,0.25
2329.1,0.24
2331.6,0.25
2334.1,0.25
2336.6,0.25
2339.1,0.25
2341.6,0.25
2344.2,0.24
2346.8,0.24
2349.4,0.24
2352.0,0.24
2354.7,0.23
2357.4,0.23
2360.2,0.22
2362.9,0.23
2365.5,0.24
2368.1,0.24
2370.7,0.24
2373.2,0.25
2375.8,0.24
2378.3,0.25
2380.9,0.24
2383.4,0.25
2385.9,0.25
2388.5,0.24
2391.2,0.23
2393.9,0.23
2396.5,0.24
2399.1,0.24
2401.6,0.25
2404.3,0.23
2406.9,0.24
2409.6,0.23
2412.3,0.23
2414.9,0.24
2417.4,0.25
2419.9,0.25
2422.4,0.25
2424.9,0.25
2427.4,0.25
2429.9,0.25
2432.5,0.24
2435.1,0.24
2437.6,0.25
2440.0,0.26
2442.5,0.25
2444.9,0.26
2447.3,0.26
2449.8,0.25
2452.2,0.26
2454.6,0.26
2457.1,0.25
2459.5,0.26
2461.9,0.26
2464.3,0.26
2466.7,0.26
2469.2,0.25
2471.7,0.25
2474.1,0.26
2476.4,0.27
2478.7,0.27
2481.0,0.27
2483.3,0.27
2485.7,0.26
2488.2,0.25
2490.6,0.26
2493.0,0.26
2495.5,0.25
2498.0,0.25
2500.6,0.24
2503.1,0.25
2505.6,0.25
2508.1,0.25
2510.5,0.26
2513.0,0.25
2515.6,0.24
2518.2,0.24
2520.7,0.25
2523.1,0.26
2525.6,0.25
2528.0,0.26
2530.4,0.26
2532.9,0.25
2535.4,0.25
2537.9,0.25
2540.3,0.26
2542.7,0.26
2545.1,0.26
2547.5,0.26
2549.9,0.26
2552.2,0.27
2554.6,0.26
2557.0,0.26
2559.4,0.26
2561.7,0.27
2564.0,0.27
2566.4,0.26
2568.9,0.25
2571.3,0.26
2573.8,0.25
2576.2,0.26
2578.7,0.25
2581.1,0.26
2583.5,0.26
2586.0,0.25
2588.5,0.25
2590.9,0.26
2593.4,0.25
2595.8,0.26
2598.2,0.26
2600.6,0.26
2603.0,0.26
2605.4,0.26
2607.9,0.25
2610.4,0.25
2612.9,0.25
2615.4,0.25
2617.8,0.26
2620.2,0.26
2622.7,0.25
2625.1,0.26
2627.7,0.24
2630.3,0.24
2633.0,0.23
2635.6,0.24
2638.3,0.23
2640.9,0.24
2643.5,0.24
2646.0,0.25
2648.4,0.26
2650.8,0.26
2653.2,0.26
2655.6,0.26
2658.1,0.25
2660.6,0.25
2663.1,0.25
2665.7,0.24
2668.3,0.24
2670.9,0.24
2673.5,0.24
2676.1,0.24
2678.6,0.25
2681.1,0.25
2683.5,0.26
2686.0,0.25
2688.4,0.26
2690.9,0.25
2693.4,0.25
2695.8,0.26
2698.4,0.24
2700.9,0.25
2703.4,0.25
2705.9,0.25
2708.3,0.26
2710.8,0.25
2713.3,0.25
2715.9,0.24
2718.4,0.25
2721.0,0.24
2723.6,0.24
2726.2,0.24
2728.8,0.24
2731.4,0.24
2733.9,0.25
2736.4,0.25
2739.0,0.24
2741.5,0.25
2744.0,0.25
2746.4,0.26
2748.8,0.26
2751.2,0.26
2753.7,0.25
2756.2,0.25
2758.6,0.26
2760.9,0.27
2763.3,0.26
2765.9,0.24
2768.5,0.24
2771.2,0.23
2773.8,0.24
2776.4,0.24
2778.8,0.26
2781.2,0.26
2783.7,0.25
2786.2,0.25
2788.6,0.26
2791.1,0.25
2793.6,0.25
2796.2,0.24
2798.8,0.24
2801.3,0.25
2803.7,0.26
2806.2,0.25
2808.6,0.26
2811.0,0.26
2813.5,0.25
2815.9,0.26
2818.4,0.25
2820.8,0.26
2823.2,0.26
2825.7,0.25
2828.2,0.25
2830.8,0.24
2833.4,0.24
2836.0,0.24
2838.6,0.24
2841.2,0.24
2843.7,0.25
2846.2,0.25
2848.6,0.26
2851.1,0.25
2853.5,0.26
2856.0,0.25
2858.4,0.26
2860.8,0.26
2863.2,0.26
2865.6,0.26
2868.0,0.26
2870.3,0.27
2872.7,0.26
2875.1,0.26
2877.6,0.25
2879.9,0.27
2881.8,0.33
2883.7,0.33
2885.4,0.37
2887.2,0.35
2888.9,0.37
2890.8,0.33
2892.8,0.31
2894.8,0.31
2896.7,0.33
2898.7,0.31
2900.6,0.33
2902.5,0.33
2904.5,0.31
2906.4,0.33
2908.4,0.31
2910.4,0.31
2912.5,0.30
2914.6,0.30
2916.6,0.31
2918.5,0.33
2920.3,0.35
2922.0,0.37
2923.8,0.35
2925.6,0.35
2927.5,0.33
2929.5,0.31
2931.5,0.31
2933.6,0.30
2935.6,0.31
2937.8,0.29
2940.0,0.29
2942.2,0.29
2944.3,0.30
2946.5,0.29
2948.7,0.29
2950.8,0.30
2952.9,0.30
2955.0,0.30
2957.2,0.29
2959.3,0.30
2961.4,0.30
2963.6,0.29
2965.8,0.29
2968.0,0.29
2970.2,0.29
2972.6,0.26
2974.9,0.27
2977.3,0.26
2979.7,0.26
2982.1,0.26
2984.5,0.26
2986.9,0.26
2989.4,0.25
2991.9,0.25
2994.4,0.25
2996.8,0.26
2999.2,0.26
3001.6,0.26
3004.0,0.26
3006.4,0.26
3008.9,0.25
3011.4,0.25
3014.0,0.24
3016.5,0.25
3019.1,0.24
3021.5,0.26
3024.0,0.25
3026.5,0.25
3029.1,0.24
3031.7,0.24
3034.3,0.24
3036.9,0.24
3039.4,0.25
3042.0,0.24
3044.6,0.24
3047.1,0.25
3049.5,0.26
3051.8,0.27
3054.3,0.25
3056.8,0.25
3059.3,0.25
3061.8,0.25
3064.3,0.25
3066.9,0.24
3069.5,0.24
3072.0,0.25
3074.5,0.25
3077.0,0.25
3079.4,0.26
3081.9,0.25
3084.3,0.26
3086.8,0.25
3089.3,0.25
3091.8,0.25
3094.3,0.25
3096.8,0.25
3099.2,0.26
3101.7,0.25
3104.1,0.26
3106.6,0.25
3109.1,0.25
3111.4,0.27
3113.8,0.26
3116.2,0.26
3118.6,0.26
3121.1,0.25
3123.5,0.26
3125.8,0.27
3128.2,0.26
3130.5,0.27
3132.8,0.27
3135.3,0.25
3137.7,0.26
3140.2,0.25
3142.7,0.25
3145.2,0.25
3147.6,0.26
3150.1,0.25
3152.5,0.26
3154.9,0.26
3157.3,0.26
3159.8,0.25
3162.2,0.26
3164.8,0.24
3167.3,0.25
3169.8,0.25
3172.3,0.25
3174.8,0.25
3177.3,0.25
3179.8,0.25
3182.4,0.24
3185.1,0.23
3187.7,0.24
3190.3,0.24
3192.9,0.24
3195.5,0.24
3198.0,0.25
3200.4,0.26
3202.7,0.27
3205.1,0.26
3207.4,0.27
3209.8,0.26
3212.1,0.27
3214.5,0.26
3216.9,0.26
3219.3,0.26
3221.6,0.27
3223.9,0.27
3226.2,0.27
3228.5,0.27
3230.7,0.29
3233.0,0.27
3235.4,0.26
3237.7,0.27
3240.1,0.26
3242.5,0.26
3244.9,0.26
3247.3,0.26
3249.7,0.26
3252.0,0.27
3254.3,0.27
3256.8,0.25
3259.2,0.26
3261.7,0.25
3264.2,0.25
3266.7,0.25
3269.2,0.25
3271.7,0.25
3274.1,0.26
3276.6,0.25
3279.1,0.25
3281.6,0.25
3284.0,0.26
3286.4,0.26
3288.9,0.25
3291.4,0.25
3293.9,0.25
3296.4,0.25
3298.7,0.27
3301.1,0.26
3303.5,0.26
3305.8,0.27
3308.2,0.26
3310.7,0.25
3313.1,0.26
3315.6,0.25
3317.9,0.27
3320.3,0.26
3322.8,0.25
3325.3,0.25
3327.9,0.24
3330.5,0.24
3333.1,0.24
3335.6,0.25
3338.2,0.24
3340.8,0.24
3343.2,0.26
3345.7,0.25
3348.0,0.27
3350.4,0.26
3352.8,0.26
3355.2,0.26
3357.5,0.27
3359.9,0.26
3362.3,0.26
3364.7,0.26
3367.1,0.26
3369.4,0.27
3371.8,0.26
3374.3,0.25
3376.7,0.26
3379.1,0.26
3381.5,0.26
3383.9,0.26
3386.3,0.26
3388.6,0.27
3390.8,0.29
3393.1,0.27
3395.4,0.27
3397.8,0.26
3400.0,0.29
3402.2,0.29
3404.4,0.29
3406.7,0.27
3409.0,0.27
3411.3,0.27
3413.7,0.26
3416.1,0.26
3418.4,0.27
3420.8,0.26
3423.2,0.26
3425.6,0.26
3428.0,0.26
3430.3,0.27
3432.7,0.26
3435.0,0.27
3437.4,0.26
3439.9,0.25
3442.2,0.27
3444.6,0.26
3447.1,0.25
3449.5,0.26
3451.9,0.26
3454.2,0.27
3456.5,0.27
3458.8,0.27
3461.1,0.27
3463.4,0.27
3465.6,0.29
3467.9,0.27
3470.3,0.26
3472.6,0.27
3475.0,0.26
3477.3,0.27
3479.7,0.26
3481.9,0.29
3483.9,0.31
3485.8,0.33
3487.6,0.35
3489.3,0.37
3491.1,0.35
3492.9,0.35
3494.7,0.35
3496.5,0.35
3498.3,0.35
3500.1,0.35
3501.8,0.37
3503.6,0.35
3505.5,0.33
3507.6,0.30
3509.7,0.30
3511.9,0.29
3514.1,0.29
3516.2,0.30
3518.4,0.29
3520.6,0.29
3522.8,0.29
3524.9,0.30
3527.1,0.29
3529.3,0.29
3531.5,0.29
3533.7,0.29
3535.9,0.29
3538.2,0.27
3540.5,0.27
3542.9,0.26
3545.2,0.27
3547.6,0.26
3549.8,0.29
3552.1,0.27
3554.3,0.29
3556.7,0.26
3559.1,0.26
3561.5,0.26
3563.9,0.26
3566.3,0.26
3568.6,0.27
3570.9,0.27
3573.3,0.26
3575.6,0.27
3577.9,0.27
3580.3,0.26
3582.7,0.26
3585.1,0.26
3587.5,0.26
3589.9,0.26
3592.3,0.26
3594.7,0.26
3597.1,0.26
3599.4,0.27
3601.7,0.27
3604.0,0.27
3606.3,0.27
3608.6,0.27
3610.9,0.27
3613.1,0.29
3615.4,0.27
3617.7,0.27
3620.1,0.26
3622.5,0.26
3624.9,0.26
3627.3,0.26
3629.7,0.26
3632.1,0.26
3634.5,0.26
3636.8,0.27
3639.1,0.27
3641.4,0.27
3643.6,0.29
3645.8,0.29
3648.0,0.29
3650.3,0.27
3652.5,0.29
3654.7,0.29
3656.9,0.29
3659.0,0.30
3661.2,0.29
3663.3,0.30
3665.5,0.29
3667.7,0.29
3669.9,0.29
3672.1,0.29
3674.3,0.29
3676.6,0.27
3678.8,0.29
3681.1,0.27
3683.2,0.30
3685.3,0.30
3687.5,0.29
3689.7,0.29
3691.9,0.29
3694.1,0.29
3696.4,0.27
3698.7,0.27
3700.9,0.29
3703.2,0.27
3705.4,0.29
3707.6,0.29
3709.9,0.27
3712.2,0.27
3714.5,0.27
3716.8,0.27
3719.1,0.27
3721.3,0.29
3723.5,0.29
3725.6,0.30
3727.8,0.29
3729.9,0.30
3732.1,0.29
3734.4,0.27
3736.6,0.29
3738.8,0.29
3741.0,0.29
3743.3,0.27
3745.5,0.29
3747.7,0.29
3749.8,0.30
3751.9,0.30
3754.1,0.29
3756.3,0.29
3758.5,0.29
3760.6,0.30
3762.4,0.35
3764.1,0.37
3765.9,0.35
3767.6,0.37
3769.4,0.35
3771.2,0.35
3773.0,0.35
3774.9,0.33
3776.9,0.31
3778.9,0.31
3781.1,0.29
3783.3,0.29
3785.5,0.29
3787.7,0.29
3789.8,0.30
3792.1,0.27
3794.4,0.27
3796.6,0.29
3798.8,0.29
3801.1,0.27
3803.3,0.29
3805.6,0.27
3807.8,0.29
3810.1,0.27
3812.3,0.29
3814.6,0.27
3816.9,0.27
3819.2,0.27
3821.5,0.27
3823.7,0.29
3825.9,0.29
3828.1,0.29
3830.4,0.27
3832.6,0.29
3834.8,0.29
3837.0,0.29
3839.2,0.29
3841.3,0.30
3843.6,0.27
3845.8,0.29
3848.0,0.29
3850.3,0.27
3852.5,0.29
3854.8,0.27
3857.0,0.29
3859.4,0.26
3861.7,0.27
3864.1,0.26
3866.5,0.26
3868.9,0.26
3871.3,0.26
3873.6,0.27
3875.8,0.29
3878.0,0.29
3880.2,0.29
3882.3,0.30
3884.5,0.29
3886.8,0.27
3889.0,0.29
3891.3,0.27
3893.7,0.26
3896.0,0.27
3898.4,0.26
3900.7,0.27
3902.9,0.29
3905.1,0.29
3907.3,0.29
3909.6,0.27
3911.8,0.29
3914.2,0.26
3916.4,0.29
3918.7,0.27
3920.9,0.29
3923.2,0.27
3925.5,0.27
3927.8,0.27
3930.1,0.27
3932.5,0.26
3934.9,0.26
3937.3,0.26
3939.6,0.27
3941.9,0.27
3944.2,0.27
3946.4,0.29
3948.6,0.29
3950.8,0.29
3953.1,0.27
3955.3,0.29
3957.6,0.27
3959.7,0.30
3961.8,0.30
3963.9,0.30
3966.0,0.30
3968.2,0.29
3970.3,0.30
3972.5,0.29
3974.7,0.29
3976.9,0.29
3979.1,0.29
3981.3,0.29
3983.4,0.30
3985.6,0.29
3987.8,0.29
3989.9,0.30
3992.0,0.30
3994.2,0.29
3996.4,0.29
3998.6,0.29
4000.8,0.29
4003.1,0.27
4005.4,0.27
4007.8,0.26
4010.1,0.27
4012.3,0.29
4014.6,0.27
4016.7,0.30
4018.8,0.30
4020.9,0.30
4023.0,0.30
4025.1,0.30
4027.2,0.30
4029.3,0.30
4031.6,0.27
4033.8,0.29
4036.1,0.27
4038.4,0.27
4040.7,0.27
4043.0,0.27
4045.3,0.27
4047.6,0.27
4050.0,0.26
4052.4,0.26
4054.7,0.27
4057.0,0.27
4059.2,0.29
4061.4,0.29
4063.6,0.29
4065.8,0.29
4068.0,0.29
4070.2,0.29
4072.4,0.29
4074.6,0.29
4076.9,0.27
4079.1,0.29
4081.4,0.27
4083.6,0.29
4085.8,0.29
4088.1,0.27
4090.3,0.29
4092.7,0.26
4095.0,0.27
4097.2,0.29
4099.5,0.27
4101.8,0.27
4104.1,0.27
4106.3,0.29
4108.6,0.27
4110.9,0.27
4113.3,0.26
4115.6,0.27
4117.9,0.27
4119.9,0.31
4121.6,0.37
4123.4,0.35
4125.1,0.37
4126.8,0.37
4128.5,0.37
4130.3,0.35
4132.1,0.35
4134.0,0.33
4135.9,0.33
4137.9,0.31
4139.9,0.31
4141.8,0.33
4143.8,0.31
4145.8,0.31
4147.9,0.30
4150.0,0.30
4152.0,0.31
4154.1,0.30
4156.1,0.31
4158.1,0.31
4160.2,0.30
4162.2,0.31
4164.2,0.31
4166.3,0.30
4168.4,0.30
4170.4,0.31
4172.5,0.30
4174.5,0.31
4176.5,0.31
4178.5,0.31
4180.7,0.29
4182.9,0.29
4185.0,0.30
4187.1,0.30
4189.1,0.31
4191.2,0.30
4193.3,0.30
4195.5,0.29
4197.7,0.29
4199.9,0.29
4202.1,0.29
4204.3,0.29
4206.5,0.29
4208.7,0.29
4210.9,0.29
4213.1,0.29
4215.3,0.29
4217.6,0.27
4220.0,0.26
4222.3,0.27
4224.6,0.27
4226.9,0.27
4229.1,0.29
4231.4,0.27
4233.7,0.27
4236.0,0.27
4238.3,0.27
4240.6,0.27
4242.8,0.29
4244.9,0.30
4247.0,0.30
4249.2,0.29
4251.4,0.29
4253.7,0.27
4256.0,0.27
4258.4,0.26
4260.7,0.27
4263.1,0.26
4265.4,0.27
4267.7,0.27
4270.0,0.27
4272.2,0.29
4274.4,0.29
4276.6,0.29
4278.9,0.27
4281.2,0.27
4283.5,0.27
4285.7,0.29
4287.9,0.29
4290.1,0.29
4292.3,0.29
4294.5,0.29
4296.7,0.29
4298.9,0.29
4301.1,0.29
4303.2,0.30
4305.4,0.29
4307.6,0.29
4309.8,0.29
4311.9,0.30
4314.0,0.30
4316.1,0.30
4318.3,0.29
4320.4,0.30
4322.6,0.29
4324.9,0.27
4327.1,0.29
4329.3,0.29
4331.4,0.30
4333.6,0.29
4335.8,0.29
4338.0,0.29
4340.3,0.27
4342.5,0.29
4344.7,0.29
4346.9,0.29
4349.1,0.29
4351.2,0.30
4353.3,0.30
4355.4,0.30
4357.4,0.31
4359.4,0.31
4361.5,0.30
4363.6,0.30
4365.8,0.29
4368.0,0.29
4370.3,0.27
4372.6,0.27
4374.9,0.27
4377.1,0.29
4379.3,0.29
4381.5,0.29
4383.7,0.29
4385.9,0.29
4388.1,0.29
4390.2,0.30
4392.4,0.29
4394.6,0.29
4396.7,0.30
4398.8,0.30
4400.9,0.30
4403.2,0.27
4405.4,0.29
4407.7,0.27
4410.0,0.27
4412.3,0.27
4414.6,0.27
4416.8,0.29
4419.1,0.27
4421.4,0.27
4423.7,0.27
4425.9,0.29
4428.2,0.27
4430.5,0.27
4432.8,0.27
4435.2,0.26
4437.5,0.27
4439.7,0.29
4441.9,0.29
4444.2,0.27
4446.4,0.29
4448.7,0.27
4450.9,0.29
4453.1,0.29
4455.3,0.29
4457.5,0.29
4459.8,0.27
4462.0,0.29
4464.3,0.27
4466.6,0.27
4468.9,0.27
4471.1,0.29
4473.4,0.27
4475.7,0.27
4478.0,0.27
4480.3,0.27
4482.6,0.27
4484.9,0.27
4487.2,0.27
4489.4,0.29
4491.8,0.26
4494.1,0.27
4496.3,0.29
4498.6,0.27
4500.8,0.29
4503.0,0.29
4505.3,0.27
4507.5,0.29
4509.6,0.30
4511.8,0.29
4514.0,0.29
4516.1,0.30
4518.3,0.29
4520.5,0.29
4522.7,0.29
4524.9,0.29
4527.1,0.29
4529.2,0.30
4531.4,0.29
4533.6,0.29
4535.7,0.30
4537.8,0.30
4540.0,0.29
4542.2,0.29
4544.4,0.29
4546.6,0.29
4548.8,0.29
4551.0,0.29
4553.2,0.29
4555.4,0.29
4557.6,0.29
4559.9,0.27
4562.1,0.29
4564.3,0.29
4566.5,0.29
4568.6,0.30
4570.8,0.29
4572.9,0.30
4575.2,0.27
4577.5,0.27
4579.7,0.29
4582.0,0.27
4584.2,0.29
4586.5,0.27
4588.7,0.29
4590.8,0.30
4593.0,0.29
4595.2,0.29
4597.4,0.29
4599.7,0.27
4602.1,0.26
4604.4,0.27
4606.7,0.27
4609.0,0.27
4611.3,0.27
4613.6,0.27
4616.0,0.26
4618.4,0.26
4620.7,0.27
4623.0,0.27
4625.3,0.27
4627.5,0.29
4629.7,0.29
4632.0,0.27
4634.2,0.29
4636.4,0.29
4638.6,0.29
4640.8,0.29
4643.0,0.29
4645.3,0.27
4647.6,0.27
4649.9,0.27
4652.1,0.29
4654.3,0.29
4656.5,0.29
4658.8,0.27
4661.0,0.29
4663.3,0.27
4665.5,0.29
4667.8,0.27
4670.0,0.29
4672.2,0.29
4674.3,0.30
4676.5,0.29
4678.7,0.29
4680.8,0.30
4683.0,0.29
4685.2,0.29
4687.3,0.30
4689.4,0.30
4691.6,0.29
4693.8,0.29
4696.0,0.29
4698.3,0.27
4700.6,0.27
4702.9,0.27
4705.1,0.29
4707.3,0.29
4709.6,0.27
4711.9,0.27
4714.2,0.27
4716.5,0.27
4718.8,0.27
4721.2,0.26
4723.5,0.27
4725.7,0.29
4727.9,0.29
4730.1,0.29
4732.4,0.27
4734.8,0.26
4737.0,0.29
4739.2,0.29
4741.5,0.27
4743.7,0.29
4745.9,0.29
4748.0,0.30
4750.2,0.29
4752.4,0.29
4754.6,0.29
4756.9,0.27
4759.1,0.29
4761.3,0.29
4763.5,0.29
4765.7,0.29
4768.0,0.27
4770.3,0.27
4772.6,0.27
4774.8,0.29
4776.7,0.33
4778.5,0.35
4780.3,0.35
4782.0,0.37
4783.8,0.35
4785.6,0.35
4787.5,0.33
4789.3,0.35
4791.2,0.33
4793.1,0.33
4795.0,0.33
4796.9,0.33
4798.9,0.31
4800.8,0.33
4802.8,0.31
4804.7,0.33
4806.7,0.31
4808.7,0.31
4810.7,0.31
4812.7,0.31
4814.7,0.31
4816.7,0.31
4818.8,0.30
4820.7,0.33
4822.7,0.31
4824.6,0.33
4826.5,0.33
4828.4,0.33
4830.3,0.33
4832.2,0.33
4834.2,0.31
4836.1,0.33
4838.2,0.30
4840.3,0.30
4842.4,0.30
4844.6,0.29
4846.8,0.29
4849.0,0.29
4851.2,0.29
4853.4,0.29
4855.6,0.29
4857.8,0.29
4860.0,0.29
4862.1,0.30
4864.3,0.29
4866.6,0.27
4868.9,0.27
4871.1,0.29
4873.3,0.29
4875.5,0.29
4877.8,0.27
4880.1,0.27
4882.4,0.27
4884.6,0.29
4886.9,0.27
4889.1,0.29
4891.4,0.27
4893.6,0.29
4895.9,0.27
4898.1,0.29
4900.3,0.29
4902.4,0.30
4904.6,0.29
4906.7,0.30
4908.9,0.29
4911.1,0.29
4913.3,0.29
4915.6,0.27
4917.8,0.29
4920.0,0.29
4922.3,0.27
4924.5,0.29
4926.7,0.29
4929.0,0.27
4931.2,0.29
4933.4,0.29
4935.5,0.30
4937.6,0.30
4939.8,0.29
4942.0,0.29
4944.2,0.29
4946.3,0.30
4948.5,0.29
4950.7,0.29
4952.9,0.29
4955.1,0.29
4957.3,0.29
4959.4,0.30
4961.6,0.29
4963.8,0.29
4966.0,0.29
4968.1,0.30
4970.3,0.29
4972.3,0.31
4974.4,0.30
4976.5,0.30
4978.6,0.30
4980.7,0.30
4982.8,0.30
4984.9,0.30
4987.1,0.29
4989.2,0.30
4991.3,0.30
4993.4,0.30
4995.5,0.30
4997.6,0.30
4999.7,0.30
5001.7,0.31
5003.8,0.30
5005.9,0.30
5007.9,0.31
5010.1,0.29
5012.2,0.30
5014.4,0.29
5016.7,0.27
5018.8,0.30
5021.0,0.29
5023.1,0.30
5025.2,0.30
5027.3,0.30
5029.4,0.30
5031.4,0.31
5033.5,0.30
5035.6,0.30
5037.7,0.30
5039.8,0.30
5041.9,0.30
5044.0,0.30
5046.1,0.30
5048.3,0.29
5050.5,0.29
5052.7,0.29
5054.8,0.30
5056.8,0.31
5058.8,0.31
5060.9,0.30
5063.0,0.30
5065.1,0.30
5067.2,0.30
5069.3,0.30
5071.6,0.27
5073.8,0.29
5076.1,0.27
5078.3,0.29
5080.4,0.30
5082.5,0.30
5084.6,0.30
5086.7,0.30
5088.7,0.31
5090.8,0.30
5092.8,0.31
5094.9,0.30
5096.9,0.31
5099.0,0.30
5101.1,0.30
5103.2,0.30
5105.3,0.30
5107.4,0.30
5109.5,0.30
5111.6,0.30
5113.7,0.30
5115.8,0.30
5117.9,0.30
5120.1,0.29
5122.2,0.30
5124.4,0.29
5126.6,0.29
5128.8,0.29
5131.0,0.29
5133.1,0.30
5135.2,0.30
5137.3,0.30
5139.3,0.31
5141.4,0.30
5143.5,0.30
5145.6,0.30
5147.7,0.30
5149.9,0.29
5152.1,0.29
5154.3,0.29
5156.5,0.29
5158.6,0.30
5160.8,0.29
5162.9,0.30
5165.1,0.29
5167.1,0.31
5169.2,0.30
5171.2,0.31
5173.3,0.30
5175.4,0.30
5177.4,0.31
5179.5,0.30
5181.6,0.30
5183.8,0.29
5185.9,0.30
5188.1,0.29
5190.2,0.30
5192.3,0.30
5194.4,0.30
5196.5,0.30
5198.6,0.30
5200.8,0.29
5202.9,0.30
5205.1,0.29
5207.3,0.29
5209.5,0.29
5211.7,0.29
5213.9,0.29
5216.1,0.29
5218.3,0.29
5220.6,0.27
5222.8,0.29
5225.0,0.29
5227.1,0.30
5229.3,0.29
5231.4,0.30
5233.6,0.29
5235.7,0.30
5237.8,0.30
5239.9,0.30
5241.9,0.31
5244.1,0.29
5246.2,0.30
5248.4,0.29
5250.6,0.29
5252.9,0.27
5255.2,0.27
5257.4,0.29
5259.7,0.27
5261.8,0.30
5264.0,0.29
5266.2,0.29
5268.3,0.30
5270.5,0.29
5272.6,0.30
5274.8,0.29
5277.0,0.29
5279.1,0.30
5281.3,0.29
5283.5,0.29
5285.6,0.30
5287.8,0.29
5289.9,0.30
5292.0,0.30
5294.1,0.30
5296.2,0.30
5298.2,0.31
5300.3,0.30
5302.4,0.30
5304.4,0.31
5306.6,0.29
5308.7,0.30
5310.9,0.29
5313.1,0.29
5315.2,0.30
5317.4,0.29
5319.6,0.29
5321.8,0.29
5323.9,0.30
5326.1,0.29
5328.2,0.30
5330.3,0.30
5332.5,0.29
5334.6,0.30
5336.7,0.30
5338.8,0.30
5341.0,0.29
5343.2,0.29
5345.3,0.30
5347.4,0.30
5349.6,0.29
5351.8,0.29
5353.9,0.30
5356.0,0.30
5358.1,0.30
5360.2,0.30
5362.4,0.29
5364.6,0.29
5366.8,0.29
5369.1,0.27
5371.3,0.29
5373.5,0.29
5375.7,0.29
5377.9,0.29
5380.0,0.30
5382.1,0.30
5384.3,0.29
5386.5,0.29
5388.7,0.29
5390.9,0.29
5393.1,0.29
5395.2,0.30
5397.4,0.29
0.0,0.00
