3.7,0.29
5.8,0.30
7.9,0.30
9.9,0.31
12.0,0.30
14.2,0.29
16.5,0.27
18.9,0.26
21.3,0.26
23.7,0.26
26.1,0.26
28.6,0.25
31.3,0.23
33.9,0.24
36.6,0.23
39.1,0.25
41.5,0.26
43.9,0.26
46.2,0.27
48.5,0.27
50.8,0.27
53.0,0.29
55.2,0.29
57.4,0.29
59.7,0.27
62.2,0.25
64.8,0.24
67.6,0.22
69.4,0.35
71.0,0.39
72.8,0.35
74.6,0.35
76.6,0.31
78.6,0.31
80.7,0.30
82.8,0.30
85.1,0.27
87.5,0.26
89.9,0.26
92.3,0.26
94.8,0.25
97.2,0.26
99.6,0.26
101.9,0.27
104.1,0.29
106.4,0.27
108.6,0.29
110.8,0.29
113.0,0.29
115.2,0.29
117.4,0.29
119.6,0.29
121.9,0.27
124.2,0.27
126.5,0.27
128.7,0.29
131.0,0.27
133.3,0.27
135.6,0.27
137.9,0.27
140.3,0.26
142.6,0.27
145.0,0.26
147.5,0.25
149.9,0.26
152.3,0.26
154.6,0.27
157.0,0.26
159.4,0.26
161.7,0.27
164.1,0.26
166.4,0.27
168.6,0.29
170.7,0.30
172.8,0.30
174.9,0.30
176.9,0.31
179.0,0.30
181.0,0.31
183.1,0.30
185.2,0.30
187.3,0.30
189.3,0.31
191.4,0.30
193.6,0.29
195.7,0.30
197.9,0.29
200.1,0.29
202.2,0.30
204.4,0.29
206.6,0.29
208.8,0.29
211.0,0.29
213.2,0.29
215.4,0.29
217.7,0.27
219.9,0.29
222.1,0.29
224.3,0.29
226.5,0.29
228.7,0.29
230.9,0.29
233.2,0.27
235.6,0.26
237.9,0.27
240.4,0.25
242.8,0.26
245.3,0.25
247.8,0.25
250.2,0.26
252.7,0.25
255.1,0.26
257.6,0.25
260.0,0.26
262.5,0.25
264.9,0.26
267.4,0.25
269.8,0.26
272.2,0.26
274.6,0.26
277.0,0.26
279.3,0.27
281.7,0.26
284.1,0.26
286.5,0.26
289.0,0.25
291.5,0.25
294.1,0.24
296.6,0.25
299.1,0.25
301.5,0.26
303.9,0.26
306.4,0.25
308.9,0.25
311.3,0.26
313.7,0.26
316.2,0.25
318.6,0.26
321.1,0.25
323.6,0.25
326.0,0.26
328.5,0.25
331.0,0.25
333.6,0.24
336.3,0.23
338.9,0.24
341.5,0.24
344.2,0.23
347.0,0.22
349.6,0.24
352.4,0.22
355.2,0.22
358.2,0.21
361.1,0.22
363.8,0.23
366.4,0.24
369.0,0.24
371.6,0.24
374.1,0.25
376.7,0.24
379.2,0.25
381.7,0.25
384.1,0.26
386.4,0.27
388.7,0.27
391.1,0.26
393.4,0.27
395.6,0.29
397.8,0.29
400.0,0.29
402.2,0.29
404.4,0.29
406.6,0.29
408.9,0.27
411.5,0.24
414.3,0.22
417.4,0.20
420.5,0.20
423.6,0.20
426.7,0.20
429.9,0.20
433.1,0.20
436.2,0.20
439.1,0.22
441.9,0.22
444.6,0.23
447.5,0.22
450.3,0.22
453.1,0.22
456.1,0.21
459.1,0.21
462.1,0.21
465.2,0.20
468.2,0.21
471.2,0.21
474.1,0.22
476.9,0.22
479.5,0.24
482.0,0.25
484.4,0.26
486.8,0.26
489.1,0.27
491.3,0.29
493.4,0.30
495.6,0.29
497.7,0.30
499.8,0.30
501.9,0.30
504.0,0.30
506.0,0.31
508.1,0.30
510.1,0.31
512.1,0.31
514.1,0.31
516.1,0.31
518.1,0.31
520.1,0.31
522.2,0.30
524.3,0.30
526.4,0.30
528.4,0.31
530.4,0.31
532.4,0.31
534.4,0.31
536.4,0.31
538.4,0.31
540.5,0.30
542.6,0.30
544.7,0.30
546.7,0.31
548.7,0.31
550.7,0.31
552.7,0.31
554.7,0.31
556.7,0.31
558.8,0.30
560.8,0.31
562.9,0.30
564.9,0.31
567.0,0.30
569.0,0.31
571.1,0.30
573.1,0.31
575.2,0.30
577.2,0.31
579.2,0.31
581.3,0.30
583.2,0.33
585.2,0.31
587.3,0.30
589.3,0.31
591.3,0.31
593.3,0.31
595.3,0.31
597.4,0.30
599.4,0.31
601.5,0.30
603.6,0.30
605.7,0.30
607.7,0.31
609.8,0.30
611.8,0.31
613.8,0.31
615.8,0.31
617.8,0.31
619.8,0.31
621.9,0.30
623.9,0.31
625.9,0.31
628.0,0.30
630.0,0.31
632.1,0.30
634.3,0.29
636.5,0.29
638.6,0.30
640.8,0.29
642.9,0.30
645.0,0.30
647.2,0.29
649.2,0.31
651.4,0.29
653.5,0.30
655.6,0.30
657.8,0.29
659.9,0.30
662.1,0.29
664.3,0.29
666.4,0.30
668.6,0.29
670.8,0.29
672.9,0.30
675.0,0.30
677.2,0.29
679.4,0.29
681.5,0.30
683.5,0.31
685.6,0.30
687.8,0.29
690.0,0.29
692.2,0.29
694.4,0.29
696.6,0.29
698.9,0.27
701.0,0.30
703.2,0.29
705.4,0.29
707.5,0.30
709.6,0.30
711.8,0.29
713.9,0.30
716.1,0.29
718.3,0.29
720.4,0.30
722.5,0.30
724.6,0.30
726.6,0.31
728.6,0.31
730.6,0.31
732.6,0.31
734.7,0.30
736.8,0.30
738.9,0.30
741.0,0.30
743.1,0.30
745.2,0.30
747.4,0.29
749.6,0.29
751.8,0.29
754.0,0.29
756.2,0.29
758.4,0.29
760.6,0.29
762.8,0.29
765.0,0.29
767.2,0.29
769.4,0.29
771.5,0.30
773.7,0.29
775.9,0.29
778.1,0.29
780.2,0.30
782.4,0.29
784.5,0.30
786.6,0.30
788.8,0.29
791.2,0.26
794.3,0.20
797.5,0.20
800.5,0.21
803.3,0.22
806.1,0.22
808.8,0.23
811.6,0.22
814.3,0.23
817.0,0.23
819.8,0.22
822.7,0.22
825.6,0.22
828.2,0.24
830.8,0.24
833.2,0.26
835.5,0.27
837.9,0.26
840.2,0.27
842.7,0.25
845.2,0.25
847.6,0.26
850.0,0.26
852.3,0.27
854.5,0.29
856.7,0.29
858.8,0.30
861.0,0.29
863.1,0.30
865.3,0.29
867.6,0.27
869.8,0.29
872.1,0.27
874.3,0.29
876.5,0.29
878.7,0.29
880.9,0.29
883.3,0.26
885.8,0.25
888.4,0.24
891.1,0.23
893.8,0.23
896.4,0.24
899.0,0.24
901.6,0.24
904.3,0.23
907.0,0.23
909.8,0.22
912.6,0.22
915.5,0.22
918.3,0.22
921.1,0.22
923.8,0.23
926.5,0.23
929.1,0.24
931.6,0.25
934.2,0.24
936.8,0.24
939.2,0.26
941.6,0.26
944.0,0.26
946.4,0.26
948.8,0.26
951.0,0.29
953.1,0.30
955.2,0.30
957.1,0.33
959.0,0.33
961.0,0.31
963.0,0.31
965.0,0.31
966.9,0.33
968.9,0.31
970.9,0.31
972.9,0.31
974.9,0.31
977.0,0.30
979.2,0.29
981.4,0.29
983.5,0.30
985.5,0.31
987.6,0.30
989.7,0.30
991.8,0.30
994.0,0.29
996.1,0.30
998.3,0.29
1000.4,0.30
1002.6,0.29
1004.9,0.27
1007.1,0.29
1009.2,0.30
1011.4,0.29
1013.5,0.30
1015.7,0.29
1017.7,0.31
1019.8,0.30
1021.9,0.30
1024.1,0.29
1026.3,0.29
1028.6,0.27
1030.8,0.29
1032.9,0.30
1035.0,0.30
1037.2,0.29
1039.4,0.29
1041.6,0.29
1043.8,0.29
1046.0,0.29
1048.1,0.30
1050.2,0.30
1052.2,0.31
1054.3,0.30
1056.3,0.31
1058.4,0.30
1060.5,0.30
1062.7,0.29
1065.0,0.27
1067.3,0.27
1069.6,0.27
1071.9,0.27
1074.1,0.29
1076.3,0.29
1078.5,0.29
1080.8,0.27
1083.0,0.29
1085.3,0.27
1087.6,0.27
1089.8,0.29
1092.0,0.29
1094.3,0.27
1096.6,0.27
1098.8,0.29
1101.0,0.29
1103.2,0.29
1105.5,0.27
1107.9,0.26
1110.1,0.29
1112.3,0.29
1114.5,0.29
1116.7,0.29
1118.8,0.30
1121.0,0.29
1123.2,0.29
1125.4,0.29
1127.5,0.30
1129.5,0.31
1131.6,0.30
1133.7,0.30
1135.8,0.30
1137.8,0.31
1139.9,0.30
1142.0,0.30
1144.0,0.31
1146.0,0.31
1148.1,0.30
1150.2,0.30
1152.3,0.30
1154.6,0.27
1156.9,0.27
1159.1,0.29
1161.3,0.29
1163.5,0.29
1165.6,0.30
1167.8,0.29
1169.9,0.30
1172.0,0.30
1174.0,0.31
1176.1,0.30
1178.2,0.30
1180.3,0.30
1182.4,0.30
1184.7,0.27
1187.0,0.27
1189.2,0.29
1191.4,0.29
1193.5,0.30
1195.8,0.27
1198.0,0.29
1200.3,0.27
1202.5,0.29
1204.8,0.27
1207.0,0.29
1209.2,0.29
1211.4,0.29
1213.6,0.29
1215.8,0.29
1218.1,0.27
1220.3,0.29
1222.5,0.29
1224.8,0.27
1227.1,0.27
1229.5,0.26
1231.9,0.26
1234.3,0.26
1237.3,0.21
1240.4,0.20
1243.5,0.20
1246.4,0.22
1249.2,0.22
1251.9,0.23
1254.7,0.22
1257.4,0.23
1260.4,0.21
1263.5,0.20
1266.8,0.19
1270.0,0.20
1273.0,0.21
1275.8,0.22
1278.6,0.22
1281.5,0.22
1284.3,0.22
1286.9,0.24
1289.5,0.24
1291.9,0.26
1294.2,0.27
1296.5,0.27
1298.8,0.27
1301.1,0.27
1303.4,0.27
1305.6,0.29
1307.9,0.27
1310.2,0.27
1312.5,0.27
1314.7,0.29
1317.0,0.27
1319.3,0.27
1321.6,0.27
1323.8,0.29
1326.0,0.29
1328.2,0.29
1330.4,0.29
1332.6,0.29
1334.8,0.29
1336.9,0.30
1339.0,0.30
1341.2,0.29
1343.4,0.29
1345.6,0.29
1347.7,0.30
1349.8,0.30
1351.9,0.30
1354.1,0.29
1356.2,0.30
1358.5,0.27
1360.7,0.29
1363.0,0.27
1365.2,0.29
1367.4,0.29
1369.7,0.27
1372.0,0.27
1374.3,0.27
1376.6,0.27
1378.9,0.27
1381.2,0.27
1383.6,0.26
1385.9,0.27
1388.2,0.27
1390.6,0.26
1392.9,0.27
1395.1,0.29
1397.3,0.29
1399.5,0.29
1401.7,0.29
1404.0,0.27
1406.3,0.27
1408.6,0.27
1410.9,0.27
1413.1,0.29
1415.2,0.30
1417.3,0.30
1419.5,0.29
1421.7,0.29
1424.0,0.27
1426.3,0.27
1428.6,0.27
1431.0,0.26
1433.3,0.27
1435.6,0.27
1437.9,0.27
1440.2,0.27
1442.5,0.27
1444.7,0.29
1446.9,0.29
1449.1,0.29
1451.3,0.29
1453.6,0.27
1456.0,0.26
1458.4,0.26
1460.8,0.26
1463.2,0.26
1465.5,0.27
1467.8,0.27
1470.0,0.29
1472.3,0.27
1474.5,0.29
1476.8,0.27
1479.2,0.26
1481.5,0.27
1483.8,0.27
1486.0,0.29
1488.2,0.29
1490.3,0.30
1492.6,0.27
1494.9,0.27
1497.3,0.26
1499.7,0.26
1502.0,0.27
1504.3,0.27
1506.7,0.26
1509.2,0.25
1511.5,0.27
1513.8,0.27
1516.1,0.27
1518.3,0.29
1520.6,0.27
1522.9,0.27
1525.2,0.27
1527.5,0.27
1529.8,0.27
1532.0,0.29
1534.2,0.29
1536.4,0.29
1538.7,0.27
1541.0,0.27
1543.4,0.26
1545.8,0.26
1548.3,0.25
1550.7,0.26
1553.1,0.26
1555.4,0.27
1557.8,0.26
1560.1,0.27
1562.4,0.27
1564.8,0.26
1567.1,0.27
1569.5,0.26
1571.9,0.26
1574.4,0.25
1576.9,0.25
1579.4,0.25
1581.8,0.26
1584.1,0.27
1586.4,0.27
1588.8,0.26
1591.1,0.27
1593.4,0.27
1595.7,0.27
1598.0,0.27
1600.4,0.26
1602.8,0.26
1605.2,0.26
1607.6,0.26
1610.0,0.26
1613.0,0.21
1616.7,0.17
1620.3,0.17
1623.9,0.17
1627.5,0.17
1631.1,0.17
1634.4,0.19
1637.7,0.19
1641.0,0.19
1644.3,0.19
1647.5,0.20
1650.8,0.19
1654.0,0.20
1657.1,0.20
1659.9,0.22
1662.7,0.22
1665.4,0.23
1668.0,0.24
1670.6,0.24
1673.2,0.24
1676.0,0.22
1678.9,0.22
1681.7,0.22
1684.6,0.22
1687.6,0.21
1690.7,0.20
1693.8,0.20
1696.8,0.21
1699.7,0.22
1702.3,0.24
1704.9,0.24
1707.5,0.24
1710.0,0.25
1712.6,0.24
1715.2,0.24
1717.8,0.24
1720.2,0.26
1722.6,0.26
1725.0,0.26
1727.3,0.27
1729.7,0.26
1732.1,0.26
1734.5,0.26
1736.8,0.27
1739.1,0.27
1741.4,0.27
1743.7,0.27
1745.9,0.29
1748.3,0.26
1750.7,0.26
1753.1,0.26
1755.7,0.24
1758.2,0.25
1760.8,0.24
1763.4,0.24
1766.1,0.23
1768.7,0.24
1771.2,0.25
1773.8,0.24
1776.4,0.24
1779.0,0.24
1781.6,0.24
1784.2,0.24
1786.8,0.24
1789.4,0.24
1792.0,0.24
1794.5,0.25
1797.0,0.25
1799.5,0.25
1802.0,0.25
1804.6,0.24
1807.2,0.24
1809.8,0.24
1812.2,0.26
1814.8,0.24
1817.3,0.25
1819.7,0.26
1822.2,0.25
1824.7,0.25
1827.2,0.25
1829.8,0.24
1832.4,0.24
1834.9,0.25
1837.5,0.24
1840.2,0.23
1842.9,0.23
1845.5,0.24
1848.2,0.23
1850.8,0.24
1853.4,0.24
1855.9,0.25
1858.4,0.25
1860.8,0.26
1863.3,0.25
1865.9,0.24
1868.5,0.24
1871.1,0.24
1873.7,0.24
1876.5,0.22
1879.2,0.23
1881.8,0.24
1884.4,0.24
1887.0,0.24
1889.5,0.25
1891.9,0.26
1894.4,0.25
1896.8,0.26
1899.3,0.25
1901.8,0.25
1904.3,0.25
1906.9,0.24
1909.4,0.25
1912.0,0.24
1914.6,0.24
1917.2,0.24
1919.8,0.24
1922.5,0.23
1925.1,0.24
1927.8,0.23
1930.5,0.23
1933.2,0.23
1935.8,0.24
1938.3,0.25
1940.8,0.25
1943.4,0.24
1945.9,0.25
1948.5,0.24
1951.1,0.24
1953.7,0.24
1956.3,0.24
1958.9,0.24
1961.5,0.24
1964.0,0.25
1966.5,0.25
1969.0,0.25
1971.7,0.23
1974.3,0.24
1977.0,0.23
1979.7,0.23
1982.3,0.24
1985.0,0.23
1988.6,0.17
1992.8,0.15
1996.5,0.17
1999.8,0.19
2002.9,0.20
2005.7,0.22
2008.4,0.23
2011.0,0.24
2013.7,0.23
2016.3,0.24
2019.0,0.23
2021.6,0.24
2024.3,0.23
2027.0,0.23
2029.9,0.22
2033.0,0.20
2036.7,0.17
2040.6,0.16
2044.5,0.16
2048.2,0.17
2052.2,0.16
2056.4,0.15
2060.3,0.16
2064.0,0.17
2067.6,0.17
2071.0,0.18
2074.3,0.19
2077.5,0.20
2080.5,0.21
2083.2,0.23
2085.8,0.24
2088.3,0.25
2090.8,0.25
2093.2,0.26
2095.8,0.24
2098.3,0.25
2100.9,0.24
2103.5,0.24
2106.1,0.24
2108.8,0.23
2111.5,0.23
2114.2,0.23
2117.0,0.22
2119.8,0.22
2122.6,0.22
2125.3,0.23
2127.9,0.24
2130.5,0.24
2133.1,0.24
2135.8,0.23
2138.4,0.24
2141.0,0.24
2143.7,0.23
2146.3,0.24
2149.1,0.22
2151.8,0.23
2154.6,0.22
2157.3,0.23
2160.1,0.22
2162.7,0.24
2165.2,0.25
2167.8,0.24
2170.4,0.24
2173.0,0.24
2175.7,0.23
2178.4,0.23
2181.1,0.23
2183.8,0.23
2186.6,0.22
2189.4,0.22
2192.2,0.22
2194.9,0.23
2197.7,0.22
2200.4,0.23
2203.2,0.22
2205.9,0.23
2208.8,0.22
2211.6,0.22
2214.4,0.22
2217.3,0.22
2220.3,0.21
2223.3,0.21
2226.2,0.22
2229.0,0.22
2231.7,0.23
2234.4,0.23
2237.1,0.23
2239.9,0.22
2242.7,0.22
2245.4,0.23
2248.2,0.22
2251.1,0.22
2253.9,0.22
2256.8,0.22
2259.8,0.21
2262.7,0.22
2265.5,0.22
2268.2,0.23
2271.0,0.22
2273.9,0.22
2276.8,0.22
2279.6,0.22
2282.4,0.22
2285.2,0.22
2287.9,0.23
2290.7,0.22
2293.4,0.23
2296.1,0.23
2298.9,0.22
2301.8,0.22
2304.7,0.22
2307.6,0.22
2310.5,0.22
2313.3,0.22
2316.1,0.22
2318.8,0.23
2321.5,0.23
2324.2,0.23
2327.1,0.22
2330.1,0.21
2333.2,0.20
2336.3,0.20
2339.6,0.19
2342.9,0.19
2346.2,0.19
2349.4,0.20
2352.5,0.20
2355.6,0.20
2358.8,0.20
2361.9,0.20
2365.0,0.20
2368.0,0.21
2371.1,0.20
2374.1,0.21
2377.2,0.20
2380.4,0.20
2383.6,0.20
2386.7,0.20
2389.7,0.21
2392.6,0.22
2395.4,0.22
2398.5,0.20
2402.8,0.15
2407.8,0.13
2412.8,0.13
2417.4,0.14
2421.7,0.15
2426.3,0.14
2430.6,0.15
2434.8,0.15
2438.5,0.17
2441.9,0.18
2445.1,0.20
2448.3,0.20
2451.7,0.18
2455.5,0.17
2459.4,0.16
2463.2,0.17
2467.2,0.16
2471.1,0.16
2475.1,0.16
2479.0,0.16
2482.9,0.16
2486.4,0.18
2489.9,0.18
2493.2,0.19
2496.2,0.21
2499.2,0.21
2502.2,0.21
2505.1,0.22
2507.9,0.22
2510.8,0.22
2513.6,0.22
2516.3,0.23
2519.0,0.23
2521.9,0.22
2524.7,0.22
2527.6,0.22
2530.6,0.21
2533.6,0.21
2536.5,0.22
2539.4,0.22
2542.3,0.22
2545.3,0.21
2548.4,0.20
2551.5,0.20
2554.4,0.22
2557.4,0.21
2560.3,0.22
2563.3,0.21
2566.3,0.21
2569.2,0.22
2572.1,0.22
2575.0,0.22
2577.9,0.22
2580.9,0.21
2583.8,0.22
2586.7,0.22
2589.5,0.22
2592.2,0.23
2595.1,0.22
2598.0,0.22
2601.0,0.21
2604.0,0.21
2607.0,0.21
2610.0,0.21
2613.0,0.21
2616.1,0.20
2619.2,0.20
2622.2,0.21
2625.2,0.21
2628.1,0.22
2631.0,0.22
2633.8,0.22
2636.7,0.22
2639.6,0.22
2642.5,0.22
2645.4,0.22
2648.3,0.22
2651.2,0.22
2654.2,0.21
2657.2,0.21
2660.4,0.20
2663.7,0.19
2666.8,0.20
2669.7,0.22
2672.7,0.21
2675.6,0.22
2678.6,0.21
2681.5,0.22
2684.4,0.22
2687.3,0.22
2690.2,0.22
2693.0,0.22
2695.8,0.22
2698.6,0.22
2701.6,0.21
2704.6,0.21
2707.7,0.20
2710.7,0.21
2713.7,0.21
2716.8,0.20
2719.8,0.21
2722.8,0.21
2726.0,0.20
2729.2,0.20
2732.4,0.20
2735.5,0.20
2738.7,0.20
2741.9,0.20
2745.1,0.20
2748.2,0.20
2751.2,0.21
2754.2,0.21
2757.1,0.22
2760.1,0.21
2763.1,0.21
2767.5,0.14
2773.3,0.11
2778.8,0.11
2783.5,0.13
2787.7,0.15
2792.1,0.14
2796.9,0.13
2801.0,0.15
2804.9,0.16
2809.2,0.15
2813.8,0.14
2818.1,0.15
2821.6,0.18
2824.7,0.20
2827.8,0.20
2830.8,0.21
2833.7,0.22
2836.6,0.22
2839.6,0.21
2842.6,0.21
2845.9,0.19
2849.6,0.17
2853.2,0.17
2856.6,0.18
2860.0,0.18
2863.3,0.19
2866.6,0.19
2870.0,0.18
2873.1,0.20
2876.0,0.22
2879.1,0.20
2882.1,0.21
2885.1,0.21
2888.0,0.22
2891.1,0.20
2894.1,0.21
2897.1,0.21
2900.1,0.21
2903.2,0.20
2906.3,0.20
2909.5,0.20
2912.5,0.21
2915.5,0.21
2918.5,0.21
2921.5,0.21
2924.5,0.21
2927.6,0.20
2930.6,0.21
2933.7,0.20
2936.8,0.20
2940.0,0.20
2943.2,0.20
2946.4,0.20
2949.6,0.20
2952.9,0.19
2956.1,0.20
2959.3,0.20
2962.6,0.19
2965.8,0.20
2969.1,0.19
2972.4,0.19
2975.7,0.19
2979.2,0.18
2982.7,0.18
2986.0,0.19
2989.3,0.19
2992.6,0.19
2995.9,0.19
2999.2,0.19
3002.3,0.20
3005.6,0.19
3008.8,0.20
3012.1,0.19
3015.3,0.20
3018.7,0.18
3022.1,0.18
3025.4,0.19
3028.7,0.19
3031.9,0.20
3035.1,0.20
3038.3,0.20
3041.4,0.20
3044.6,0.20
3047.7,0.20
3050.8,0.20
3053.8,0.21
3057.0,0.20
3060.3,0.19
3063.6,0.19
3066.8,0.20
3069.8,0.21
3072.9,0.20
3076.0,0.20
3079.1,0.20
3082.4,0.19
3085.6,0.20
3088.8,0.20
3091.8,0.21
3094.8,0.21
3097.8,0.21
3100.8,0.21
3104.0,0.20
3107.2,0.20
3110.6,0.18
3114.0,0.18
3117.4,0.18
3120.8,0.18
3124.2,0.18
3127.7,0.18
3131.1,0.18
3134.4,0.19
3137.8,0.18
3141.2,0.18
3144.5,0.19
3147.7,0.20
3151.0,0.19
3154.4,0.18
3157.8,0.18
3161.3,0.18
3164.6,0.19
3168.5,0.16
3173.3,0.13
3177.8,0.14
3182.9,0.12
3187.9,0.13
3192.2,0.15
3196.3,0.15
3200.3,0.16
3204.4,0.15
3208.6,0.15
3212.8,0.15
3217.4,0.14
3222.1,0.13
3226.8,0.13
3231.1,0.15
3235.7,0.14
3239.8,0.15
3243.7,0.16
3247.2,0.18
3250.3,0.20
3253.2,0.22
3256.0,0.22
3258.9,0.22
3261.9,0.21
3264.8,0.22
3267.7,0.22
3270.8,0.20
3273.7,0.22
3276.7,0.21
3279.7,0.21
3282.7,0.21
3285.7,0.21
3288.7,0.21
3291.7,0.21
3294.6,0.22
3297.6,0.21
3300.5,0.22
3303.5,0.21
3306.6,0.20
3309.8,0.20
3313.0,0.20
3316.2,0.20
3319.2,0.21
3322.4,0.20
3325.6,0.20
3328.9,0.19
3332.2,0.19
3335.4,0.20
3338.4,0.21
3341.5,0.20
3344.5,0.21
3347.6,0.20
3350.7,0.20
3353.7,0.21
3356.8,0.20
3360.1,0.19
3363.5,0.18
3367.0,0.18
3370.5,0.18
3374.1,0.17
3377.7,0.17
3381.2,0.18
3384.6,0.18
3387.9,0.19
3391.2,0.19
3394.3,0.20
3397.4,0.20
3400.5,0.20
3403.7,0.20
3407.0,0.19
3410.2,0.20
3413.4,0.20
3416.7,0.19
3419.9,0.20
3423.0,0.20
3426.1,0.20
3429.2,0.20
3432.6,0.18
3435.8,0.20
3439.1,0.19
3442.2,0.20
3445.4,0.20
3448.5,0.20
3451.6,0.20
3454.7,0.20
3457.9,0.20
3461.1,0.20
3464.2,0.20
3467.4,0.20
3470.5,0.20
3473.7,0.20
3478.6,0.13
3491.6,0.11
3496.4,0.13
3500.5,0.15
3504.3,0.17
3508.0,0.17
3512.0,0.16
3516.0,0.16
3519.9,0.16
3523.9,0.16
3527.8,0.16
3531.8,0.16
3535.7,0.16
3539.6,0.16
3543.4,0.17
3547.3,0.16
3551.3,0.16
3555.4,0.15
3559.5,0.15
3563.6,0.15
3568.0,0.14
3572.3,0.15
3576.9,0.14
3582.0,0.12
3586.6,0.14
3591.4,0.13
3595.6,0.15
0.0,0.00
