5.5,0.13
10.5,0.13
15.6,0.12
20.9,0.12
25.9,0.13
30.4,0.14
34.5,0.15
38.5,0.16
42.7,0.15
46.8,0.15
50.8,0.16
54.6,0.17
58.4,0.17
62.0,0.17
65.1,0.20
68.3,0.20
71.6,0.19
75.0,0.18
78.0,0.21
80.9,0.22
83.8,0.22
86.5,0.23
89.2,0.23
91.8,0.24
94.5,0.23
97.5,0.21
100.7,0.20
104.2,0.18
108.0,0.17
111.8,0.17
115.7,0.16
120.1,0.14
124.6,0.14
129.2,0.14
133.8,0.14
138.7,0.13
143.5,0.13
147.9,0.14
151.9,0.16
155.9,0.16
159.9,0.16
164.0,0.15
167.8,0.17
171.6,0.17
175.6,0.16
179.8,0.15
184.6,0.13
189.3,0.13
193.9,0.14
198.7,0.13
203.5,0.13
208.3,0.13
213.5,0.12
218.7,0.12
224.0,0.12
229.6,0.11
235.0,0.12
249.1,0.09
255.3,0.10
261.8,0.10
268.4,0.10
274.6,0.10
281.1,0.10
286.5,0.12
289.8,0.19
293.0,0.20
296.5,0.18
301.3,0.13
306.0,0.13
310.4,0.14
314.6,0.15
318.2,0.17
321.8,0.17
325.1,0.19
328.2,0.20
331.4,0.20
334.6,0.20
337.5,0.22
340.5,0.21
343.7,0.20
347.3,0.17
351.8,0.14
357.0,0.12
361.6,0.14
366.0,0.14
370.2,0.15
374.1,0.16
377.8,0.17
381.5,0.17
385.1,0.17
388.1,0.21
391.0,0.22
393.9,0.22
396.8,0.22
399.8,0.21
402.9,0.20
406.4,0.18
410.2,0.17
414.4,0.15
419.2,0.13
424.0,0.13
429.1,0.12
434.6,0.11
440.6,0.10
446.7,0.10
453.4,0.09
459.8,0.10
466.6,0.09
472.7,0.10
479.5,0.09
486.3,0.09
492.3,0.10
497.7,0.12
503.8,0.10
510.1,0.10
516.5,0.10
523.3,0.09
529.5,0.10
535.5,0.10
541.2,0.11
546.6,0.12
551.9,0.12
557.3,0.12
563.1,0.11
568.8,0.11
574.5,0.11
580.0,0.11
585.9,0.11
592.2,0.10
598.3,0.10
604.6,0.10
611.3,0.09
616.9,0.11
622.0,0.12
626.9,0.13
631.6,0.13
636.8,0.12
641.9,0.12
647.3,0.12
652.4,0.12
657.4,0.13
662.3,0.13
667.3,0.13
672.3,0.13
676.9,0.14
680.5,0.17
683.6,0.20
686.6,0.21
689.4,0.22
691.7,0.27
694.2,0.25
696.8,0.24
699.7,0.22
702.8,0.20
706.1,0.19
709.7,0.17
713.5,0.17
717.8,0.15
722.5,0.13
727.1,0.14
731.8,0.13
736.0,0.15
739.5,0.18
742.5,0.21
745.4,0.22
748.1,0.23
750.9,0.22
753.6,0.23
756.4,0.22
759.4,0.21
762.4,0.21
765.5,0.20
769.0,0.18
772.8,0.17
776.8,0.16
781.0,0.15
785.8,0.13
791.3,0.11
796.8,0.11
802.3,0.11
807.6,0.12
812.5,0.13
817.7,0.12
824.1,0.10
830.2,0.10
836.1,0.11
841.8,0.11
847.3,0.11
852.5,0.12
857.6,0.12
862.6,0.13
867.5,0.13
872.5,0.13
877.4,0.13
882.5,0.12
887.8,0.12
893.5,0.11
899.1,0.11
904.0,0.13
909.0,0.13
914.2,0.12
919.5,0.12
924.7,0.12
929.5,0.13
934.6,0.12
939.8,0.12
945.4,0.11
951.0,0.11
956.7,0.11
961.9,0.12
966.8,0.13
971.5,0.13
976.5,0.13
981.4,0.13
986.4,0.13
991.4,0.13
996.8,0.12
1002.5,0.11
1008.8,0.10
1015.0,0.10
1020.9,0.11
1026.7,0.11
1032.1,0.12
1037.5,0.12
1043.6,0.10
1049.7,0.10
1054.8,0.12
1058.5,0.17
1062.0,0.18
1065.6,0.17
1069.3,0.17
1073.2,0.16
1077.0,0.17
1080.9,0.16
1084.9,0.16
1089.0,0.15
1093.1,0.15
1097.2,0.15
1101.3,0.15
1105.3,0.16
1109.3,0.16
1113.8,0.14
1118.1,0.15
1121.5,0.18
1124.8,0.19
1128.2,0.18
1132.0,0.17
1135.5,0.18
1138.7,0.20
1141.6,0.22
1144.2,0.24
1146.9,0.23
1149.5,0.24
1152.2,0.23
1155.0,0.22
1157.7,0.23
1160.3,0.24
1163.1,0.22
1166.0,0.22
1169.3,0.19
1172.7,0.18
1176.3,0.17
1180.2,0.16
1184.4,0.15
1188.9,0.14
1193.6,0.13
1198.3,0.13
1203.0,0.13
1207.6,0.14
1212.4,0.13
1217.5,0.12
1222.7,0.12
1227.7,0.13
1232.5,0.13
1237.4,0.13
1242.5,0.12
1247.7,0.12
1253.0,0.12
1258.6,0.11
1264.3,0.11
1269.7,0.12
1275.1,0.12
1280.3,0.12
1285.6,0.12
1290.7,0.12
1295.7,0.13
1300.8,0.12
1306.1,0.12
1311.2,0.12
1315.9,0.13
1320.7,0.13
1325.8,0.12
1331.0,0.12
1336.3,0.12
1341.5,0.12
1346.7,0.12
1352.0,0.12
1357.3,0.12
1362.5,0.12
1368.1,0.11
1373.9,0.11
1380.1,0.10
1386.7,0.10
1392.2,0.11
1397.4,0.12
1402.7,0.12
1407.8,0.12
1412.8,0.13
1417.7,0.13
1422.5,0.13
1427.2,0.13
1431.6,0.14
1436.1,0.14
1440.6,0.14
1445.2,0.14
1450.0,0.13
1454.8,0.13
1459.7,0.13
1464.5,0.13
1469.1,0.14
1473.9,0.13
1478.7,0.13
1482.4,0.17
1485.3,0.22
1488.2,0.22
1490.9,0.23
1493.5,0.24
1496.2,0.23
1498.8,0.24
1501.5,0.23
1504.3,0.22
1507.2,0.22
1510.1,0.22
1513.2,0.20
1516.2,0.21
1518.5,0.27
1520.6,0.30
1522.8,0.29
1525.2,0.26
1527.8,0.24
1530.7,0.22
1534.0,0.19
1537.4,0.18
1541.1,0.17
1544.8,0.17
1548.1,0.19
1551.2,0.20
1554.2,0.21
1557.3,0.20
1560.5,0.20
1563.7,0.20
1567.1,0.18
1570.5,0.18
1574.3,0.17
1578.4,0.15
1582.5,0.15
1586.5,0.16
1590.7,0.15
1595.0,0.15
1599.7,0.13
1604.6,0.13
1609.9,0.12
1615.1,0.12
1620.2,0.12
1625.7,0.11
1631.4,0.11
1636.6,0.12
1642.0,0.12
1647.1,0.12
1651.9,0.13
1656.7,0.13
1661.5,0.13
1666.4,0.13
1671.8,0.12
1677.2,0.12
1682.5,0.12
1687.9,0.12
1693.4,0.11
1699.0,0.11
1704.3,0.12
1709.9,0.11
1715.5,0.11
1721.1,0.11
1726.6,0.11
1731.9,0.12
1736.7,0.13
1741.7,0.13
1747.0,0.12
1752.1,0.12
1757.7,0.11
1763.3,0.11
1768.8,0.11
1774.3,0.11
1780.7,0.10
1786.4,0.11
1792.1,0.11
0.0,0.00
